# photon energy(Ry), cross section(Mb)
1.773763E+00  7.358E+00
1.775763E+00  7.345E+00
1.777763E+00  7.333E+00
1.779763E+00  7.320E+00
1.781763E+00  7.308E+00
1.783763E+00  7.295E+00
1.785763E+00  7.283E+00
1.787763E+00  7.271E+00
1.789763E+00  7.259E+00
1.791763E+00  7.246E+00
1.793763E+00  7.234E+00
1.795763E+00  7.222E+00
1.797763E+00  7.210E+00
1.799763E+00  7.198E+00
1.801763E+00  7.186E+00
1.803763E+00  7.174E+00
1.805763E+00  7.163E+00
1.807763E+00  7.151E+00
1.809763E+00  7.139E+00
1.811763E+00  7.127E+00
1.813763E+00  7.115E+00
1.815763E+00  7.104E+00
1.817763E+00  7.092E+00
1.819763E+00  7.080E+00
1.821763E+00  7.069E+00
1.823763E+00  7.057E+00
1.825763E+00  7.046E+00
1.827763E+00  7.034E+00
1.829763E+00  7.023E+00
1.831763E+00  7.011E+00
1.833763E+00  7.000E+00
1.835763E+00  6.989E+00
1.837763E+00  6.978E+00
1.839763E+00  6.967E+00
1.841763E+00  6.956E+00
1.843763E+00  6.945E+00
1.845763E+00  6.934E+00
1.847763E+00  6.923E+00
1.849763E+00  6.912E+00
1.851763E+00  6.901E+00
1.853763E+00  6.891E+00
1.855763E+00  6.880E+00
1.857763E+00  6.870E+00
1.859763E+00  6.859E+00
1.861763E+00  6.849E+00
1.863763E+00  6.838E+00
1.865763E+00  6.828E+00
1.867763E+00  6.817E+00
1.869763E+00  6.807E+00
1.871763E+00  6.797E+00
1.873763E+00  6.786E+00
1.875763E+00  6.776E+00
1.877763E+00  6.766E+00
1.879763E+00  6.755E+00
1.881763E+00  6.745E+00
1.883763E+00  6.735E+00
1.885763E+00  6.724E+00
1.887763E+00  6.714E+00
1.889763E+00  6.704E+00
1.891763E+00  6.693E+00
1.893763E+00  6.683E+00
1.895763E+00  6.673E+00
1.897763E+00  6.662E+00
1.899763E+00  6.652E+00
1.901763E+00  6.641E+00
1.903763E+00  6.631E+00
1.905763E+00  6.620E+00
1.907763E+00  6.610E+00
1.909763E+00  6.599E+00
1.911763E+00  6.588E+00
1.913763E+00  6.578E+00
1.915763E+00  6.567E+00
1.917763E+00  6.556E+00
1.919763E+00  6.546E+00
1.921763E+00  6.535E+00
1.923763E+00  6.524E+00
1.925763E+00  6.513E+00
1.927763E+00  6.502E+00
1.929763E+00  6.491E+00
1.931763E+00  6.481E+00
1.933763E+00  6.470E+00
1.935763E+00  6.459E+00
1.937763E+00  6.448E+00
1.939763E+00  6.437E+00
1.941763E+00  6.426E+00
1.943763E+00  6.415E+00
1.945763E+00  6.404E+00
1.947763E+00  6.393E+00
1.949763E+00  6.382E+00
1.951763E+00  6.371E+00
1.953763E+00  6.360E+00
1.955763E+00  6.349E+00
1.957763E+00  6.338E+00
1.959763E+00  6.327E+00
1.961763E+00  6.316E+00
1.963763E+00  6.305E+00
1.965763E+00  6.295E+00
1.967763E+00  6.284E+00
1.969763E+00  6.273E+00
1.971763E+00  6.262E+00
1.973763E+00  6.252E+00
1.975763E+00  6.241E+00
1.977763E+00  6.231E+00
1.979763E+00  6.220E+00
1.981763E+00  6.210E+00
1.983763E+00  6.199E+00
1.985763E+00  6.189E+00
1.987763E+00  6.179E+00
1.989763E+00  6.169E+00
1.991763E+00  6.159E+00
1.993763E+00  6.149E+00
1.995763E+00  6.139E+00
1.997763E+00  6.129E+00
1.999763E+00  6.119E+00
2.001763E+00  6.109E+00
2.003763E+00  6.100E+00
2.005763E+00  6.090E+00
2.007763E+00  6.080E+00
2.009763E+00  6.071E+00
2.011763E+00  6.061E+00
2.013763E+00  6.052E+00
2.015763E+00  6.043E+00
2.017763E+00  6.034E+00
2.019763E+00  6.025E+00
2.021763E+00  6.015E+00
2.023763E+00  6.006E+00
2.025763E+00  5.997E+00
2.027763E+00  5.989E+00
2.029763E+00  5.980E+00
2.031763E+00  5.971E+00
2.033763E+00  5.962E+00
2.035763E+00  5.953E+00
2.037763E+00  5.945E+00
2.039763E+00  5.936E+00
2.041763E+00  5.928E+00
2.043763E+00  5.919E+00
2.045763E+00  5.911E+00
2.047763E+00  5.902E+00
2.049763E+00  5.894E+00
2.051763E+00  5.885E+00
2.053763E+00  5.877E+00
2.055763E+00  5.869E+00
2.057763E+00  5.860E+00
2.059763E+00  5.852E+00
2.061763E+00  5.844E+00
2.063763E+00  5.835E+00
2.065763E+00  5.827E+00
2.067763E+00  5.819E+00
2.069763E+00  5.810E+00
2.071763E+00  5.802E+00
2.073763E+00  5.794E+00
2.075763E+00  5.785E+00
2.077763E+00  5.777E+00
2.079763E+00  5.769E+00
2.081763E+00  5.760E+00
2.083763E+00  5.752E+00
2.085763E+00  5.744E+00
2.087763E+00  5.735E+00
2.089763E+00  5.727E+00
2.091763E+00  5.718E+00
2.093763E+00  5.710E+00
2.095763E+00  5.701E+00
2.097763E+00  5.693E+00
2.099763E+00  5.684E+00
2.101763E+00  5.676E+00
2.103763E+00  5.667E+00
2.105763E+00  5.658E+00
2.107763E+00  5.650E+00
2.109763E+00  5.641E+00
2.111763E+00  5.632E+00
2.113763E+00  5.624E+00
2.115763E+00  5.615E+00
2.117763E+00  5.606E+00
2.119763E+00  5.597E+00
2.121763E+00  5.588E+00
2.123763E+00  5.579E+00
2.125763E+00  5.571E+00
2.127763E+00  5.562E+00
2.129763E+00  5.553E+00
2.131763E+00  5.544E+00
2.133763E+00  5.535E+00
2.135763E+00  5.526E+00
2.137763E+00  5.517E+00
2.139763E+00  5.508E+00
2.141763E+00  5.499E+00
2.143763E+00  5.490E+00
2.145763E+00  5.480E+00
2.147763E+00  5.471E+00
2.149763E+00  5.462E+00
2.151763E+00  5.453E+00
2.153763E+00  5.444E+00
2.155763E+00  5.435E+00
2.157763E+00  5.426E+00
2.159763E+00  5.417E+00
2.161763E+00  5.408E+00
2.163763E+00  5.398E+00
2.165763E+00  5.389E+00
2.167763E+00  5.380E+00
2.169763E+00  5.371E+00
2.171763E+00  5.362E+00
2.173763E+00  5.353E+00
2.175763E+00  5.344E+00
2.177763E+00  5.335E+00
2.179763E+00  5.326E+00
2.181763E+00  5.317E+00
2.183763E+00  5.308E+00
2.185763E+00  5.299E+00
2.187763E+00  5.290E+00
2.189763E+00  5.281E+00
2.191763E+00  5.273E+00
2.193763E+00  5.264E+00
2.195763E+00  5.255E+00
2.197763E+00  5.246E+00
2.199763E+00  5.238E+00
2.201763E+00  5.229E+00
2.203763E+00  5.220E+00
2.205763E+00  5.212E+00
2.207763E+00  5.203E+00
2.209763E+00  5.195E+00
2.211763E+00  5.186E+00
2.213763E+00  5.178E+00
2.215763E+00  5.170E+00
2.217763E+00  5.161E+00
2.219763E+00  5.153E+00
2.221763E+00  5.145E+00
2.223763E+00  5.137E+00
2.225763E+00  5.129E+00
2.227763E+00  5.121E+00
2.229763E+00  5.113E+00
2.231763E+00  5.105E+00
2.233763E+00  5.097E+00
2.235763E+00  5.089E+00
2.237763E+00  5.081E+00
2.239763E+00  5.074E+00
2.241763E+00  5.066E+00
2.243763E+00  5.058E+00
2.245763E+00  5.051E+00
2.247763E+00  5.043E+00
2.249763E+00  5.036E+00
2.251763E+00  5.029E+00
2.253763E+00  5.021E+00
2.255763E+00  5.014E+00
2.257763E+00  5.007E+00
2.259763E+00  4.999E+00
2.261763E+00  4.992E+00
2.263763E+00  4.985E+00
2.265763E+00  4.978E+00
2.267763E+00  4.971E+00
2.269763E+00  4.964E+00
2.271763E+00  4.957E+00
2.273763E+00  4.950E+00
2.275763E+00  4.943E+00
2.277763E+00  4.936E+00
2.279763E+00  4.929E+00
2.281763E+00  4.923E+00
2.283763E+00  4.916E+00
2.285763E+00  4.909E+00
2.287763E+00  4.902E+00
2.289763E+00  4.896E+00
2.291763E+00  4.889E+00
2.293763E+00  4.882E+00
2.295763E+00  4.876E+00
2.297763E+00  4.869E+00
2.299763E+00  4.863E+00
2.301763E+00  4.856E+00
2.303763E+00  4.850E+00
2.305763E+00  4.843E+00
2.307763E+00  4.837E+00
2.309763E+00  4.830E+00
2.311763E+00  4.824E+00
2.313763E+00  4.817E+00
2.315763E+00  4.811E+00
2.317763E+00  4.804E+00
2.319763E+00  4.798E+00
2.321763E+00  4.791E+00
2.323763E+00  4.785E+00
2.325763E+00  4.778E+00
2.327763E+00  4.772E+00
2.329763E+00  4.765E+00
2.331763E+00  4.759E+00
2.333763E+00  4.752E+00
2.335763E+00  4.746E+00
2.337763E+00  4.739E+00
2.339763E+00  4.733E+00
2.341763E+00  4.726E+00
2.343763E+00  4.720E+00
2.345763E+00  4.713E+00
2.347763E+00  4.707E+00
2.349763E+00  4.700E+00
2.351763E+00  4.694E+00
2.353763E+00  4.687E+00
2.355763E+00  4.681E+00
2.357763E+00  4.674E+00
2.359763E+00  4.667E+00
2.361763E+00  4.661E+00
2.363763E+00  4.654E+00
2.365763E+00  4.647E+00
2.367763E+00  4.641E+00
2.369763E+00  4.634E+00
2.371763E+00  4.627E+00
2.373763E+00  4.620E+00
2.375763E+00  4.614E+00
2.377763E+00  4.607E+00
2.379763E+00  4.600E+00
2.381763E+00  4.593E+00
2.383763E+00  4.586E+00
2.385763E+00  4.580E+00
2.387763E+00  4.573E+00
2.389763E+00  4.566E+00
2.391763E+00  4.559E+00
2.393763E+00  4.552E+00
2.395763E+00  4.545E+00
2.397763E+00  4.538E+00
2.399763E+00  4.531E+00
2.401763E+00  4.524E+00
2.403763E+00  4.517E+00
2.405763E+00  4.510E+00
2.407763E+00  4.503E+00
2.409763E+00  4.496E+00
2.411763E+00  4.489E+00
2.413763E+00  4.482E+00
2.415763E+00  4.475E+00
2.417763E+00  4.468E+00
2.419763E+00  4.461E+00
2.421763E+00  4.454E+00
2.423763E+00  4.447E+00
2.425763E+00  4.440E+00
2.427763E+00  4.433E+00
2.429763E+00  4.426E+00
2.431763E+00  4.419E+00
2.433763E+00  4.412E+00
2.435763E+00  4.404E+00
2.437763E+00  4.397E+00
2.439763E+00  4.390E+00
2.441763E+00  4.383E+00
2.443763E+00  4.376E+00
2.445763E+00  4.369E+00
2.447763E+00  4.362E+00
2.449763E+00  4.355E+00
2.451763E+00  4.348E+00
2.453763E+00  4.341E+00
2.455763E+00  4.334E+00
2.457763E+00  4.327E+00
2.459763E+00  4.320E+00
2.461763E+00  4.314E+00
2.463763E+00  4.307E+00
2.465763E+00  4.300E+00
2.467763E+00  4.293E+00
2.469763E+00  4.286E+00
2.471763E+00  4.279E+00
2.473763E+00  4.272E+00
2.475763E+00  4.266E+00
2.477763E+00  4.259E+00
2.479763E+00  4.252E+00
2.481763E+00  4.245E+00
2.483763E+00  4.239E+00
2.485763E+00  4.232E+00
2.487763E+00  4.226E+00
2.489763E+00  4.219E+00
2.491763E+00  4.212E+00
2.493763E+00  4.206E+00
2.495763E+00  4.199E+00
2.497763E+00  4.193E+00
2.499763E+00  4.187E+00
2.501763E+00  4.180E+00
2.503763E+00  4.174E+00
2.505763E+00  4.167E+00
2.507763E+00  4.161E+00
2.509763E+00  4.155E+00
2.511763E+00  4.149E+00
2.513763E+00  4.142E+00
2.515763E+00  4.136E+00
2.517763E+00  4.130E+00
2.519763E+00  4.124E+00
2.521763E+00  4.118E+00
2.523763E+00  4.112E+00
2.525763E+00  4.106E+00
2.527763E+00  4.100E+00
2.529763E+00  4.094E+00
2.531763E+00  4.088E+00
2.533763E+00  4.082E+00
2.535763E+00  4.077E+00
2.537763E+00  4.071E+00
2.539763E+00  4.065E+00
2.541763E+00  4.059E+00
2.543763E+00  4.054E+00
2.545763E+00  4.048E+00
2.547763E+00  4.043E+00
2.549763E+00  4.037E+00
2.551763E+00  4.031E+00
2.553763E+00  4.026E+00
2.555763E+00  4.021E+00
2.557763E+00  4.015E+00
2.559763E+00  4.010E+00
2.561763E+00  4.004E+00
2.563763E+00  3.999E+00
2.565763E+00  3.994E+00
2.567763E+00  3.988E+00
2.569763E+00  3.983E+00
2.571763E+00  3.978E+00
2.573763E+00  3.973E+00
2.575763E+00  3.968E+00
2.577763E+00  3.962E+00
2.579763E+00  3.957E+00
2.581763E+00  3.952E+00
2.583763E+00  3.947E+00
2.585763E+00  3.942E+00
2.587763E+00  3.937E+00
2.589763E+00  3.932E+00
2.591763E+00  3.927E+00
2.593763E+00  3.922E+00
2.595763E+00  3.917E+00
2.597763E+00  3.912E+00
2.599763E+00  3.907E+00
2.601763E+00  3.902E+00
2.603763E+00  3.897E+00
2.605763E+00  3.893E+00
2.607763E+00  3.888E+00
2.609763E+00  3.883E+00
2.611763E+00  3.878E+00
2.613763E+00  3.873E+00
2.615763E+00  3.868E+00
2.617763E+00  3.864E+00
2.619763E+00  3.859E+00
2.621763E+00  3.854E+00
2.623763E+00  3.849E+00
2.625763E+00  3.844E+00
2.627763E+00  3.840E+00
2.629763E+00  3.835E+00
2.631763E+00  3.830E+00
2.633763E+00  3.825E+00
2.635763E+00  3.821E+00
2.637763E+00  3.816E+00
2.639763E+00  3.811E+00
2.641763E+00  3.806E+00
2.643763E+00  3.802E+00
2.645763E+00  3.797E+00
2.647763E+00  3.792E+00
2.649763E+00  3.787E+00
2.651763E+00  3.782E+00
2.653763E+00  3.778E+00
2.655763E+00  3.773E+00
2.657763E+00  3.768E+00
2.659763E+00  3.763E+00
2.661763E+00  3.759E+00
2.663763E+00  3.754E+00
2.665763E+00  3.749E+00
2.667763E+00  3.744E+00
2.669763E+00  3.739E+00
2.671763E+00  3.734E+00
2.673763E+00  3.730E+00
2.675763E+00  3.725E+00
2.677763E+00  3.720E+00
2.679763E+00  3.715E+00
2.681763E+00  3.710E+00
2.683763E+00  3.705E+00
2.685763E+00  3.700E+00
2.687763E+00  3.695E+00
2.689763E+00  3.690E+00
2.691763E+00  3.686E+00
2.693763E+00  3.681E+00
2.695763E+00  3.676E+00
2.697763E+00  3.671E+00
2.699763E+00  3.666E+00
2.701763E+00  3.661E+00
2.703763E+00  3.656E+00
2.705763E+00  3.651E+00
2.707763E+00  3.646E+00
2.709763E+00  3.641E+00
2.711763E+00  3.636E+00
2.713763E+00  3.631E+00
2.715763E+00  3.625E+00
2.717763E+00  3.620E+00
2.719763E+00  3.615E+00
2.721763E+00  3.610E+00
2.723763E+00  3.605E+00
2.725763E+00  3.600E+00
2.727763E+00  3.595E+00
2.729763E+00  3.590E+00
2.731763E+00  3.585E+00
2.733763E+00  3.579E+00
2.735763E+00  3.574E+00
2.737763E+00  3.569E+00
2.739763E+00  3.564E+00
2.741763E+00  3.559E+00
2.743763E+00  3.554E+00
2.745763E+00  3.548E+00
2.747763E+00  3.543E+00
2.749763E+00  3.538E+00
2.751763E+00  3.533E+00
2.753763E+00  3.528E+00
2.755763E+00  3.523E+00
2.757763E+00  3.517E+00
2.759763E+00  3.512E+00
2.761763E+00  3.507E+00
2.763763E+00  3.502E+00
2.765763E+00  3.497E+00
2.767763E+00  3.491E+00
2.769763E+00  3.486E+00
2.771763E+00  3.481E+00
2.773763E+00  3.476E+00
2.775763E+00  3.471E+00
2.777763E+00  3.465E+00
2.779763E+00  3.460E+00
2.781763E+00  3.455E+00
2.783763E+00  3.450E+00
2.785763E+00  3.445E+00
2.787763E+00  3.440E+00
2.789763E+00  3.434E+00
2.791763E+00  3.429E+00
2.793763E+00  3.424E+00
2.795763E+00  3.419E+00
2.797763E+00  3.414E+00
2.799763E+00  3.409E+00
2.801763E+00  3.404E+00
2.803763E+00  3.399E+00
2.805763E+00  3.394E+00
2.807763E+00  3.389E+00
2.809763E+00  3.384E+00
2.811763E+00  3.379E+00
2.813763E+00  3.374E+00
2.815763E+00  3.369E+00
2.817763E+00  3.364E+00
2.819763E+00  3.359E+00
2.821763E+00  3.354E+00
2.823763E+00  3.349E+00
2.825763E+00  3.344E+00
2.827763E+00  3.339E+00
2.829763E+00  3.334E+00
2.831763E+00  3.329E+00
2.833763E+00  3.324E+00
2.835763E+00  3.320E+00
2.837763E+00  3.315E+00
2.839763E+00  3.310E+00
2.841763E+00  3.305E+00
2.843763E+00  3.301E+00
2.845763E+00  3.296E+00
2.847763E+00  3.291E+00
2.849763E+00  3.287E+00
2.851763E+00  3.282E+00
2.853763E+00  3.277E+00
2.855763E+00  3.273E+00
2.857763E+00  3.268E+00
2.859763E+00  3.264E+00
2.861763E+00  3.259E+00
2.863763E+00  3.255E+00
2.865763E+00  3.250E+00
2.867763E+00  3.246E+00
2.869763E+00  3.241E+00
2.871763E+00  3.237E+00
2.873763E+00  3.232E+00
2.875763E+00  3.228E+00
2.877763E+00  3.224E+00
2.879763E+00  3.219E+00
2.881763E+00  3.215E+00
2.883763E+00  3.211E+00
2.885763E+00  3.207E+00
2.887763E+00  3.202E+00
2.889763E+00  3.198E+00
2.891763E+00  3.194E+00
2.893763E+00  3.190E+00
2.895763E+00  3.186E+00
2.897763E+00  3.182E+00
2.899763E+00  3.177E+00
2.901763E+00  3.173E+00
2.903763E+00  3.169E+00
2.905763E+00  3.165E+00
2.907763E+00  3.161E+00
2.909763E+00  3.157E+00
2.911763E+00  3.153E+00
2.913763E+00  3.150E+00
2.915763E+00  3.146E+00
2.917763E+00  3.142E+00
2.919763E+00  3.138E+00
2.921763E+00  3.134E+00
2.923763E+00  3.130E+00
2.925763E+00  3.126E+00
2.927763E+00  3.123E+00
2.929763E+00  3.119E+00
2.931763E+00  3.115E+00
2.933763E+00  3.111E+00
2.935763E+00  3.108E+00
2.937763E+00  3.104E+00
2.939763E+00  3.100E+00
2.941763E+00  3.097E+00
2.943763E+00  3.093E+00
2.945763E+00  3.090E+00
2.947763E+00  3.086E+00
2.949763E+00  3.082E+00
2.951763E+00  3.079E+00
2.953763E+00  3.075E+00
2.955763E+00  3.072E+00
2.957763E+00  3.068E+00
2.959763E+00  3.065E+00
2.961763E+00  3.061E+00
2.963763E+00  3.058E+00
2.965763E+00  3.054E+00
2.967763E+00  3.051E+00
2.969763E+00  3.047E+00
2.971763E+00  3.044E+00
2.973763E+00  3.040E+00
2.975763E+00  3.037E+00
2.977763E+00  3.033E+00
2.979763E+00  3.030E+00
2.981763E+00  3.027E+00
2.983763E+00  3.023E+00
2.985763E+00  3.020E+00
2.987763E+00  3.016E+00
2.989763E+00  3.013E+00
2.991763E+00  3.010E+00
2.993763E+00  3.006E+00
2.995763E+00  3.003E+00
2.997763E+00  2.999E+00
2.999763E+00  2.996E+00
3.001763E+00  2.993E+00
3.003763E+00  2.989E+00
3.005763E+00  2.986E+00
3.007763E+00  2.983E+00
3.009763E+00  2.979E+00
3.011763E+00  2.976E+00
3.013763E+00  2.973E+00
3.015763E+00  2.969E+00
3.017763E+00  2.966E+00
3.019763E+00  2.963E+00
3.021763E+00  2.959E+00
3.023763E+00  2.956E+00
3.025763E+00  2.952E+00
3.027763E+00  2.949E+00
3.029763E+00  2.946E+00
3.031763E+00  2.942E+00
3.033763E+00  2.939E+00
3.035763E+00  2.936E+00
3.037763E+00  2.932E+00
3.039763E+00  2.929E+00
3.041763E+00  2.925E+00
3.043763E+00  2.922E+00
3.045763E+00  2.919E+00
3.047763E+00  2.915E+00
3.049763E+00  2.912E+00
3.051763E+00  2.908E+00
3.053763E+00  2.905E+00
3.055763E+00  2.902E+00
3.057763E+00  2.898E+00
3.059763E+00  2.895E+00
3.061763E+00  2.891E+00
3.063763E+00  2.888E+00
3.065763E+00  2.884E+00
3.067763E+00  2.881E+00
3.069763E+00  2.877E+00
3.071763E+00  2.874E+00
3.073763E+00  2.870E+00
3.075763E+00  2.867E+00
3.077763E+00  2.863E+00
3.079763E+00  2.860E+00
3.081763E+00  2.856E+00
3.083763E+00  2.853E+00
3.085763E+00  2.849E+00
3.087763E+00  2.846E+00
3.089763E+00  2.842E+00
3.091763E+00  2.839E+00
3.093763E+00  2.835E+00
3.095763E+00  2.832E+00
3.097763E+00  2.828E+00
3.099763E+00  2.824E+00
3.101763E+00  2.821E+00
3.103763E+00  2.817E+00
3.105763E+00  2.814E+00
3.107763E+00  2.810E+00
3.109763E+00  2.806E+00
3.111763E+00  2.803E+00
3.113763E+00  2.799E+00
3.115763E+00  2.796E+00
3.117763E+00  2.792E+00
3.119763E+00  2.788E+00
3.121763E+00  2.785E+00
3.123763E+00  2.781E+00
3.125763E+00  2.777E+00
3.127763E+00  2.774E+00
3.129763E+00  2.770E+00
3.131763E+00  2.766E+00
3.133763E+00  2.763E+00
3.135763E+00  2.759E+00
3.137763E+00  2.755E+00
3.139763E+00  2.752E+00
3.141763E+00  2.748E+00
3.143763E+00  2.744E+00
3.145763E+00  2.741E+00
3.147763E+00  2.737E+00
3.149763E+00  2.733E+00
3.151763E+00  2.729E+00
3.153763E+00  2.726E+00
3.155763E+00  2.722E+00
3.157763E+00  2.718E+00
3.159763E+00  2.715E+00
3.161763E+00  2.711E+00
3.163763E+00  2.707E+00
3.165763E+00  2.704E+00
3.167763E+00  2.700E+00
3.169763E+00  2.696E+00
3.171763E+00  2.693E+00
3.173763E+00  2.689E+00
3.175763E+00  2.685E+00
3.177763E+00  2.681E+00
3.179763E+00  2.678E+00
3.181763E+00  2.674E+00
3.183763E+00  2.670E+00
3.185763E+00  2.667E+00
3.187763E+00  2.663E+00
3.189763E+00  2.659E+00
3.191763E+00  2.656E+00
3.193763E+00  2.652E+00
3.195763E+00  2.649E+00
3.197763E+00  2.645E+00
3.199763E+00  2.641E+00
3.201763E+00  2.638E+00
3.203763E+00  2.634E+00
3.205763E+00  2.630E+00
3.207763E+00  2.627E+00
3.209763E+00  2.623E+00
3.211763E+00  2.620E+00
3.213763E+00  2.616E+00
3.215763E+00  2.613E+00
3.217763E+00  2.609E+00
3.219763E+00  2.606E+00
3.221763E+00  2.602E+00
3.223763E+00  2.599E+00
3.225763E+00  2.595E+00
3.227763E+00  2.592E+00
3.229763E+00  2.588E+00
3.231763E+00  2.585E+00
3.233763E+00  2.581E+00
3.235763E+00  2.578E+00
3.237763E+00  2.574E+00
3.239763E+00  2.571E+00
3.241763E+00  2.567E+00
3.243763E+00  2.564E+00
3.245763E+00  2.561E+00
3.247763E+00  2.557E+00
3.249763E+00  2.554E+00
3.251763E+00  2.551E+00
3.253763E+00  2.547E+00
3.255763E+00  2.544E+00
3.257763E+00  2.541E+00
3.259763E+00  2.537E+00
3.261763E+00  2.534E+00
3.263763E+00  2.531E+00
3.265763E+00  2.528E+00
3.267763E+00  2.524E+00
3.269763E+00  2.521E+00
3.271763E+00  2.518E+00
3.273763E+00  2.515E+00
3.275763E+00  2.512E+00
3.277763E+00  2.509E+00
3.279763E+00  2.506E+00
3.281763E+00  2.502E+00
3.283763E+00  2.499E+00
3.285763E+00  2.496E+00
3.287763E+00  2.493E+00
3.289763E+00  2.490E+00
3.291763E+00  2.487E+00
3.293763E+00  2.484E+00
3.295763E+00  2.481E+00
3.297763E+00  2.478E+00
3.299763E+00  2.475E+00
3.301763E+00  2.472E+00
3.303763E+00  2.469E+00
3.305763E+00  2.466E+00
3.307763E+00  2.463E+00
3.309763E+00  2.461E+00
3.311763E+00  2.458E+00
3.313763E+00  2.455E+00
3.315763E+00  2.452E+00
3.317763E+00  2.449E+00
3.319763E+00  2.446E+00
3.321763E+00  2.444E+00
3.323763E+00  2.441E+00
3.325763E+00  2.438E+00
3.327763E+00  2.435E+00
3.329763E+00  2.433E+00
3.331763E+00  2.430E+00
3.333763E+00  2.427E+00
3.335763E+00  2.425E+00
3.337763E+00  2.422E+00
3.339763E+00  2.419E+00
3.341763E+00  2.417E+00
3.343763E+00  2.414E+00
3.345763E+00  2.411E+00
3.347763E+00  2.409E+00
3.349763E+00  2.406E+00
3.351763E+00  2.404E+00
3.353763E+00  2.401E+00
3.355763E+00  2.398E+00
3.357763E+00  2.396E+00
3.359763E+00  2.393E+00
3.361763E+00  2.391E+00
3.363763E+00  2.388E+00
3.365763E+00  2.386E+00
3.367763E+00  2.383E+00
3.369763E+00  2.381E+00
3.371763E+00  2.378E+00
3.373763E+00  2.376E+00
3.375763E+00  2.373E+00
3.377763E+00  2.371E+00
3.379763E+00  2.369E+00
3.381763E+00  2.366E+00
3.383763E+00  2.364E+00
3.385763E+00  2.361E+00
3.387763E+00  2.359E+00
3.389763E+00  2.357E+00
3.391763E+00  2.354E+00
3.393763E+00  2.352E+00
3.395763E+00  2.350E+00
3.397763E+00  2.347E+00
3.399763E+00  2.345E+00
3.401763E+00  2.342E+00
3.403763E+00  2.340E+00
3.405763E+00  2.338E+00
3.407763E+00  2.335E+00
3.409763E+00  2.333E+00
3.411763E+00  2.331E+00
3.413763E+00  2.329E+00
3.415763E+00  2.326E+00
3.417763E+00  2.324E+00
3.419763E+00  2.322E+00
3.421763E+00  2.319E+00
3.423763E+00  2.317E+00
3.425763E+00  2.315E+00
3.427763E+00  2.312E+00
3.429763E+00  2.310E+00
3.431763E+00  2.308E+00
3.433763E+00  2.306E+00
3.435763E+00  2.303E+00
3.437763E+00  2.301E+00
3.439763E+00  2.299E+00
3.441763E+00  2.297E+00
3.443763E+00  2.294E+00
3.445763E+00  2.292E+00
3.447763E+00  2.290E+00
3.449763E+00  2.287E+00
3.451763E+00  2.285E+00
3.453763E+00  2.283E+00
3.455763E+00  2.281E+00
3.457763E+00  2.278E+00
3.459763E+00  2.276E+00
3.461763E+00  2.274E+00
3.463763E+00  2.271E+00
3.465763E+00  2.269E+00
3.467763E+00  2.267E+00
3.469763E+00  2.265E+00
3.471763E+00  2.262E+00
3.473763E+00  2.260E+00
3.475763E+00  2.258E+00
3.477763E+00  2.255E+00
3.479763E+00  2.253E+00
3.481763E+00  2.251E+00
3.483763E+00  2.248E+00
3.485763E+00  2.246E+00
3.487763E+00  2.244E+00
3.489763E+00  2.242E+00
3.491763E+00  2.239E+00
3.493763E+00  2.237E+00
3.495763E+00  2.235E+00
3.497763E+00  2.232E+00
3.499763E+00  2.230E+00
3.501763E+00  2.227E+00
3.503763E+00  2.225E+00
3.505763E+00  2.223E+00
3.507763E+00  2.220E+00
3.509763E+00  2.218E+00
3.511763E+00  2.216E+00
3.513763E+00  2.213E+00
3.515763E+00  2.211E+00
3.517763E+00  2.209E+00
3.519763E+00  2.206E+00
3.521763E+00  2.204E+00
3.523763E+00  2.201E+00
3.525763E+00  2.199E+00
3.527763E+00  2.196E+00
3.529763E+00  2.194E+00
3.531763E+00  2.192E+00
3.533763E+00  2.189E+00
3.535763E+00  2.187E+00
3.537763E+00  2.184E+00
3.539763E+00  2.182E+00
3.541763E+00  2.179E+00
3.543763E+00  2.177E+00
3.545763E+00  2.175E+00
3.547763E+00  2.172E+00
3.549763E+00  2.170E+00
3.551763E+00  2.167E+00
3.553763E+00  2.165E+00
3.555763E+00  2.162E+00
3.557763E+00  2.160E+00
3.559763E+00  2.157E+00
3.561763E+00  2.155E+00
3.563763E+00  2.152E+00
3.565763E+00  2.150E+00
3.567763E+00  2.147E+00
3.569763E+00  2.145E+00
3.571763E+00  2.142E+00
3.573763E+00  2.140E+00
3.575763E+00  2.137E+00
3.577763E+00  2.135E+00
3.579763E+00  2.132E+00
3.581763E+00  2.130E+00
3.583763E+00  2.127E+00
3.585763E+00  2.124E+00
3.587763E+00  2.122E+00
3.589763E+00  2.119E+00
3.591763E+00  2.117E+00
3.593763E+00  2.114E+00
3.595763E+00  2.112E+00
3.597763E+00  2.109E+00
3.599763E+00  2.107E+00
3.601763E+00  2.104E+00
3.603763E+00  2.102E+00
3.605763E+00  2.099E+00
3.607763E+00  2.096E+00
3.609763E+00  2.094E+00
3.611763E+00  2.091E+00
3.613763E+00  2.089E+00
3.615763E+00  2.086E+00
3.617763E+00  2.084E+00
3.619763E+00  2.081E+00
3.621763E+00  2.079E+00
3.623763E+00  2.076E+00
3.625763E+00  2.073E+00
3.627763E+00  2.071E+00
3.629763E+00  2.068E+00
3.631763E+00  2.066E+00
3.633763E+00  2.063E+00
3.635763E+00  2.061E+00
3.637763E+00  2.058E+00
3.639763E+00  2.056E+00
3.641763E+00  2.053E+00
3.643763E+00  2.051E+00
3.645763E+00  2.048E+00
3.647763E+00  2.046E+00
3.649763E+00  2.043E+00
3.651763E+00  2.040E+00
3.653763E+00  2.038E+00
3.655763E+00  2.035E+00
3.657763E+00  2.033E+00
3.659763E+00  2.030E+00
3.661763E+00  2.028E+00
3.663763E+00  2.026E+00
3.665763E+00  2.023E+00
3.667763E+00  2.021E+00
3.669763E+00  2.018E+00
3.671763E+00  2.016E+00
3.673763E+00  2.013E+00
3.675763E+00  2.011E+00
3.677763E+00  2.008E+00
3.679763E+00  2.006E+00
3.681763E+00  2.003E+00
3.683763E+00  2.001E+00
3.685763E+00  1.999E+00
3.687763E+00  1.996E+00
3.689763E+00  1.994E+00
3.691763E+00  1.991E+00
3.693763E+00  1.989E+00
3.695763E+00  1.987E+00
3.697763E+00  1.984E+00
3.699763E+00  1.982E+00
3.701763E+00  1.980E+00
3.703763E+00  1.977E+00
3.705763E+00  1.975E+00
3.707763E+00  1.973E+00
3.709763E+00  1.970E+00
3.711763E+00  1.968E+00
3.713763E+00  1.966E+00
3.715763E+00  1.963E+00
3.717763E+00  1.961E+00
3.719763E+00  1.959E+00
3.721763E+00  1.957E+00
3.723763E+00  1.954E+00
3.725763E+00  1.952E+00
3.727763E+00  1.950E+00
3.729763E+00  1.948E+00
3.731763E+00  1.945E+00
3.733763E+00  1.943E+00
3.735763E+00  1.941E+00
3.737763E+00  1.939E+00
3.739763E+00  1.937E+00
3.741763E+00  1.935E+00
3.743763E+00  1.932E+00
3.745763E+00  1.930E+00
3.747763E+00  1.928E+00
3.749763E+00  1.926E+00
3.751763E+00  1.924E+00
3.753763E+00  1.922E+00
3.755763E+00  1.920E+00
3.757763E+00  1.918E+00
3.759763E+00  1.916E+00
3.761763E+00  1.914E+00
3.763763E+00  1.912E+00
3.765763E+00  1.910E+00
3.767763E+00  1.908E+00
3.769763E+00  1.906E+00
3.771763E+00  1.904E+00
3.783763E+00  1.892E+00
3.803165E+00  1.874E+00
4.204074E+00  1.585E+00
4.281200E+00  1.572E+00
4.320186E+00  1.608E+00
4.337966E+00  1.658E+00
4.349245E+00  1.719E+00
4.354721E+00  1.765E+00
4.360091E+00  1.828E+00
4.365359E+00  1.920E+00
4.370527E+00  2.065E+00
4.375598E+00  2.321E+00
4.380573E+00  2.882E+00
4.385456E+00  4.865E+00
4.390249E+00  7.348E+00
4.394953E+00  5.827E-02
4.399571E+00  4.597E-01
4.404105E+00  6.992E-01
4.408558E+00  8.409E-01
4.412930E+00  9.328E-01
4.417224E+00  9.968E-01
4.421443E+00  1.044E+00
4.429657E+00  1.107E+00
4.441451E+00  1.163E+00
4.463290E+00  1.217E+00
4.506580E+00  1.259E+00
4.575260E+00  1.294E+00
4.577016E+00  1.303E+00
4.578749E+00  1.343E+00
4.580459E+00  1.224E+00
4.582147E+00  1.265E+00
4.593367E+00  1.288E+00
4.619292E+00  1.329E+00
4.629662E+00  1.381E+00
4.634978E+00  1.445E+00
4.638028E+00  1.522E+00
4.640005E+00  1.614E+00
4.640978E+00  1.686E+00
4.641940E+00  1.793E+00
4.642892E+00  1.964E+00
4.643833E+00  2.283E+00
4.644764E+00  3.064E+00
4.645685E+00  6.608E+00
4.646597E+00  7.165E-01
4.647499E+00  1.591E-01
4.648391E+00  4.716E-01
4.649273E+00  6.564E-01
4.650147E+00  7.717E-01
4.651011E+00  8.496E-01
4.651867E+00  9.056E-01
4.653550E+00  9.807E-01
4.656012E+00  1.047E+00
4.659949E+00  1.106E+00
4.667945E+00  1.165E+00
4.678740E+00  1.217E+00
4.679901E+00  1.222E+00
4.680473E+00  1.267E+00
4.681040E+00  1.084E+00
4.681602E+00  1.183E+00
4.683257E+00  1.210E+00
4.694588E+00  1.280E+00
4.698449E+00  1.336E+00
4.700473E+00  1.399E+00
4.701649E+00  1.467E+00
4.702417E+00  1.542E+00
4.702796E+00  1.596E+00
4.703173E+00  1.670E+00
4.703546E+00  1.777E+00
4.703917E+00  1.943E+00
4.704284E+00  2.237E+00
4.704649E+00  2.886E+00
4.705011E+00  5.167E+00
4.705370E+00  5.531E+00
4.705726E+00  6.828E-03
4.706079E+00  2.958E-01
4.706430E+00  5.168E-01
4.706778E+00  6.564E-01
4.707123E+00  7.503E-01
4.707466E+00  8.173E-01
4.707806E+00  8.675E-01
4.708478E+00  9.376E-01
4.709467E+00  1.002E+00
4.711066E+00  1.063E+00
4.714090E+00  1.124E+00
4.718493E+00  1.184E+00
4.719009E+00  1.208E+00
4.719264E+00  1.301E+00
4.719518E+00  1.112E+00
4.719769E+00  1.156E+00
4.720759E+00  1.184E+00
4.725744E+00  1.259E+00
4.727583E+00  1.321E+00
4.728559E+00  1.391E+00
4.729130E+00  1.470E+00
4.729505E+00  1.559E+00
4.729690E+00  1.626E+00
4.729875E+00  1.721E+00
4.730058E+00  1.863E+00
4.730240E+00  2.102E+00
4.730421E+00  2.580E+00
4.730601E+00  3.921E+00
4.730779E+00  9.974E+00
4.730957E+00  1.479E-01
4.731133E+00  1.627E-01
4.731309E+00  4.193E-01
4.731483E+00  5.839E-01
4.731656E+00  6.925E-01
4.731829E+00  7.688E-01
4.732000E+00  8.251E-01
4.732339E+00  9.026E-01
4.732840E+00  9.731E-01
4.733655E+00  1.038E+00
4.735062E+00  1.098E+00
4.736826E+00  1.145E+00
4.738604E+00  1.179E+00
4.738735E+00  1.525E+00
4.738866E+00  1.174E+00
4.741566E+00  1.251E+00
4.742470E+00  1.307E+00
4.743016E+00  1.373E+00
4.743337E+00  1.445E+00
4.743548E+00  1.525E+00
4.743653E+00  1.584E+00
4.743757E+00  1.663E+00
4.743861E+00  1.779E+00
4.743964E+00  1.962E+00
4.744066E+00  2.293E+00
4.744168E+00  3.049E+00
4.744270E+00  5.889E+00
4.744371E+00  3.201E+00
4.744471E+00  1.680E-02
4.744571E+00  2.916E-01
4.744671E+00  4.976E-01
4.744770E+00  6.306E-01
4.744868E+00  7.215E-01
4.744966E+00  7.870E-01
4.745064E+00  8.365E-01
4.745257E+00  9.062E-01
4.745544E+00  9.713E-01
4.746011E+00  1.033E+00
4.746825E+00  1.091E+00
4.747688E+00  1.131E+00
4.747772E+00  1.123E+00
4.748185E+00  1.145E+00
4.748906E+00  1.173E+00
4.748984E+00  1.158E+00
4.749139E+00  1.174E+00
4.750614E+00  1.244E+00
4.751235E+00  1.310E+00
4.751569E+00  1.387E+00
4.751766E+00  1.473E+00
4.751832E+00  1.517E+00
4.751896E+00  1.575E+00
4.751961E+00  1.653E+00
4.752025E+00  1.766E+00
4.752089E+00  1.942E+00
4.752153E+00  2.257E+00
4.752216E+00  2.957E+00
4.752279E+00  5.424E+00
4.752342E+00  4.683E+00
4.752404E+00  2.730E-03
4.752467E+00  2.604E-01
4.752529E+00  4.739E-01
4.752590E+00  6.121E-01
4.752652E+00  7.061E-01
4.752713E+00  7.737E-01
4.752774E+00  8.246E-01
4.752895E+00  8.961E-01
4.753075E+00  9.627E-01
4.753369E+00  1.026E+00
4.753883E+00  1.085E+00
4.754378E+00  1.123E+00
4.754432E+00  3.018E+00
4.754485E+00  1.121E+00
4.755213E+00  1.165E+00
4.755264E+00  1.179E+00
4.755314E+00  1.165E+00
4.756276E+00  1.235E+00
4.756685E+00  1.296E+00
4.756906E+00  1.363E+00
4.757037E+00  1.434E+00
4.757123E+00  1.513E+00
4.757166E+00  1.571E+00
4.757208E+00  1.649E+00
4.757251E+00  1.761E+00
4.757293E+00  1.937E+00
4.757335E+00  2.250E+00
4.757377E+00  2.943E+00
4.757419E+00  5.359E+00
4.757461E+00  4.899E+00
4.757502E+00  1.361E-03
4.757544E+00  2.531E-01
4.757585E+00  4.673E-01
4.757626E+00  6.060E-01
4.757667E+00  7.005E-01
4.757708E+00  7.684E-01
4.757748E+00  8.195E-01
4.757829E+00  8.914E-01
4.757949E+00  9.583E-01
4.758146E+00  1.022E+00
4.758491E+00  1.081E+00
4.758789E+00  1.117E+00
4.758825E+00  1.130E+00
4.758862E+00  1.107E+00
4.759042E+00  1.132E+00
4.759863E+00  1.200E+00
4.760279E+00  1.260E+00
4.760496E+00  1.327E+00
4.760617E+00  1.403E+00
4.760677E+00  1.466E+00
4.760737E+00  1.567E+00
4.760766E+00  1.644E+00
4.760796E+00  1.756E+00
4.760825E+00  1.930E+00
4.760855E+00  2.240E+00
4.760884E+00  2.921E+00
4.760913E+00  5.269E+00
4.760942E+00  5.198E+00
4.760971E+00  4.379E-04
4.761000E+00  2.469E-01
4.761029E+00  4.622E-01
4.761058E+00  6.017E-01
4.761086E+00  6.967E-01
4.761115E+00  7.649E-01
4.761143E+00  8.162E-01
4.761199E+00  8.883E-01
4.761284E+00  9.554E-01
4.761394E+00  1.009E+00
4.761611E+00  1.069E+00
4.761875E+00  1.118E+00
4.761901E+00  1.227E+00
4.761926E+00  1.106E+00
4.762155E+00  1.141E+00
4.762328E+00  1.160E+00
4.762352E+00  1.155E+00
4.762870E+00  1.239E+00
4.763050E+00  1.300E+00
4.763160E+00  1.376E+00
4.763225E+00  1.462E+00
4.763268E+00  1.562E+00
4.763289E+00  1.639E+00
4.763311E+00  1.750E+00
4.763332E+00  1.922E+00
4.763353E+00  2.225E+00
4.763375E+00  2.889E+00
4.763396E+00  5.133E+00
4.763417E+00  5.716E+00
4.763438E+00  1.204E-05
4.763459E+00  2.387E-01
4.763480E+00  4.562E-01
4.763500E+00  5.972E-01
4.763521E+00  6.930E-01
4.763542E+00  7.617E-01
4.763563E+00  8.134E-01
4.763583E+00  8.536E-01
4.763624E+00  9.123E-01
4.763685E+00  9.695E-01
4.763783E+00  1.025E+00
4.768802E+00  1.120E+00
4.934576E+00  1.009E+00
5.077210E+00  9.440E-01
5.089407E+00  9.528E-01
5.096305E+00  9.848E-01
5.100740E+00  1.025E+00
5.102910E+00  1.035E+00
5.105910E+00  1.514E+00
5.107158E+00  1.011E+00
5.113310E+00  9.669E-01
5.124871E+00  9.355E-01
5.174514E+00  9.007E-01
5.200998E+00  8.864E-01
5.201913E+00  8.908E-01
5.208889E+00  8.764E-01
5.212164E+00  8.890E-01
5.223326E+00  8.962E-01
5.226695E+00  9.155E-01
5.229275E+00  9.570E-01
5.231147E+00  9.915E-01
5.232366E+00  9.814E-01
5.234366E+00  1.714E+00
5.235315E+00  9.136E-01
5.238132E+00  8.861E-01
5.247292E+00  8.672E-01
5.258644E+00  8.594E-01
5.259019E+00  8.499E-01
5.259390E+00  8.623E-01
5.267793E+00  8.666E-01
5.269876E+00  8.850E-01
5.271299E+00  9.246E-01
5.272128E+00  9.642E-01
5.272671E+00  9.674E-01
5.273671E+00  1.114E+00
5.274255E+00  8.963E-01
5.275774E+00  8.676E-01
5.279970E+00  8.513E-01
5.287008E+00  8.461E-01
5.287354E+00  8.473E-01
5.290439E+00  8.469E-01
5.290895E+00  8.612E-01
5.292072E+00  8.738E-01
5.292781E+00  9.075E-01
5.293333E+00  9.526E-01
5.293433E+00  1.225E+00
5.293605E+00  9.515E-01
5.294401E+00  8.576E-01
5.294531E+00  9.341E-01
5.294661E+00  8.879E-01
5.294917E+00  8.671E-01
5.295916E+00  8.460E-01
5.296159E+00  8.521E-01
5.297334E+00  8.418E-01
5.300703E+00  8.429E-01
5.300800E+00  9.005E-01
5.300896E+00  8.347E-01
5.302102E+00  8.379E-01
5.302458E+00  8.562E-01
5.303148E+00  8.644E-01
5.303567E+00  8.943E-01
5.303975E+00  9.489E-01
5.304136E+00  9.397E-01
5.304374E+00  8.893E-01
5.304452E+00  8.662E-01
5.304531E+00  9.533E-01
5.304608E+00  9.017E-01
5.304686E+00  8.804E-01
5.304992E+00  8.550E-01
5.305515E+00  8.433E-01
5.305588E+00  9.130E-01
5.305661E+00  8.431E-01
5.308445E+00  8.353E-01
5.308565E+00  8.392E-01
5.308625E+00  8.718E-01
5.308684E+00  8.275E-01
5.309208E+00  8.321E-01
5.309434E+00  8.511E-01
5.309929E+00  8.568E-01
5.310196E+00  8.823E-01
5.310458E+00  9.408E-01
5.310561E+00  9.397E-01
5.310664E+00  9.046E-01
5.310715E+00  8.683E-01
5.310765E+00  9.511E-01
5.310816E+00  9.012E-01
5.310916E+00  8.729E-01
5.311163E+00  8.490E-01
5.311453E+00  8.406E-01
5.311501E+00  8.496E-01
5.311643E+00  8.375E-01
5.313503E+00  8.339E-01
5.313542E+00  8.391E-01
5.313582E+00  9.226E-01
5.313621E+00  8.234E-01
5.313855E+00  8.278E-01
5.313969E+00  8.468E-01
5.314379E+00  8.519E-01
5.314560E+00  8.740E-01
5.314773E+00  9.402E-01
5.314808E+00  9.383E-01
5.314843E+00  9.222E-01
5.314878E+00  8.545E-01
5.314913E+00  9.341E-01
5.314947E+00  9.075E-01
5.315050E+00  8.700E-01
5.315252E+00  8.448E-01
5.315450E+00  8.413E-01
5.315483E+00  8.775E-01
5.315515E+00  8.376E-01
5.316839E+00  8.303E-01
5.316895E+00  8.374E-01
5.316922E+00  9.229E-01
5.316950E+00  8.198E-01
5.317086E+00  8.291E-01
5.317167E+00  8.452E-01
5.317456E+00  8.487E-01
5.317585E+00  8.687E-01
5.317686E+00  9.118E-01
5.317736E+00  9.351E-01
5.317761E+00  9.341E-01
5.317785E+00  8.616E-01
5.317810E+00  9.409E-01
5.317884E+00  8.892E-01
5.317981E+00  8.564E-01
5.318172E+00  8.379E-01
5.318219E+00  8.386E-01
5.318242E+00  9.147E-01
5.318265E+00  8.385E-01
5.318759E+00  8.291E-01
5.319262E+00  8.314E-01
5.319282E+00  8.444E-01
5.319302E+00  8.226E-01
5.319339E+00  8.187E-01
5.321053E+00  8.443E-01
5.382168E+00  8.082E-01
5.387346E+00  8.320E-01
5.404639E+00  8.152E-01
5.418158E+00  8.265E-01
5.426540E+00  7.947E-01
5.450192E+00  7.748E-01
5.452907E+00  7.948E-01
5.453655E+00  8.094E-01
5.462389E+00  7.807E-01
5.470826E+00  7.744E-01
5.475801E+00  7.764E-01
5.476010E+00  8.137E-01
5.476218E+00  7.734E-01
5.479368E+00  7.617E-01
5.480106E+00  7.411E-01
5.480469E+00  7.240E-01
5.480648E+00  7.246E-01
5.481355E+00  7.624E-01
5.481874E+00  7.673E-01
5.482045E+00  7.868E-01
5.482214E+00  7.954E-01
5.483536E+00  7.796E-01
5.486862E+00  7.591E-01
5.487834E+00  7.614E-01
5.489792E+00  7.733E-01
5.490164E+00  7.570E-01
5.491709E+00  7.586E-01
5.492163E+00  7.604E-01
5.492275E+00  7.802E-01
5.492386E+00  7.665E-01
5.493150E+00  7.776E-01
5.493363E+00  7.846E-01
5.493468E+00  7.713E-01
5.493573E+00  7.219E-01
5.493678E+00  7.024E-01
5.494091E+00  7.307E-01
5.495660E+00  7.520E-01
5.495848E+00  7.525E-01
5.495941E+00  7.592E-01
5.496033E+00  7.798E-01
5.496125E+00  8.166E-01
5.496217E+00  8.385E-01
5.496399E+00  8.188E-01
5.496668E+00  7.922E-01
5.497367E+00  7.708E-01
5.498367E+00  7.582E-01
5.499688E+00  7.648E-01
5.499910E+00  7.514E-01
5.500202E+00  7.575E-01
5.501317E+00  7.592E-01
5.501384E+00  7.730E-01
5.501451E+00  7.633E-01
5.501845E+00  7.739E-01
5.501975E+00  7.820E-01
5.502039E+00  7.573E-01
5.502103E+00  6.997E-01
5.502166E+00  6.999E-01
5.502355E+00  7.254E-01
5.503264E+00  7.465E-01
5.503497E+00  7.516E-01
5.503554E+00  7.601E-01
5.503726E+00  8.193E-01
5.503838E+00  8.132E-01
5.504117E+00  7.837E-01
5.504813E+00  7.581E-01
5.505814E+00  7.589E-01
5.505958E+00  7.481E-01
5.506469E+00  7.543E-01
5.506827E+00  7.567E-01
5.506914E+00  7.681E-01
5.507001E+00  7.624E-01
5.507216E+00  7.739E-01
5.507259E+00  7.704E-01
5.507343E+00  6.906E-01
5.507510E+00  7.236E-01
5.507916E+00  7.375E-01
5.508308E+00  7.511E-01
5.508346E+00  7.606E-01
5.508422E+00  7.979E-01
5.508460E+00  8.099E-01
5.508536E+00  8.069E-01
5.508832E+00  7.753E-01
5.509155E+00  7.585E-01
5.509803E+00  7.583E-01
5.509901E+00  7.441E-01
5.510378E+00  7.540E-01
5.510531E+00  7.561E-01
5.510592E+00  7.669E-01
5.510682E+00  7.637E-01
5.510771E+00  7.694E-01
5.510801E+00  7.633E-01
5.510859E+00  6.901E-01
5.510889E+00  6.955E-01
5.510976E+00  7.217E-01
5.511232E+00  7.356E-01
5.511562E+00  7.499E-01
5.511616E+00  7.742E-01
5.511669E+00  8.036E-01
5.511748E+00  7.996E-01
5.512083E+00  7.605E-01
5.512596E+00  7.575E-01
5.512666E+00  7.411E-01
5.512941E+00  7.523E-01
5.513141E+00  7.567E-01
5.513163E+00  7.834E-01
5.513185E+00  7.635E-01
5.513292E+00  7.663E-01
5.513314E+00  7.569E-01
5.513356E+00  6.900E-01
5.513441E+00  7.210E-01
5.513606E+00  7.342E-01
5.513784E+00  7.431E-01
5.523764E+00  7.494E-01
5.673764E+00  6.999E-01
5.973764E+00  6.230E-01
6.223763E+00  5.509E-01
6.423763E+00  5.128E-01
6.673763E+00  4.732E-01
6.973763E+00  4.133E-01
7.173763E+00  3.880E-01
7.473763E+00  3.572E-01
7.823763E+00  3.098E-01
8.023763E+00  2.934E-01
8.323763E+00  2.741E-01
8.673763E+00  2.387E-01
8.873763E+00  2.265E-01
9.173763E+00  2.150E-01
9.423763E+00  1.971E-01
9.623763E+00  1.826E-01
9.823763E+00  1.744E-01
1.017376E+01  1.653E-01
1.062376E+01  1.409E-01
1.082376E+01  1.349E-01
1.117376E+01  1.298E-01
1.137376E+01  1.225E-01
1.167376E+01  1.094E-01
1.227229E+01  8.804E-02
1.290150E+01  7.085E-02
1.356297E+01  5.702E-02
1.425836E+01  4.589E-02
1.498940E+01  3.693E-02
1.575792E+01  2.972E-02
1.656585E+01  2.392E-02
1.741520E+01  1.925E-02
1.830809E+01  1.549E-02
1.924677E+01  1.246E-02
2.023357E+01  1.003E-02
2.127097E+01  8.073E-03
2.236155E+01  6.497E-03
2.350805E+01  5.228E-03
2.471334E+01  4.207E-03
2.598041E+01  3.386E-03
2.731246E+01  2.725E-03
2.871280E+01  2.193E-03
3.018493E+01  1.765E-03
3.173254E+01  1.420E-03
3.335950E+01  1.143E-03
3.506988E+01  9.198E-04
3.686795E+01  7.402E-04
3.875821E+01  5.957E-04
4.074538E+01  4.794E-04
4.283444E+01  3.858E-04
4.503060E+01  3.105E-04
4.733937E+01  2.499E-04
4.976651E+01  2.011E-04
5.231809E+01  1.618E-04
5.500049E+01  1.302E-04
5.782043E+01  1.048E-04
