# photon energy(Ry), cross section(Mb)
2.469659E-01  1.338E+01
2.489659E-01  1.304E+01
2.509659E-01  1.272E+01
2.529659E-01  1.241E+01
2.549659E-01  1.211E+01
2.569659E-01  1.182E+01
2.589659E-01  1.154E+01
2.609659E-01  1.126E+01
2.629659E-01  1.100E+01
2.649659E-01  1.074E+01
2.669659E-01  1.049E+01
2.689659E-01  1.024E+01
2.709659E-01  1.001E+01
2.729659E-01  9.776E+00
2.749659E-01  9.553E+00
2.769659E-01  9.337E+00
2.789659E-01  9.126E+00
2.809659E-01  8.921E+00
2.829659E-01  8.722E+00
2.849659E-01  8.529E+00
2.869659E-01  8.341E+00
2.889659E-01  8.158E+00
2.909659E-01  7.981E+00
2.929659E-01  7.808E+00
2.949659E-01  7.640E+00
2.969659E-01  7.476E+00
2.989659E-01  7.317E+00
3.009659E-01  7.162E+00
3.029659E-01  7.011E+00
3.049659E-01  6.865E+00
3.069659E-01  6.722E+00
3.089659E-01  6.583E+00
3.109659E-01  6.448E+00
3.129659E-01  6.316E+00
3.149659E-01  6.187E+00
3.169659E-01  6.062E+00
3.189659E-01  5.941E+00
3.209659E-01  5.822E+00
3.229659E-01  5.706E+00
3.249659E-01  5.593E+00
3.269659E-01  5.483E+00
3.289659E-01  5.376E+00
3.309659E-01  5.272E+00
3.329659E-01  5.170E+00
3.349659E-01  5.070E+00
3.369659E-01  4.973E+00
3.389659E-01  4.879E+00
3.409659E-01  4.786E+00
3.429659E-01  4.696E+00
3.449659E-01  4.608E+00
3.469659E-01  4.522E+00
3.489659E-01  4.439E+00
3.509659E-01  4.357E+00
3.529659E-01  4.277E+00
3.549659E-01  4.199E+00
3.569659E-01  4.122E+00
3.589659E-01  4.048E+00
3.609659E-01  3.975E+00
3.629659E-01  3.903E+00
3.649659E-01  3.834E+00
3.669659E-01  3.766E+00
3.689659E-01  3.699E+00
3.709659E-01  3.634E+00
3.729659E-01  3.570E+00
3.749659E-01  3.508E+00
3.769659E-01  3.447E+00
3.789659E-01  3.388E+00
3.809659E-01  3.329E+00
3.829659E-01  3.272E+00
3.849659E-01  3.216E+00
3.869659E-01  3.162E+00
3.889659E-01  3.108E+00
3.909659E-01  3.056E+00
3.929659E-01  3.005E+00
3.949659E-01  2.954E+00
3.969659E-01  2.905E+00
3.989659E-01  2.857E+00
4.009659E-01  2.810E+00
4.029659E-01  2.764E+00
4.049659E-01  2.719E+00
4.069659E-01  2.674E+00
4.089659E-01  2.631E+00
4.109659E-01  2.588E+00
4.129659E-01  2.547E+00
4.149659E-01  2.506E+00
4.169659E-01  2.466E+00
4.189659E-01  2.427E+00
4.209659E-01  2.388E+00
4.229659E-01  2.351E+00
4.249659E-01  2.314E+00
4.269659E-01  2.277E+00
4.289659E-01  2.242E+00
4.309659E-01  2.207E+00
4.329659E-01  2.173E+00
4.349659E-01  2.140E+00
4.369659E-01  2.107E+00
4.389659E-01  2.075E+00
4.409659E-01  2.043E+00
4.429659E-01  2.012E+00
4.449659E-01  1.982E+00
4.469659E-01  1.952E+00
4.489659E-01  1.923E+00
4.509659E-01  1.894E+00
4.529659E-01  1.866E+00
4.549659E-01  1.838E+00
4.569659E-01  1.811E+00
4.589659E-01  1.785E+00
4.609659E-01  1.759E+00
4.629659E-01  1.733E+00
4.649659E-01  1.708E+00
4.669659E-01  1.683E+00
4.689659E-01  1.659E+00
4.709659E-01  1.635E+00
4.729659E-01  1.612E+00
4.749659E-01  1.589E+00
4.769659E-01  1.566E+00
4.789659E-01  1.544E+00
4.809659E-01  1.523E+00
4.829659E-01  1.501E+00
4.849659E-01  1.480E+00
4.869659E-01  1.460E+00
4.889659E-01  1.439E+00
4.909659E-01  1.420E+00
4.929659E-01  1.400E+00
4.949659E-01  1.381E+00
4.969659E-01  1.362E+00
4.989659E-01  1.343E+00
5.009659E-01  1.325E+00
5.029659E-01  1.307E+00
5.049659E-01  1.290E+00
5.069659E-01  1.272E+00
5.089659E-01  1.255E+00
5.109659E-01  1.238E+00
5.129659E-01  1.222E+00
5.149659E-01  1.206E+00
5.169659E-01  1.190E+00
5.189659E-01  1.174E+00
5.209659E-01  1.159E+00
5.229659E-01  1.144E+00
5.249659E-01  1.129E+00
5.269659E-01  1.114E+00
5.289659E-01  1.099E+00
5.309659E-01  1.085E+00
5.329659E-01  1.071E+00
5.349659E-01  1.057E+00
5.369659E-01  1.044E+00
5.389659E-01  1.031E+00
5.409659E-01  1.017E+00
5.429659E-01  1.004E+00
5.449659E-01  9.917E-01
5.469659E-01  9.792E-01
5.489659E-01  9.668E-01
5.509659E-01  9.547E-01
5.529659E-01  9.427E-01
5.549659E-01  9.309E-01
5.569659E-01  9.193E-01
5.589659E-01  9.079E-01
5.609659E-01  8.966E-01
5.629659E-01  8.855E-01
5.649659E-01  8.746E-01
5.669659E-01  8.638E-01
5.689659E-01  8.532E-01
5.709659E-01  8.428E-01
5.729659E-01  8.325E-01
5.749659E-01  8.224E-01
5.769659E-01  8.124E-01
5.789659E-01  8.025E-01
5.809659E-01  7.929E-01
5.829659E-01  7.833E-01
5.849659E-01  7.739E-01
5.869659E-01  7.646E-01
5.889659E-01  7.555E-01
5.909659E-01  7.465E-01
5.929659E-01  7.376E-01
5.949659E-01  7.289E-01
5.969659E-01  7.202E-01
5.989659E-01  7.117E-01
6.009659E-01  7.034E-01
6.029659E-01  6.951E-01
6.049659E-01  6.870E-01
6.069659E-01  6.790E-01
6.089659E-01  6.711E-01
6.109659E-01  6.633E-01
6.129659E-01  6.556E-01
6.149659E-01  6.480E-01
6.169659E-01  6.406E-01
6.189659E-01  6.332E-01
6.209659E-01  6.259E-01
6.229659E-01  6.188E-01
6.249659E-01  6.117E-01
6.269659E-01  6.048E-01
6.289659E-01  5.979E-01
6.309659E-01  5.912E-01
6.329659E-01  5.845E-01
6.349659E-01  5.780E-01
6.369659E-01  5.715E-01
6.389659E-01  5.651E-01
6.409659E-01  5.588E-01
6.429659E-01  5.526E-01
6.449659E-01  5.465E-01
6.469659E-01  5.404E-01
6.489659E-01  5.345E-01
6.509659E-01  5.286E-01
6.529659E-01  5.228E-01
6.549659E-01  5.171E-01
6.569659E-01  5.114E-01
6.589659E-01  5.059E-01
6.609659E-01  5.004E-01
6.629659E-01  4.950E-01
6.649659E-01  4.897E-01
6.669659E-01  4.844E-01
6.689659E-01  4.792E-01
6.709659E-01  4.741E-01
6.729659E-01  4.690E-01
6.749659E-01  4.640E-01
6.769659E-01  4.591E-01
6.789659E-01  4.543E-01
6.809659E-01  4.495E-01
6.829659E-01  4.447E-01
6.849659E-01  4.401E-01
6.869659E-01  4.355E-01
6.889659E-01  4.309E-01
6.909659E-01  4.264E-01
6.929659E-01  4.220E-01
6.949659E-01  4.176E-01
6.969659E-01  4.133E-01
6.989659E-01  4.091E-01
7.009659E-01  4.049E-01
7.029659E-01  4.007E-01
7.049659E-01  3.966E-01
7.069659E-01  3.926E-01
7.089659E-01  3.886E-01
7.109659E-01  3.846E-01
7.129659E-01  3.808E-01
7.149659E-01  3.769E-01
7.169659E-01  3.731E-01
7.189659E-01  3.694E-01
7.209659E-01  3.657E-01
7.229659E-01  3.620E-01
7.249659E-01  3.584E-01
7.269659E-01  3.548E-01
7.289659E-01  3.513E-01
7.309659E-01  3.478E-01
7.329659E-01  3.444E-01
7.349659E-01  3.410E-01
7.369659E-01  3.376E-01
7.389659E-01  3.343E-01
7.409659E-01  3.310E-01
7.429659E-01  3.278E-01
7.449659E-01  3.246E-01
7.469659E-01  3.214E-01
7.489659E-01  3.183E-01
7.509659E-01  3.152E-01
7.529659E-01  3.122E-01
7.549659E-01  3.092E-01
7.569659E-01  3.062E-01
7.589659E-01  3.032E-01
7.609659E-01  3.003E-01
7.629659E-01  2.974E-01
7.649659E-01  2.946E-01
7.669659E-01  2.918E-01
7.689659E-01  2.890E-01
7.709659E-01  2.862E-01
7.729659E-01  2.835E-01
7.749659E-01  2.808E-01
7.769659E-01  2.782E-01
7.789659E-01  2.755E-01
7.809659E-01  2.729E-01
7.829659E-01  2.704E-01
7.849659E-01  2.678E-01
7.869659E-01  2.653E-01
7.889659E-01  2.628E-01
7.909659E-01  2.604E-01
7.929659E-01  2.579E-01
7.949659E-01  2.555E-01
7.969659E-01  2.531E-01
7.989659E-01  2.508E-01
8.009659E-01  2.484E-01
8.029659E-01  2.461E-01
8.049659E-01  2.439E-01
8.069659E-01  2.416E-01
8.089659E-01  2.394E-01
8.109659E-01  2.372E-01
8.129659E-01  2.350E-01
8.149659E-01  2.328E-01
8.169659E-01  2.307E-01
8.189659E-01  2.286E-01
8.209659E-01  2.265E-01
8.229659E-01  2.244E-01
8.249659E-01  2.224E-01
8.269659E-01  2.203E-01
8.289659E-01  2.183E-01
8.309659E-01  2.164E-01
8.329659E-01  2.144E-01
8.349659E-01  2.125E-01
8.369659E-01  2.105E-01
8.389659E-01  2.086E-01
8.409659E-01  2.068E-01
8.429659E-01  2.049E-01
8.449659E-01  2.031E-01
8.469659E-01  2.012E-01
8.489659E-01  1.994E-01
8.509659E-01  1.976E-01
8.529659E-01  1.959E-01
8.549659E-01  1.941E-01
8.569659E-01  1.924E-01
8.589659E-01  1.907E-01
8.609659E-01  1.890E-01
8.629659E-01  1.873E-01
8.649659E-01  1.857E-01
8.669659E-01  1.840E-01
8.689659E-01  1.824E-01
8.709659E-01  1.808E-01
8.729659E-01  1.792E-01
8.749659E-01  1.776E-01
8.769659E-01  1.761E-01
8.789659E-01  1.745E-01
8.809659E-01  1.730E-01
8.829659E-01  1.715E-01
8.849659E-01  1.700E-01
8.869659E-01  1.685E-01
8.889659E-01  1.671E-01
8.909659E-01  1.656E-01
8.929659E-01  1.642E-01
8.949659E-01  1.628E-01
8.969659E-01  1.614E-01
8.989659E-01  1.600E-01
9.009659E-01  1.586E-01
9.029659E-01  1.573E-01
9.049659E-01  1.559E-01
9.069659E-01  1.546E-01
9.089659E-01  1.533E-01
9.109659E-01  1.520E-01
9.129659E-01  1.507E-01
9.149659E-01  1.494E-01
9.169659E-01  1.482E-01
9.189659E-01  1.469E-01
9.209659E-01  1.457E-01
9.229659E-01  1.444E-01
9.249659E-01  1.432E-01
9.269659E-01  1.420E-01
9.289659E-01  1.408E-01
9.309659E-01  1.397E-01
9.329659E-01  1.385E-01
9.349659E-01  1.374E-01
9.369659E-01  1.362E-01
9.389659E-01  1.351E-01
9.409659E-01  1.340E-01
9.429659E-01  1.329E-01
9.449659E-01  1.318E-01
9.469659E-01  1.307E-01
9.489659E-01  1.296E-01
9.509659E-01  1.286E-01
9.529659E-01  1.275E-01
9.549659E-01  1.265E-01
9.569659E-01  1.255E-01
9.589659E-01  1.244E-01
9.609659E-01  1.234E-01
9.629659E-01  1.224E-01
9.649659E-01  1.215E-01
9.669659E-01  1.205E-01
9.689659E-01  1.195E-01
9.709659E-01  1.186E-01
9.729659E-01  1.176E-01
9.749659E-01  1.167E-01
9.769659E-01  1.157E-01
9.789659E-01  1.148E-01
9.809659E-01  1.139E-01
9.829659E-01  1.130E-01
9.849659E-01  1.121E-01
9.869659E-01  1.112E-01
9.889659E-01  1.103E-01
9.909659E-01  1.095E-01
9.929659E-01  1.086E-01
9.949659E-01  1.078E-01
9.969659E-01  1.069E-01
9.989659E-01  1.061E-01
1.000966E+00  1.053E-01
1.002966E+00  1.045E-01
1.004966E+00  1.036E-01
1.006966E+00  1.028E-01
1.008966E+00  1.020E-01
1.010966E+00  1.013E-01
1.012966E+00  1.005E-01
1.014966E+00  9.970E-02
1.016966E+00  9.893E-02
1.018966E+00  9.817E-02
1.020966E+00  9.742E-02
1.022966E+00  9.668E-02
1.024966E+00  9.594E-02
1.026966E+00  9.521E-02
1.028966E+00  9.448E-02
1.030966E+00  9.376E-02
1.032966E+00  9.305E-02
1.034966E+00  9.235E-02
1.036966E+00  9.165E-02
1.038966E+00  9.095E-02
1.040966E+00  9.027E-02
1.042966E+00  8.959E-02
1.044966E+00  8.891E-02
1.046966E+00  8.824E-02
1.048966E+00  8.758E-02
1.050966E+00  8.692E-02
1.052966E+00  8.627E-02
1.054966E+00  8.563E-02
1.056966E+00  8.499E-02
1.058966E+00  8.435E-02
1.060966E+00  8.372E-02
1.062966E+00  8.310E-02
1.064966E+00  8.248E-02
1.066966E+00  8.187E-02
1.068966E+00  8.126E-02
1.070966E+00  8.066E-02
1.072966E+00  8.006E-02
1.074966E+00  7.947E-02
1.076966E+00  7.888E-02
1.078966E+00  7.830E-02
1.080966E+00  7.772E-02
1.082966E+00  7.715E-02
1.084966E+00  7.658E-02
1.086966E+00  7.602E-02
1.088966E+00  7.546E-02
1.090966E+00  7.490E-02
1.092966E+00  7.435E-02
1.094966E+00  7.381E-02
1.096966E+00  7.327E-02
1.098966E+00  7.273E-02
1.100966E+00  7.220E-02
1.102966E+00  7.167E-02
1.104966E+00  7.115E-02
1.106966E+00  7.063E-02
1.108966E+00  7.011E-02
1.110966E+00  6.960E-02
1.112966E+00  6.910E-02
1.114966E+00  6.859E-02
1.116966E+00  6.810E-02
1.118966E+00  6.760E-02
1.120966E+00  6.711E-02
1.122966E+00  6.662E-02
1.124966E+00  6.614E-02
1.126966E+00  6.566E-02
1.128966E+00  6.519E-02
1.130966E+00  6.471E-02
1.132966E+00  6.425E-02
1.134966E+00  6.378E-02
1.136966E+00  6.332E-02
1.138966E+00  6.286E-02
1.140966E+00  6.241E-02
1.142966E+00  6.196E-02
1.144966E+00  6.152E-02
1.146966E+00  6.107E-02
1.148966E+00  6.063E-02
1.150966E+00  6.020E-02
1.152966E+00  5.977E-02
1.154966E+00  5.934E-02
1.156966E+00  5.891E-02
1.158966E+00  5.849E-02
1.160966E+00  5.807E-02
1.162966E+00  5.766E-02
1.164966E+00  5.724E-02
1.166966E+00  5.684E-02
1.168966E+00  5.643E-02
1.170966E+00  5.603E-02
1.172966E+00  5.563E-02
1.174966E+00  5.523E-02
1.176966E+00  5.484E-02
1.178966E+00  5.445E-02
1.180966E+00  5.406E-02
1.182966E+00  5.368E-02
1.184966E+00  5.330E-02
1.186966E+00  5.292E-02
1.188966E+00  5.255E-02
1.190966E+00  5.218E-02
1.192966E+00  5.181E-02
1.194966E+00  5.144E-02
1.196966E+00  5.108E-02
1.198966E+00  5.072E-02
1.200966E+00  5.036E-02
1.202966E+00  5.001E-02
1.204966E+00  4.966E-02
1.206966E+00  4.931E-02
1.208966E+00  4.896E-02
1.210966E+00  4.862E-02
1.212966E+00  4.828E-02
1.214966E+00  4.794E-02
1.216966E+00  4.761E-02
1.218966E+00  4.728E-02
1.220966E+00  4.695E-02
1.222966E+00  4.662E-02
1.224966E+00  4.630E-02
1.226966E+00  4.598E-02
1.228966E+00  4.566E-02
1.230966E+00  4.534E-02
1.232966E+00  4.503E-02
1.234966E+00  4.472E-02
1.236966E+00  4.441E-02
1.238966E+00  4.411E-02
1.240966E+00  4.380E-02
1.242966E+00  4.350E-02
1.244966E+00  4.320E-02
1.246966E+00  4.291E-02
1.248966E+00  4.261E-02
1.250966E+00  4.232E-02
1.252966E+00  4.204E-02
1.254966E+00  4.175E-02
1.256966E+00  4.147E-02
1.258966E+00  4.118E-02
1.260966E+00  4.090E-02
1.262966E+00  4.063E-02
1.264966E+00  4.035E-02
1.266966E+00  4.008E-02
1.268966E+00  3.981E-02
1.270966E+00  3.954E-02
1.272966E+00  3.928E-02
1.274966E+00  3.901E-02
1.276966E+00  3.875E-02
1.278966E+00  3.849E-02
1.280966E+00  3.824E-02
1.282966E+00  3.798E-02
1.284966E+00  3.773E-02
1.286966E+00  3.748E-02
1.288966E+00  3.723E-02
1.290966E+00  3.698E-02
1.292966E+00  3.674E-02
1.294966E+00  3.650E-02
1.296966E+00  3.626E-02
1.298966E+00  3.602E-02
1.300966E+00  3.578E-02
1.302966E+00  3.555E-02
1.304966E+00  3.531E-02
1.306966E+00  3.508E-02
1.308966E+00  3.486E-02
1.310966E+00  3.463E-02
1.312966E+00  3.440E-02
1.314966E+00  3.418E-02
1.316966E+00  3.396E-02
1.318966E+00  3.374E-02
1.320966E+00  3.352E-02
1.322966E+00  3.330E-02
1.324966E+00  3.309E-02
1.326966E+00  3.288E-02
1.328966E+00  3.267E-02
1.330966E+00  3.246E-02
1.332966E+00  3.225E-02
1.334966E+00  3.204E-02
1.336966E+00  3.184E-02
1.338966E+00  3.164E-02
1.340966E+00  3.144E-02
1.342966E+00  3.124E-02
1.344966E+00  3.104E-02
1.346966E+00  3.084E-02
1.348966E+00  3.065E-02
1.350966E+00  3.046E-02
1.352966E+00  3.027E-02
1.354966E+00  3.008E-02
1.356966E+00  2.989E-02
1.358966E+00  2.970E-02
1.360966E+00  2.951E-02
1.362966E+00  2.933E-02
1.364966E+00  2.915E-02
1.366966E+00  2.897E-02
1.368966E+00  2.879E-02
1.370966E+00  2.861E-02
1.372966E+00  2.843E-02
1.374966E+00  2.826E-02
1.376966E+00  2.808E-02
1.378966E+00  2.791E-02
1.380966E+00  2.774E-02
1.382966E+00  2.757E-02
1.384966E+00  2.740E-02
1.386966E+00  2.723E-02
1.388966E+00  2.706E-02
1.390966E+00  2.690E-02
1.392966E+00  2.673E-02
1.394966E+00  2.657E-02
1.396966E+00  2.641E-02
1.398966E+00  2.625E-02
1.400966E+00  2.609E-02
1.402966E+00  2.593E-02
1.404966E+00  2.577E-02
1.406966E+00  2.562E-02
1.408966E+00  2.546E-02
1.410966E+00  2.531E-02
1.412966E+00  2.516E-02
1.414966E+00  2.501E-02
1.416966E+00  2.486E-02
1.418966E+00  2.471E-02
1.420966E+00  2.456E-02
1.422966E+00  2.441E-02
1.424966E+00  2.427E-02
1.426966E+00  2.412E-02
1.428966E+00  2.398E-02
1.430966E+00  2.383E-02
1.432966E+00  2.369E-02
1.434966E+00  2.355E-02
1.436966E+00  2.341E-02
1.438966E+00  2.327E-02
1.440966E+00  2.314E-02
1.442966E+00  2.300E-02
1.444966E+00  2.286E-02
1.446966E+00  2.273E-02
1.448966E+00  2.259E-02
1.450966E+00  2.246E-02
1.452966E+00  2.233E-02
1.454966E+00  2.220E-02
1.456966E+00  2.207E-02
1.458966E+00  2.194E-02
1.460966E+00  2.181E-02
1.462966E+00  2.168E-02
1.464966E+00  2.155E-02
1.466966E+00  2.143E-02
1.468966E+00  2.130E-02
1.470966E+00  2.118E-02
1.472966E+00  2.105E-02
1.474966E+00  2.093E-02
1.476966E+00  2.081E-02
1.478966E+00  2.069E-02
1.480966E+00  2.057E-02
1.482966E+00  2.045E-02
1.484966E+00  2.033E-02
1.486966E+00  2.021E-02
1.488966E+00  2.009E-02
1.490966E+00  1.998E-02
1.492966E+00  1.986E-02
1.494966E+00  1.975E-02
1.496966E+00  1.963E-02
1.498966E+00  1.952E-02
1.500966E+00  1.941E-02
1.502966E+00  1.929E-02
1.504966E+00  1.918E-02
1.506966E+00  1.907E-02
1.508966E+00  1.896E-02
1.510966E+00  1.885E-02
1.512966E+00  1.875E-02
1.514966E+00  1.864E-02
1.516966E+00  1.853E-02
1.518966E+00  1.843E-02
1.520966E+00  1.832E-02
1.522966E+00  1.822E-02
1.524966E+00  1.811E-02
1.526966E+00  1.801E-02
1.528966E+00  1.791E-02
1.530966E+00  1.780E-02
1.532966E+00  1.770E-02
1.534966E+00  1.760E-02
1.536966E+00  1.750E-02
1.538966E+00  1.740E-02
1.540966E+00  1.731E-02
1.542966E+00  1.721E-02
1.544966E+00  1.711E-02
1.546966E+00  1.701E-02
1.548966E+00  1.692E-02
1.550966E+00  1.682E-02
1.552966E+00  1.673E-02
1.554966E+00  1.663E-02
1.556966E+00  1.654E-02
1.558966E+00  1.645E-02
1.560966E+00  1.636E-02
1.562966E+00  1.626E-02
1.564966E+00  1.617E-02
1.566966E+00  1.608E-02
1.568966E+00  1.599E-02
1.570966E+00  1.590E-02
1.572966E+00  1.582E-02
1.574966E+00  1.573E-02
1.576966E+00  1.564E-02
1.578966E+00  1.555E-02
1.580966E+00  1.547E-02
1.582966E+00  1.538E-02
1.584966E+00  1.530E-02
1.586966E+00  1.521E-02
1.588966E+00  1.513E-02
1.590966E+00  1.505E-02
1.592966E+00  1.496E-02
1.594966E+00  1.488E-02
1.596966E+00  1.480E-02
1.598966E+00  1.472E-02
1.600966E+00  1.464E-02
1.602966E+00  1.456E-02
1.604966E+00  1.448E-02
1.606966E+00  1.440E-02
1.608966E+00  1.433E-02
1.610966E+00  1.425E-02
1.612966E+00  1.417E-02
1.614966E+00  1.410E-02
1.616966E+00  1.402E-02
1.618966E+00  1.394E-02
1.620966E+00  1.387E-02
1.622966E+00  1.380E-02
1.624966E+00  1.372E-02
1.626966E+00  1.365E-02
1.628966E+00  1.358E-02
1.630966E+00  1.351E-02
1.632966E+00  1.343E-02
1.634966E+00  1.336E-02
1.636966E+00  1.329E-02
1.638966E+00  1.322E-02
1.640966E+00  1.315E-02
1.642966E+00  1.309E-02
1.644966E+00  1.302E-02
1.646966E+00  1.295E-02
1.648966E+00  1.288E-02
1.650966E+00  1.282E-02
1.652966E+00  1.275E-02
1.654966E+00  1.268E-02
1.656966E+00  1.262E-02
1.658966E+00  1.256E-02
1.660966E+00  1.249E-02
1.662966E+00  1.243E-02
1.664966E+00  1.236E-02
1.666966E+00  1.230E-02
1.668966E+00  1.224E-02
1.670966E+00  1.218E-02
1.672966E+00  1.212E-02
1.674966E+00  1.206E-02
1.676966E+00  1.200E-02
1.678966E+00  1.194E-02
1.680966E+00  1.188E-02
1.682966E+00  1.182E-02
1.684966E+00  1.176E-02
1.686966E+00  1.170E-02
1.688966E+00  1.165E-02
1.690966E+00  1.159E-02
1.692966E+00  1.153E-02
1.694966E+00  1.148E-02
1.696966E+00  1.142E-02
1.698966E+00  1.137E-02
1.700966E+00  1.131E-02
1.702966E+00  1.126E-02
1.704966E+00  1.120E-02
1.706966E+00  1.115E-02
1.708966E+00  1.110E-02
1.710966E+00  1.105E-02
1.712966E+00  1.099E-02
1.714966E+00  1.094E-02
1.716966E+00  1.089E-02
1.718966E+00  1.084E-02
1.720966E+00  1.079E-02
1.722966E+00  1.074E-02
1.724966E+00  1.069E-02
1.726966E+00  1.064E-02
1.728966E+00  1.060E-02
1.730966E+00  1.055E-02
1.732966E+00  1.050E-02
1.734966E+00  1.045E-02
1.736966E+00  1.041E-02
1.738966E+00  1.036E-02
1.740966E+00  1.032E-02
1.742966E+00  1.027E-02
1.744966E+00  1.022E-02
1.746966E+00  1.018E-02
1.748966E+00  1.014E-02
1.750966E+00  1.009E-02
1.752966E+00  1.005E-02
1.754966E+00  1.001E-02
1.756966E+00  9.964E-03
1.758966E+00  9.921E-03
1.760966E+00  9.880E-03
1.762966E+00  9.838E-03
1.764966E+00  9.797E-03
1.766966E+00  9.757E-03
1.768966E+00  9.716E-03
1.770966E+00  9.676E-03
1.772966E+00  9.637E-03
1.774966E+00  9.598E-03
1.776966E+00  9.559E-03
1.778966E+00  9.521E-03
1.780966E+00  9.483E-03
1.782966E+00  9.445E-03
1.784966E+00  9.408E-03
1.786966E+00  9.371E-03
1.788966E+00  9.335E-03
1.790966E+00  9.298E-03
1.792966E+00  9.263E-03
1.794966E+00  9.227E-03
1.796966E+00  9.192E-03
1.798966E+00  9.157E-03
1.800966E+00  9.123E-03
1.802966E+00  9.089E-03
1.804966E+00  9.055E-03
1.806966E+00  9.022E-03
1.808966E+00  8.989E-03
1.810966E+00  8.956E-03
1.812966E+00  8.924E-03
1.814966E+00  8.892E-03
1.816966E+00  8.861E-03
1.818966E+00  8.829E-03
1.820966E+00  8.798E-03
1.822966E+00  8.768E-03
1.824966E+00  8.737E-03
1.826966E+00  8.707E-03
1.828966E+00  8.678E-03
1.830966E+00  8.649E-03
1.832966E+00  8.620E-03
1.834966E+00  8.591E-03
1.836966E+00  8.563E-03
1.838966E+00  8.535E-03
1.840966E+00  8.507E-03
1.842966E+00  8.480E-03
1.844966E+00  8.453E-03
1.846966E+00  8.426E-03
1.848966E+00  8.400E-03
1.850966E+00  8.374E-03
1.852966E+00  8.348E-03
1.854966E+00  8.322E-03
1.856966E+00  8.297E-03
1.858966E+00  8.272E-03
1.860966E+00  8.248E-03
1.862966E+00  8.224E-03
1.864966E+00  8.200E-03
1.866966E+00  8.176E-03
1.868966E+00  8.153E-03
1.870966E+00  8.130E-03
1.872966E+00  8.107E-03
1.874966E+00  8.085E-03
1.876966E+00  8.062E-03
1.878966E+00  8.041E-03
1.880966E+00  8.019E-03
1.882966E+00  7.998E-03
1.884966E+00  7.977E-03
1.886966E+00  7.956E-03
1.888966E+00  7.936E-03
1.890966E+00  7.916E-03
1.892966E+00  7.896E-03
1.894966E+00  7.876E-03
1.896966E+00  7.857E-03
1.898966E+00  7.838E-03
1.900966E+00  7.820E-03
1.902966E+00  7.801E-03
1.904966E+00  7.783E-03
1.906966E+00  7.765E-03
1.908966E+00  7.748E-03
1.910966E+00  7.731E-03
1.912966E+00  7.714E-03
1.914966E+00  7.697E-03
1.916966E+00  7.681E-03
1.918966E+00  7.664E-03
1.920966E+00  7.649E-03
1.922966E+00  7.633E-03
1.924966E+00  7.618E-03
1.926966E+00  7.603E-03
1.928966E+00  7.588E-03
1.930966E+00  7.573E-03
1.932966E+00  7.559E-03
1.934966E+00  7.545E-03
1.936966E+00  7.531E-03
1.938966E+00  7.518E-03
1.940966E+00  7.505E-03
1.942966E+00  7.492E-03
1.944966E+00  7.479E-03
1.946966E+00  7.467E-03
1.948966E+00  7.455E-03
1.950966E+00  7.443E-03
1.952966E+00  7.431E-03
1.954966E+00  7.420E-03
1.956966E+00  7.409E-03
1.958966E+00  7.398E-03
1.960966E+00  7.388E-03
1.962966E+00  7.378E-03
1.964966E+00  7.368E-03
1.966966E+00  7.358E-03
1.968966E+00  7.348E-03
1.970966E+00  7.339E-03
1.972966E+00  7.330E-03
1.974966E+00  7.322E-03
1.976966E+00  7.313E-03
1.978966E+00  7.305E-03
1.980966E+00  7.297E-03
1.982966E+00  7.290E-03
1.984966E+00  7.282E-03
1.986966E+00  7.275E-03
1.988966E+00  7.268E-03
1.990966E+00  7.262E-03
1.992966E+00  7.255E-03
1.994966E+00  7.249E-03
1.996966E+00  7.243E-03
1.998966E+00  7.238E-03
2.000966E+00  7.232E-03
2.002966E+00  7.227E-03
2.004966E+00  7.223E-03
2.006966E+00  7.218E-03
2.008966E+00  7.214E-03
2.010966E+00  7.210E-03
2.012966E+00  7.206E-03
2.014966E+00  7.203E-03
2.016966E+00  7.199E-03
2.018966E+00  7.196E-03
2.020966E+00  7.194E-03
2.022966E+00  7.191E-03
2.024966E+00  7.189E-03
2.026966E+00  7.187E-03
2.028966E+00  7.186E-03
2.030966E+00  7.184E-03
2.032966E+00  7.183E-03
2.034966E+00  7.182E-03
2.036966E+00  7.182E-03
2.038966E+00  7.181E-03
2.040966E+00  7.181E-03
2.042966E+00  7.182E-03
2.044966E+00  7.182E-03
2.046966E+00  7.183E-03
2.048966E+00  7.184E-03
2.050966E+00  7.185E-03
2.052966E+00  7.187E-03
2.054966E+00  7.188E-03
2.056966E+00  7.191E-03
2.058966E+00  7.193E-03
2.060966E+00  7.196E-03
2.062966E+00  7.198E-03
2.064966E+00  7.202E-03
2.066966E+00  7.205E-03
2.068966E+00  7.209E-03
2.070966E+00  7.213E-03
2.072966E+00  7.217E-03
2.074966E+00  7.222E-03
2.076966E+00  7.227E-03
2.078966E+00  7.232E-03
2.080966E+00  7.237E-03
2.082966E+00  7.243E-03
2.084966E+00  7.249E-03
2.086966E+00  7.256E-03
2.088966E+00  7.262E-03
2.090966E+00  7.269E-03
2.092966E+00  7.276E-03
2.094966E+00  7.284E-03
2.096966E+00  7.292E-03
2.098966E+00  7.300E-03
2.100966E+00  7.308E-03
2.102966E+00  7.317E-03
2.104966E+00  7.326E-03
2.106966E+00  7.336E-03
2.108966E+00  7.345E-03
2.110966E+00  7.355E-03
2.112966E+00  7.366E-03
2.114966E+00  7.376E-03
2.116966E+00  7.387E-03
2.118966E+00  7.398E-03
2.120966E+00  7.410E-03
2.122966E+00  7.422E-03
2.124966E+00  7.434E-03
2.126966E+00  7.447E-03
2.128966E+00  7.460E-03
2.130966E+00  7.473E-03
2.132966E+00  7.487E-03
2.134966E+00  7.501E-03
2.136966E+00  7.515E-03
2.138966E+00  7.530E-03
2.140966E+00  7.545E-03
2.142966E+00  7.560E-03
2.144966E+00  7.576E-03
2.146966E+00  7.592E-03
2.148966E+00  7.608E-03
2.150966E+00  7.625E-03
2.152966E+00  7.642E-03
2.154966E+00  7.660E-03
2.156966E+00  7.678E-03
2.158966E+00  7.696E-03
2.160966E+00  7.715E-03
2.162966E+00  7.734E-03
2.164966E+00  7.754E-03
2.166966E+00  7.774E-03
2.168966E+00  7.794E-03
2.170966E+00  7.815E-03
2.172966E+00  7.836E-03
2.174966E+00  7.858E-03
2.176966E+00  7.880E-03
2.178966E+00  7.902E-03
2.180966E+00  7.925E-03
2.182966E+00  7.948E-03
2.184966E+00  7.972E-03
2.186966E+00  7.996E-03
2.188966E+00  8.021E-03
2.190966E+00  8.046E-03
2.192966E+00  8.071E-03
2.194966E+00  8.097E-03
2.196966E+00  8.124E-03
2.198966E+00  8.151E-03
2.200966E+00  8.178E-03
2.202966E+00  8.206E-03
2.204966E+00  8.234E-03
2.206966E+00  8.263E-03
2.208966E+00  8.293E-03
2.210966E+00  8.322E-03
2.212966E+00  8.353E-03
2.214966E+00  8.384E-03
2.216966E+00  8.415E-03
2.218966E+00  8.447E-03
2.220966E+00  8.480E-03
2.222966E+00  8.513E-03
2.224966E+00  8.547E-03
2.226966E+00  8.581E-03
2.228966E+00  8.616E-03
2.230966E+00  8.651E-03
2.232966E+00  8.687E-03
2.234966E+00  8.723E-03
2.236966E+00  8.760E-03
2.238966E+00  8.798E-03
2.240966E+00  8.836E-03
2.242966E+00  8.875E-03
2.244966E+00  8.915E-03
2.256966E+00  9.166E-03
2.276368E+00  9.625E-03
2.313499E+00  1.072E-02
2.348540E+00  1.208E-02
2.381644E+00  1.374E-02
2.412951E+00  1.578E-02
2.442590E+00  1.827E-02
2.456820E+00  1.972E-02
2.470676E+00  2.133E-02
2.484171E+00  2.312E-02
2.497317E+00  2.514E-02
2.510126E+00  2.740E-02
2.522609E+00  2.995E-02
2.534778E+00  3.287E-02
2.546643E+00  3.621E-02
2.558213E+00  4.008E-02
2.569500E+00  4.463E-02
2.580511E+00  5.004E-02
2.591256E+00  5.658E-02
2.601743E+00  6.467E-02
2.611980E+00  7.496E-02
2.621976E+00  8.849E-02
2.631738E+00  1.071E-01
2.641272E+00  1.342E-01
2.650587E+00  1.772E-01
2.659689E+00  2.533E-01
2.668583E+00  4.140E-01
2.677277E+00  8.647E-01
2.685777E+00  2.935E+00
2.694088E+00  5.723E+00
2.702215E+00  1.286E+00
2.710165E+00  5.013E-01
2.717942E+00  2.961E-01
2.725551E+00  2.244E-01
2.732997E+00  1.990E-01
2.740285E+00  1.951E-01
2.747419E+00  2.040E-01
2.754403E+00  2.227E-01
2.761242E+00  2.506E-01
2.767939E+00  2.886E-01
2.774499E+00  3.389E-01
2.780925E+00  4.054E-01
2.787220E+00  4.942E-01
2.793389E+00  6.150E-01
2.799435E+00  7.842E-01
2.805360E+00  1.030E+00
2.811169E+00  1.404E+00
2.816864E+00  2.011E+00
2.822448E+00  3.089E+00
2.827924E+00  5.269E+00
2.833294E+00  1.071E+01
2.838562E+00  3.063E+01
2.843730E+00  1.768E+02
2.848801E+00  9.367E+01
2.853776E+00  2.171E+01
2.858659E+00  9.071E+00
2.863452E+00  4.956E+00
2.868156E+00  3.132E+00
2.872774E+00  2.167E+00
2.877308E+00  1.594E+00
2.881761E+00  1.227E+00
2.886133E+00  9.762E-01
2.890428E+00  7.976E-01
2.894646E+00  6.656E-01
2.898789E+00  5.652E-01
2.902860E+00  4.870E-01
2.906860E+00  4.248E-01
2.910791E+00  3.745E-01
2.914654E+00  3.332E-01
2.918451E+00  2.989E-01
2.922183E+00  2.701E-01
2.925852E+00  2.456E-01
2.929459E+00  2.246E-01
2.933005E+00  2.064E-01
2.939923E+00  1.770E-01
2.946614E+00  1.542E-01
2.953088E+00  1.364E-01
2.959356E+00  1.224E-01
2.965425E+00  1.114E-01
2.971304E+00  1.031E-01
2.977001E+00  9.744E-02
2.982523E+00  9.491E-02
2.985221E+00  9.523E-02
2.987878E+00  9.706E-02
2.990494E+00  1.010E-01
2.993071E+00  1.081E-01
2.995609E+00  1.204E-01
2.998110E+00  1.415E-01
3.000573E+00  1.793E-01
3.003000E+00  2.532E-01
3.005391E+00  4.201E-01
3.007747E+00  9.123E-01
3.010069E+00  3.586E+00
3.012358E+00  3.984E+02
3.014613E+00  4.460E+00
3.016836E+00  1.210E+00
3.019027E+00  5.987E-01
3.021187E+00  3.795E-01
3.023317E+00  2.754E-01
3.025416E+00  2.174E-01
3.027486E+00  1.817E-01
3.029527E+00  1.582E-01
3.031540E+00  1.420E-01
3.033525E+00  1.305E-01
3.035483E+00  1.222E-01
3.037414E+00  1.163E-01
3.039319E+00  1.123E-01
3.041197E+00  1.098E-01
3.043051E+00  1.087E-01
3.044879E+00  1.090E-01
3.046683E+00  1.107E-01
3.048463E+00  1.140E-01
3.050219E+00  1.194E-01
3.051952E+00  1.273E-01
3.053663E+00  1.389E-01
3.055350E+00  1.558E-01
3.057016E+00  1.812E-01
3.058661E+00  2.207E-01
3.060284E+00  2.866E-01
3.061886E+00  4.073E-01
3.063467E+00  6.618E-01
3.065029E+00  1.318E+00
3.066570E+00  3.194E+00
3.068092E+00  3.558E+00
3.069595E+00  1.352E+00
3.071079E+00  5.844E-01
3.072544E+00  3.171E-01
3.073991E+00  2.015E-01
3.075421E+00  1.428E-01
3.076832E+00  1.095E-01
3.078227E+00  8.922E-02
3.079604E+00  7.608E-02
3.080964E+00  6.724E-02
3.082308E+00  6.113E-02
3.083636E+00  5.685E-02
3.084947E+00  5.386E-02
3.086243E+00  5.181E-02
3.087524E+00  5.049E-02
3.088789E+00  4.976E-02
3.091274E+00  4.980E-02
3.093702E+00  5.169E-02
3.094894E+00  5.340E-02
3.096073E+00  5.572E-02
3.097238E+00  5.880E-02
3.098389E+00  6.286E-02
3.099528E+00  6.824E-02
3.100653E+00  7.548E-02
3.101765E+00  8.552E-02
3.102865E+00  1.000E-01
3.103953E+00  1.222E-01
3.105028E+00  1.590E-01
3.106091E+00  2.288E-01
3.107142E+00  3.915E-01
3.108181E+00  9.468E-01
3.109209E+00  3.476E+00
3.110226E+00  9.529E-01
3.111231E+00  2.011E-01
3.112225E+00  6.418E-02
3.113208E+00  2.439E-02
3.114181E+00  9.903E-03
3.115143E+00  4.157E-03
3.116095E+00  1.987E-03
3.117036E+00  1.455E-03
3.117967E+00  1.737E-03
3.118888E+00  2.457E-03
3.119800E+00  3.437E-03
3.120702E+00  4.598E-03
3.121594E+00  5.911E-03
3.122477E+00  7.383E-03
3.123350E+00  9.044E-03
3.124214E+00  1.095E-02
3.125070E+00  1.320E-02
3.125916E+00  1.591E-02
3.126754E+00  1.930E-02
3.127582E+00  2.371E-02
3.128403E+00  2.970E-02
3.129215E+00  3.828E-02
3.130018E+00  5.145E-02
3.130814E+00  7.359E-02
3.131601E+00  1.160E-01
3.132381E+00  2.167E-01
3.133152E+00  5.772E-01
3.133916E+00  5.359E+00
3.134672E+00  3.767E+00
3.135420E+00  4.272E-01
3.136161E+00  1.453E-01
3.136895E+00  6.909E-02
3.137621E+00  3.872E-02
3.138341E+00  2.392E-02
3.139053E+00  1.577E-02
3.139758E+00  1.089E-02
3.140456E+00  7.785E-03
3.141148E+00  5.727E-03
3.141833E+00  4.314E-03
3.142511E+00  3.318E-03
3.143183E+00  2.603E-03
3.143848E+00  2.081E-03
3.144507E+00  1.696E-03
3.145159E+00  1.411E-03
3.145805E+00  1.200E-03
3.146445E+00  1.047E-03
3.147080E+00  9.392E-04
3.147708E+00  8.714E-04
3.148330E+00  8.424E-04
3.148946E+00  8.583E-04
3.149557E+00  9.386E-04
3.150162E+00  1.136E-03
3.150761E+00  1.608E-03
3.151355E+00  2.973E-03
3.151943E+00  9.602E-03
3.152526E+00  2.708E-01
3.153104E+00  2.226E-02
3.153676E+00  6.850E-03
3.154243E+00  4.792E-03
3.154805E+00  4.997E-03
3.155362E+00  6.824E-03
3.155913E+00  1.174E-02
3.156460E+00  2.588E-02
3.157002E+00  7.250E-02
3.157539E+00  1.103E-01
3.158071E+00  5.049E-02
3.158599E+00  2.430E-02
3.159122E+00  1.447E-02
3.159640E+00  9.923E-03
3.160153E+00  7.459E-03
3.160662E+00  5.965E-03
3.161167E+00  4.983E-03
3.161667E+00  4.298E-03
3.162163E+00  3.798E-03
3.162655E+00  3.419E-03
3.163142E+00  3.124E-03
3.163625E+00  2.889E-03
3.164104E+00  2.699E-03
3.164579E+00  2.544E-03
3.165516E+00  2.312E-03
3.166438E+00  2.168E-03
3.166893E+00  2.128E-03
3.167344E+00  2.112E-03
3.167791E+00  2.125E-03
3.168234E+00  2.176E-03
3.168674E+00  2.278E-03
3.169110E+00  2.450E-03
3.169543E+00  2.726E-03
3.169972E+00  3.160E-03
3.170397E+00  3.840E-03
3.170819E+00  4.928E-03
3.171237E+00  6.722E-03
3.171652E+00  9.834E-03
3.172063E+00  1.564E-02
3.172472E+00  2.771E-02
3.172876E+00  5.749E-02
3.173278E+00  1.558E-01
3.173676E+00  6.820E-01
3.174071E+00  1.058E+00
3.174463E+00  2.864E-01
3.174852E+00  1.247E-01
3.175237E+00  7.299E-02
3.175620E+00  5.019E-02
3.175999E+00  3.810E-02
3.176376E+00  3.090E-02
3.176749E+00  2.629E-02
3.177120E+00  2.319E-02
3.177487E+00  2.104E-02
3.177852E+00  1.955E-02
3.178214E+00  1.852E-02
3.178573E+00  1.787E-02
3.178929E+00  1.752E-02
3.179282E+00  1.745E-02
3.179633E+00  1.764E-02
3.179981E+00  1.813E-02
3.180326E+00  1.895E-02
3.180669E+00  2.017E-02
3.181009E+00  2.195E-02
3.181346E+00  2.449E-02
3.181681E+00  2.821E-02
3.182013E+00  3.381E-02
3.182343E+00  4.276E-02
3.182670E+00  5.836E-02
3.182995E+00  8.954E-02
3.183317E+00  1.684E-01
3.183637E+00  4.977E-01
3.183954E+00  1.256E+01
3.184269E+00  1.041E+00
3.184582E+00  1.804E-01
3.184892E+00  6.798E-02
3.185200E+00  3.421E-02
3.185506E+00  2.016E-02
3.185809E+00  1.319E-02
3.186110E+00  9.309E-03
3.186409E+00  6.981E-03
3.186706E+00  5.501E-03
3.187001E+00  4.519E-03
3.187293E+00  3.843E-03
3.187584E+00  3.355E-03
3.187872E+00  2.968E-03
3.188158E+00  2.533E-03
3.188442E+00  1.274E-02
3.188724E+00  3.286E-03
3.189004E+00  3.013E-03
3.189282E+00  2.950E-03
3.189558E+00  2.977E-03
3.189832E+00  3.074E-03
3.190104E+00  3.248E-03
3.190374E+00  3.525E-03
3.190642E+00  3.959E-03
3.190909E+00  4.663E-03
3.191173E+00  5.909E-03
3.191436E+00  8.475E-03
3.191696E+00  1.553E-02
3.191955E+00  5.470E-02
3.192212E+00  3.690E-01
3.192467E+00  1.618E-02
3.192721E+00  4.005E-03
3.192973E+00  1.819E-03
3.193222E+00  1.305E-03
3.193471E+00  1.507E-03
3.193717E+00  3.011E-03
3.193962E+00  7.277E-03
3.194205E+00  5.752E-03
3.194447E+00  3.417E-03
3.194686E+00  2.502E-03
3.194924E+00  2.111E-03
3.195161E+00  1.925E-03
3.195396E+00  1.838E-03
3.195629E+00  1.805E-03
3.195861E+00  1.805E-03
3.196091E+00  1.829E-03
3.196547E+00  1.931E-03
3.196997E+00  2.099E-03
3.197440E+00  2.340E-03
3.197660E+00  2.495E-03
3.197878E+00  2.679E-03
3.198095E+00  2.897E-03
3.198310E+00  3.158E-03
3.198524E+00  3.471E-03
3.198736E+00  3.851E-03
3.198947E+00  4.317E-03
3.199157E+00  4.893E-03
3.199365E+00  5.617E-03
3.199572E+00  6.537E-03
3.199778E+00  7.728E-03
3.199982E+00  9.300E-03
3.200185E+00  1.143E-02
3.200387E+00  1.438E-02
3.200587E+00  1.864E-02
3.200786E+00  2.505E-02
3.200984E+00  3.524E-02
3.201180E+00  5.272E-02
3.201375E+00  8.600E-02
3.201569E+00  1.602E-01
3.201762E+00  3.731E-01
3.201954E+00  1.284E+00
3.202144E+00  2.744E+00
3.202333E+00  8.001E-01
3.202521E+00  3.084E-01
3.202708E+00  1.627E-01
3.202893E+00  1.023E-01
3.203078E+00  7.177E-02
3.203261E+00  5.422E-02
3.203443E+00  4.323E-02
3.203624E+00  3.594E-02
3.203804E+00  3.089E-02
3.203982E+00  2.731E-02
3.204160E+00  2.475E-02
3.204337E+00  2.294E-02
3.204512E+00  2.171E-02
3.204686E+00  2.099E-02
3.204860E+00  2.075E-02
3.205032E+00  2.100E-02
3.205203E+00  2.186E-02
3.205373E+00  2.354E-02
3.205542E+00  2.649E-02
3.205710E+00  3.168E-02
3.205877E+00  4.153E-02
3.206043E+00  6.346E-02
3.206208E+00  1.320E-01
3.206372E+00  7.025E-01
3.206535E+00  1.655E+00
3.206697E+00  9.750E-02
3.206858E+00  2.710E-02
3.207018E+00  1.167E-02
3.207177E+00  6.440E-03
3.207336E+00  4.268E-03
3.207493E+00  3.266E-03
3.207649E+00  2.785E-03
3.207805E+00  2.562E-03
3.207959E+00  2.482E-03
3.208113E+00  2.490E-03
3.208265E+00  2.573E-03
3.208417E+00  2.782E-03
3.208568E+00  3.769E-03
3.208718E+00  1.005E-01
3.208867E+00  4.292E-03
3.209015E+00  3.808E-03
3.209163E+00  3.997E-03
3.209309E+00  4.429E-03
3.209455E+00  5.131E-03
3.209600E+00  6.295E-03
3.209744E+00  8.467E-03
3.209887E+00  1.356E-02
3.210029E+00  3.355E-02
3.210171E+00  7.475E-01
3.210311E+00  2.087E-02
3.210451E+00  2.121E-03
3.210590E+00  2.500E-04
3.210729E+00  1.498E-05
3.210866E+00  9.095E-05
3.211003E+00  2.362E-04
3.211274E+00  5.463E-04
3.211675E+00  9.946E-04
3.211807E+00  1.158E-03
3.211938E+00  1.344E-03
3.212069E+00  1.575E-03
3.212199E+00  1.886E-03
3.212328E+00  2.360E-03
3.212457E+00  3.172E-03
3.212585E+00  4.393E-03
3.212712E+00  2.802E-03
3.212838E+00  4.149E-04
3.212964E+00  1.966E-04
3.213089E+00  3.475E-04
3.213213E+00  5.236E-04
3.213337E+00  6.840E-04
3.213460E+00  8.291E-04
3.213945E+00  1.355E-03
3.214183E+00  1.643E-03
3.214302E+00  1.806E-03
3.214420E+00  1.987E-03
3.214537E+00  2.191E-03
3.214653E+00  2.425E-03
3.214769E+00  2.696E-03
3.214884E+00  3.016E-03
3.214999E+00  3.397E-03
3.215113E+00  3.859E-03
3.215226E+00  4.425E-03
3.215339E+00  5.131E-03
3.215451E+00  6.028E-03
3.215562E+00  7.190E-03
3.215673E+00  8.730E-03
3.215784E+00  1.083E-02
3.215893E+00  1.377E-02
3.216003E+00  1.809E-02
3.216111E+00  2.473E-02
3.216219E+00  3.565E-02
3.216327E+00  5.528E-02
3.216434E+00  9.547E-02
3.216540E+00  1.963E-01
3.216646E+00  5.521E-01
3.216751E+00  2.192E+00
3.216856E+00  1.196E+00
3.216960E+00  3.654E-01
3.217064E+00  1.688E-01
3.217167E+00  9.842E-02
3.217269E+00  6.585E-02
3.217372E+00  4.821E-02
3.217473E+00  3.764E-02
3.217574E+00  3.088E-02
3.217675E+00  2.637E-02
3.217774E+00  2.331E-02
3.217874E+00  2.126E-02
3.217973E+00  2.000E-02
3.218071E+00  1.943E-02
3.218169E+00  1.957E-02
3.218267E+00  2.062E-02
3.218364E+00  2.308E-02
3.218460E+00  2.830E-02
3.218556E+00  4.063E-02
3.218652E+00  8.145E-02
3.218747E+00  5.168E-01
3.218841E+00  3.911E-01
3.218935E+00  3.189E-02
3.219029E+00  9.353E-03
3.219122E+00  4.529E-03
3.219215E+00  3.057E-03
3.219307E+00  2.552E-03
3.219398E+00  2.395E-03
3.219490E+00  2.381E-03
3.219581E+00  2.435E-03
3.219671E+00  2.526E-03
3.219761E+00  2.645E-03
3.219850E+00  2.797E-03
3.219939E+00  3.016E-03
3.220028E+00  3.482E-03
3.220116E+00  9.917E-03
3.220204E+00  4.696E-03
3.220291E+00  3.788E-03
3.220378E+00  4.004E-03
3.220465E+00  4.414E-03
3.220551E+00  5.014E-03
3.220636E+00  5.914E-03
3.220721E+00  7.384E-03
3.220806E+00  1.015E-02
3.220891E+00  1.689E-02
3.220975E+00  4.629E-02
3.221058E+00  1.414E+00
3.221141E+00  1.750E-02
3.221224E+00  1.936E-03
3.221306E+00  2.051E-04
3.221388E+00  1.581E-05
3.221470E+00  1.347E-04
3.221551E+00  3.251E-04
3.221792E+00  9.406E-04
3.221872E+00  1.153E-03
3.221951E+00  1.380E-03
3.222030E+00  1.636E-03
3.222109E+00  1.939E-03
3.222187E+00  2.326E-03
3.222265E+00  2.859E-03
3.222342E+00  3.675E-03
3.222419E+00  5.098E-03
3.222496E+00  7.957E-03
3.222572E+00  1.272E-02
3.222648E+00  7.998E-03
3.222724E+00  1.934E-03
3.222799E+00  5.890E-04
3.222874E+00  3.993E-04
3.222949E+00  4.748E-04
3.223023E+00  6.189E-04
3.223170E+00  9.490E-04
3.223317E+00  1.294E-03
3.223461E+00  1.667E-03
3.223605E+00  2.095E-03
3.223676E+00  2.342E-03
3.223747E+00  2.618E-03
3.223817E+00  2.932E-03
3.223888E+00  3.293E-03
3.223958E+00  3.713E-03
3.224027E+00  4.210E-03
3.224096E+00  4.805E-03
3.224165E+00  5.527E-03
3.224234E+00  6.419E-03
3.224303E+00  7.540E-03
3.224371E+00  8.977E-03
3.224438E+00  1.086E-02
3.224506E+00  1.340E-02
3.224573E+00  1.693E-02
3.224640E+00  2.203E-02
3.224706E+00  2.978E-02
3.224773E+00  4.234E-02
3.224838E+00  6.453E-02
3.224904E+00  1.090E-01
3.224969E+00  2.170E-01
3.225035E+00  5.786E-01
3.225099E+00  2.225E+00
3.225164E+00  1.503E+00
3.225228E+00  4.447E-01
3.225292E+00  1.981E-01
3.225356E+00  1.124E-01
3.225419E+00  7.361E-02
3.225482E+00  5.290E-02
3.225545E+00  4.066E-02
3.225607E+00  3.290E-02
3.225670E+00  2.780E-02
3.225732E+00  2.440E-02
3.225793E+00  2.221E-02
3.225855E+00  2.101E-02
3.225916E+00  2.078E-02
3.225977E+00  2.178E-02
3.226038E+00  2.489E-02
3.226098E+00  3.313E-02
3.226158E+00  6.181E-02
3.226218E+00  4.268E-01
3.226278E+00  1.486E-01
3.226337E+00  1.295E-02
3.226396E+00  4.122E-03
3.226455E+00  2.563E-03
3.226514E+00  2.261E-03
3.226572E+00  2.264E-03
3.226688E+00  2.459E-03
3.226917E+00  2.940E-03
3.226974E+00  3.090E-03
3.227030E+00  3.281E-03
3.227086E+00  3.591E-03
3.227142E+00  6.377E-03
3.227198E+00  3.744E-03
3.227253E+00  3.987E-03
3.227308E+00  4.399E-03
3.227363E+00  4.946E-03
3.227418E+00  5.716E-03
3.227473E+00  6.888E-03
3.227527E+00  8.878E-03
3.227581E+00  1.290E-02
3.227635E+00  2.413E-02
3.227688E+00  9.846E-02
3.227742E+00  2.372E-01
3.227795E+00  9.228E-03
3.227848E+00  1.216E-03
3.227901E+00  1.008E-04
3.227953E+00  1.867E-05
3.228006E+00  1.696E-04
3.228058E+00  3.795E-04
3.228213E+00  1.064E-03
3.228264E+00  1.308E-03
3.228315E+00  1.576E-03
3.228366E+00  1.882E-03
3.228416E+00  2.252E-03
3.228467E+00  2.728E-03
3.228517E+00  3.388E-03
3.228567E+00  4.396E-03
3.228617E+00  6.142E-03
3.228666E+00  9.664E-03
3.228716E+00  1.701E-02
3.228765E+00  1.711E-02
3.228814E+00  5.275E-03
3.228863E+00  1.540E-03
3.228911E+00  6.883E-04
3.228960E+00  5.496E-04
3.229008E+00  6.198E-04
3.229056E+00  7.614E-04
3.229104E+00  9.315E-04
3.229199E+00  1.311E-03
3.229293E+00  1.736E-03
3.229340E+00  1.971E-03
3.229387E+00  2.228E-03
3.229433E+00  2.510E-03
3.229479E+00  2.826E-03
3.229526E+00  3.183E-03
3.229572E+00  3.591E-03
3.229617E+00  4.063E-03
3.229663E+00  4.617E-03
3.229708E+00  5.275E-03
3.229754E+00  6.069E-03
3.229799E+00  7.039E-03
3.229843E+00  8.245E-03
3.229888E+00  9.775E-03
3.229933E+00  1.175E-02
3.229977E+00  1.438E-02
3.230021E+00  1.798E-02
3.230065E+00  2.307E-02
3.230109E+00  3.061E-02
3.230153E+00  4.244E-02
3.230196E+00  6.247E-02
3.230240E+00  1.002E-01
3.230283E+00  1.835E-01
3.230326E+00  4.216E-01
3.230369E+00  1.429E+00
3.230411E+00  2.730E+00
3.230454E+00  7.754E-01
3.230496E+00  2.967E-01
3.230538E+00  1.542E-01
3.230580E+00  9.528E-02
3.230622E+00  6.568E-02
3.230664E+00  4.884E-02
3.230705E+00  3.846E-02
3.230747E+00  3.172E-02
3.230788E+00  2.725E-02
3.230829E+00  2.434E-02
3.230870E+00  2.264E-02
3.230911E+00  2.209E-02
3.230951E+00  2.301E-02
3.230992E+00  2.660E-02
3.231032E+00  3.769E-02
3.231072E+00  9.411E-02
3.231112E+00  8.367E+00
3.231152E+00  2.063E-02
3.231192E+00  4.000E-03
3.231231E+00  2.321E-03
3.231271E+00  2.190E-03
3.231310E+00  2.308E-03
3.231388E+00  2.590E-03
3.231580E+00  3.148E-03
3.231656E+00  3.441E-03
3.231694E+00  3.648E-03
3.231732E+00  4.155E-03
3.231769E+00  3.959E-03
3.231807E+00  4.358E-03
3.231844E+00  4.831E-03
3.231881E+00  5.472E-03
3.231918E+00  6.405E-03
3.231955E+00  7.883E-03
3.231992E+00  1.054E-02
3.232028E+00  1.642E-02
3.232065E+00  3.654E-02
3.232101E+00  3.442E-01
3.232137E+00  5.639E-02
3.232173E+00  4.930E-03
3.232209E+00  6.895E-04
3.232245E+00  3.280E-05
3.232280E+00  4.121E-05
3.232316E+00  2.149E-04
3.232351E+00  4.331E-04
3.232387E+00  6.632E-04
3.232457E+00  1.142E-03
3.232492E+00  1.402E-03
3.232526E+00  1.688E-03
3.232561E+00  2.018E-03
3.232596E+00  2.419E-03
3.232630E+00  2.936E-03
3.232664E+00  3.652E-03
3.232698E+00  4.736E-03
3.232732E+00  6.584E-03
3.232766E+00  1.026E-02
3.232800E+00  1.843E-02
3.232834E+00  2.475E-02
3.232867E+00  9.502E-03
3.232901E+00  2.763E-03
3.232934E+00  1.088E-03
3.232967E+00  6.871E-04
3.233000E+00  6.614E-04
3.233033E+00  7.672E-04
3.233066E+00  9.268E-04
3.233099E+00  1.113E-03
3.233164E+00  1.536E-03
3.233196E+00  1.771E-03
3.233228E+00  2.025E-03
3.233260E+00  2.302E-03
3.233292E+00  2.608E-03
3.233324E+00  2.949E-03
3.233356E+00  3.334E-03
3.233388E+00  3.774E-03
3.233419E+00  4.282E-03
3.233451E+00  4.877E-03
3.233482E+00  5.581E-03
3.233513E+00  6.426E-03
3.233545E+00  7.455E-03
3.233576E+00  8.730E-03
3.233606E+00  1.034E-02
3.233637E+00  1.240E-02
3.233668E+00  1.513E-02
3.233699E+00  1.883E-02
3.233729E+00  2.402E-02
3.233760E+00  3.162E-02
3.233790E+00  4.336E-02
3.233820E+00  6.285E-02
3.233850E+00  9.854E-02
3.233880E+00  1.741E-01
3.233910E+00  3.755E-01
3.233940E+00  1.152E+00
3.233969E+00  3.253E+00
3.233999E+00  1.089E+00
3.234028E+00  3.811E-01
3.234058E+00  1.877E-01
3.234087E+00  1.122E-01
3.234116E+00  7.550E-02
3.234145E+00  5.511E-02
3.234174E+00  4.273E-02
3.234203E+00  3.476E-02
3.234232E+00  2.949E-02
3.234261E+00  2.602E-02
3.234289E+00  2.393E-02
3.234318E+00  2.312E-02
3.234346E+00  2.390E-02
3.234374E+00  2.763E-02
3.234403E+00  4.037E-02
3.234431E+00  1.254E-01
3.234459E+00  3.594E-01
3.234487E+00  9.184E-03
3.234514E+00  2.618E-03
3.234542E+00  2.155E-03
3.234570E+00  2.306E-03
3.234597E+00  2.502E-03
3.234625E+00  2.667E-03
3.234679E+00  2.906E-03
3.234788E+00  3.299E-03
3.234841E+00  3.565E-03
3.234894E+00  3.894E-03
3.234921E+00  4.355E-03
3.234947E+00  4.686E-03
3.234974E+00  5.186E-03
3.235000E+00  5.901E-03
3.235026E+00  6.980E-03
3.235052E+00  8.753E-03
3.235078E+00  1.210E-02
3.235104E+00  2.024E-02
3.235130E+00  5.486E-02
3.235155E+00  1.579E+00
3.235181E+00  2.620E-02
3.235206E+00  3.119E-03
3.235232E+00  4.278E-04
3.235257E+00  9.336E-06
3.235282E+00  6.899E-05
3.235308E+00  2.549E-04
3.235333E+00  4.761E-04
3.235383E+00  9.461E-04
3.235408E+00  1.194E-03
3.235433E+00  1.460E-03
3.235457E+00  1.754E-03
3.235482E+00  2.095E-03
3.235506E+00  2.510E-03
3.235531E+00  3.043E-03
3.235555E+00  3.778E-03
3.235580E+00  4.879E-03
3.235604E+00  6.725E-03
3.235628E+00  1.032E-02
3.235652E+00  1.842E-02
3.235676E+00  2.959E-02
3.235700E+00  1.447E-02
3.235724E+00  4.208E-03
3.235748E+00  1.549E-03
3.235772E+00  8.505E-04
3.235795E+00  7.171E-04
3.235819E+00  7.804E-04
3.235842E+00  9.241E-04
3.235866E+00  1.107E-03
3.235889E+00  1.313E-03
3.235912E+00  1.539E-03
3.235959E+00  2.048E-03
3.235982E+00  2.338E-03
3.236005E+00  2.658E-03
3.236028E+00  3.015E-03
3.236050E+00  3.419E-03
3.236073E+00  3.879E-03
3.236096E+00  4.409E-03
3.236118E+00  5.029E-03
3.236141E+00  5.762E-03
3.236163E+00  6.640E-03
3.236186E+00  7.707E-03
3.236208E+00  9.024E-03
3.236231E+00  1.068E-02
3.236253E+00  1.280E-02
3.236275E+00  1.559E-02
3.236297E+00  1.935E-02
3.236319E+00  2.460E-02
3.236341E+00  3.223E-02
3.236363E+00  4.391E-02
3.236385E+00  6.306E-02
3.236406E+00  9.755E-02
3.236428E+00  1.687E-01
3.236449E+00  3.507E-01
3.236471E+00  1.009E+00
3.236492E+00  3.339E+00
3.236514E+00  1.380E+00
3.236535E+00  4.545E-01
3.236556E+00  2.153E-01
3.236578E+00  1.257E-01
3.236599E+00  8.324E-02
3.236620E+00  6.001E-02
3.236641E+00  4.605E-02
3.236662E+00  3.713E-02
3.236683E+00  3.123E-02
3.236704E+00  2.734E-02
3.236724E+00  2.495E-02
3.236745E+00  2.391E-02
3.236766E+00  2.454E-02
3.236786E+00  2.824E-02
3.236807E+00  4.163E-02
3.236827E+00  1.465E-01
3.236847E+00  1.621E-01
3.236868E+00  6.134E-03
3.236888E+00  2.272E-03
3.236908E+00  2.204E-03
3.236928E+00  2.448E-03
3.236948E+00  2.665E-03
3.236968E+00  2.829E-03
3.236986E+00  2.941E-03
3.242005E+00  2.982E-03
3.263166E+00  3.698E-03
3.271002E+00  4.038E-03
3.286169E+00  4.855E-03
3.307731E+00  6.006E-03
3.334441E+00  7.258E-03
3.353079E+00  8.315E-03
3.417515E+00  1.243E-02
3.440336E+00  1.427E-02
3.461187E+00  1.646E-02
3.476598E+00  1.854E-02
3.487481E+00  2.044E-02
3.497828E+00  2.283E-02
3.504446E+00  2.488E-02
3.510850E+00  2.756E-02
3.513975E+00  2.926E-02
3.517050E+00  3.132E-02
3.520076E+00  3.390E-02
3.523054E+00  3.727E-02
3.525986E+00  4.199E-02
3.528871E+00  4.919E-02
3.531712E+00  6.176E-02
3.534509E+00  8.819E-02
3.537262E+00  1.546E-01
3.539973E+00  2.446E-01
3.542643E+00  1.732E-01
3.545273E+00  1.213E-01
3.547863E+00  1.110E-01
3.550413E+00  1.200E-01
3.552926E+00  1.432E-01
3.555401E+00  1.807E-01
3.557840E+00  2.251E-01
3.560243E+00  2.387E-01
3.562610E+00  1.867E-01
3.564943E+00  1.154E-01
3.567242E+00  6.709E-02
3.569508E+00  4.048E-02
3.571742E+00  2.627E-02
3.573943E+00  1.855E-02
3.576113E+00  1.428E-02
3.578252E+00  1.191E-02
3.580361E+00  1.065E-02
3.582441E+00  1.004E-02
3.584491E+00  9.857E-03
3.586513E+00  9.945E-03
3.588507E+00  1.022E-02
3.592413E+00  1.116E-02
3.596213E+00  1.248E-02
3.599910E+00  1.416E-02
3.603510E+00  1.627E-02
3.607014E+00  1.891E-02
3.613750E+00  2.512E-02
3.615380E+00  2.556E-02
3.616988E+00  2.293E-02
3.618576E+00  1.651E-02
3.620144E+00  9.795E-03
3.621692E+00  5.674E-03
3.623220E+00  3.902E-03
3.624729E+00  3.433E-03
3.626219E+00  3.574E-03
3.627690E+00  3.978E-03
3.630578E+00  5.019E-03
3.634777E+00  6.545E-03
3.640141E+00  8.257E-03
3.650125E+00  1.098E-02
3.660294E+00  1.380E-02
3.666518E+00  1.588E-02
3.667516E+00  1.609E-02
3.668503E+00  1.596E-02
3.669478E+00  1.477E-02
3.670444E+00  1.044E-02
3.671398E+00  2.903E-03
3.672343E+00  3.260E-03
3.673277E+00  7.875E-03
3.674201E+00  1.122E-02
3.675116E+00  1.343E-02
3.676020E+00  1.506E-02
3.679544E+00  2.022E-02
3.680402E+00  2.178E-02
3.681251E+00  2.374E-02
3.682092E+00  2.638E-02
3.682923E+00  3.024E-02
3.683746E+00  3.637E-02
3.684561E+00  4.684E-02
3.685367E+00  6.444E-02
3.686165E+00  8.498E-02
3.686954E+00  8.704E-02
3.687736E+00  7.187E-02
3.688510E+00  5.908E-02
3.689276E+00  5.235E-02
3.690034E+00  4.976E-02
3.690785E+00  4.984E-02
3.691528E+00  5.187E-02
3.692264E+00  5.562E-02
3.692993E+00  6.102E-02
3.693714E+00  6.796E-02
3.694428E+00  7.573E-02
3.695136E+00  8.207E-02
3.695836E+00  8.256E-02
3.696529E+00  7.289E-02
3.697216E+00  5.144E-02
3.697896E+00  5.851E-02
3.698570E+00  3.587E-02
3.699237E+00  2.558E-02
3.699898E+00  1.950E-02
3.700552E+00  1.584E-02
3.701200E+00  1.365E-02
3.701842E+00  1.235E-02
3.702478E+00  1.161E-02
3.703108E+00  1.122E-02
3.703732E+00  1.106E-02
3.704962E+00  1.116E-02
3.706765E+00  1.179E-02
3.709661E+00  1.331E-02
3.712427E+00  1.511E-02
3.715071E+00  1.732E-02
3.716603E+00  1.902E-02
3.718094E+00  2.124E-02
3.719067E+00  2.318E-02
3.720023E+00  2.566E-02
3.721886E+00  3.185E-02
3.722342E+00  3.268E-02
3.722794E+00  3.183E-02
3.723243E+00  2.809E-02
3.723687E+00  2.195E-02
3.724128E+00  1.609E-02
3.724565E+00  1.231E-02
3.724999E+00  1.048E-02
3.725429E+00  9.867E-03
3.725855E+00  9.906E-03
3.726278E+00  1.027E-02
3.727113E+00  1.138E-02
3.729538E+00  1.522E-02
3.730706E+00  1.732E-02
3.731847E+00  1.991E-02
3.732593E+00  2.223E-02
3.732961E+00  2.374E-02
3.733327E+00  2.561E-02
3.733689E+00  2.805E-02
3.734049E+00  3.140E-02
3.734406E+00  3.624E-02
3.734760E+00  4.366E-02
3.735112E+00  5.539E-02
3.735460E+00  7.296E-02
3.735806E+00  9.176E-02
3.736150E+00  9.632E-02
3.736490E+00  8.459E-02
3.736828E+00  7.139E-02
3.737164E+00  6.311E-02
3.737497E+00  5.936E-02
3.737827E+00  5.878E-02
3.738155E+00  5.923E-02
3.738480E+00  5.070E-02
3.738803E+00  3.333E-02
3.739124E+00  3.966E-02
3.739757E+00  5.965E-02
3.740382E+00  7.835E-02
3.740690E+00  8.487E-02
3.740997E+00  8.583E-02
3.741301E+00  7.930E-02
3.741602E+00  6.691E-02
3.741902E+00  5.287E-02
3.742199E+00  4.053E-02
3.742495E+00  3.108E-02
3.742788E+00  2.433E-02
3.743079E+00  1.962E-02
3.743367E+00  1.627E-02
3.743654E+00  1.320E-02
3.743939E+00  1.493E-02
3.744221E+00  1.295E-02
3.744502E+00  1.213E-02
3.744780E+00  1.168E-02
3.745057E+00  1.143E-02
3.745604E+00  1.132E-02
3.746410E+00  1.165E-02
3.747972E+00  1.278E-02
3.748225E+00  1.279E-02
3.748478E+00  2.473E-02
3.748728E+00  1.496E-02
3.748977E+00  1.483E-02
3.749712E+00  1.558E-02
3.750670E+00  1.708E-02
3.751602E+00  1.902E-02
3.752284E+00  2.094E-02
3.752953E+00  2.347E-02
3.753609E+00  2.685E-02
3.754251E+00  3.063E-02
3.754463E+00  3.147E-02
3.754673E+00  3.143E-02
3.754881E+00  2.966E-02
3.755089E+00  2.559E-02
3.755295E+00  2.006E-02
3.755499E+00  1.504E-02
3.755702E+00  1.170E-02
3.755904E+00  9.947E-03
3.756105E+00  9.270E-03
3.756304E+00  9.212E-03
3.756502E+00  9.486E-03
3.756895E+00  1.046E-02
3.758783E+00  1.616E-02
3.759506E+00  1.871E-02
3.760036E+00  2.113E-02
3.760384E+00  2.325E-02
3.760557E+00  2.456E-02
3.760728E+00  2.612E-02
3.760899E+00  2.803E-02
3.761068E+00  3.043E-02
3.761236E+00  3.350E-02
3.761404E+00  3.743E-02
3.761570E+00  4.188E-02
3.761735E+00  4.329E-02
3.761899E+00  4.417E-02
3.762063E+00  6.421E-02
3.762225E+00  8.166E-02
3.762386E+00  8.486E-02
3.762546E+00  7.637E-02
3.762706E+00  6.597E-02
3.762864E+00  5.838E-02
3.763022E+00  5.394E-02
3.763178E+00  5.191E-02
3.763334E+00  5.166E-02
3.763489E+00  5.275E-02
3.763642E+00  5.479E-02
3.763795E+00  2.830E-01
3.763947E+00  6.700E-02
3.764098E+00  7.401E-02
3.764248E+00  8.510E-02
3.764398E+00  1.069E-01
3.764546E+00  6.573E-02
3.764694E+00  5.182E-02
3.764840E+00  5.901E-02
3.764986E+00  5.022E-02
3.765131E+00  3.668E-02
3.765276E+00  2.474E-02
3.765419E+00  1.677E-02
3.765561E+00  1.293E-02
3.765703E+00  1.338E-02
3.765844E+00  2.089E-02
3.765984E+00  5.017E-02
3.766123E+00  1.534E-01
3.766262E+00  1.205E-01
3.766400E+00  4.837E-02
3.766536E+00  2.630E-02
3.766673E+00  1.804E-02
3.766808E+00  1.432E-02
3.766943E+00  1.249E-02
3.767076E+00  1.161E-02
3.767209E+00  1.128E-02
3.767342E+00  1.148E-02
3.767473E+00  1.315E-02
3.767604E+00  1.183E-01
3.767734E+00  1.554E-02
3.767864E+00  1.230E-02
3.767992E+00  1.208E-02
3.768120E+00  1.224E-02
3.768500E+00  1.327E-02
3.768997E+00  1.510E-02
3.769482E+00  1.736E-02
3.770423E+00  2.244E-02
3.770537E+00  2.291E-02
3.770651E+00  2.276E-02
3.770765E+00  2.133E-02
3.770878E+00  1.830E-02
3.770990E+00  1.439E-02
3.771102E+00  1.094E-02
3.771213E+00  8.729E-03
3.771323E+00  7.681E-03
3.771433E+00  7.411E-03
3.771543E+00  7.586E-03
3.771651E+00  7.992E-03
3.771867E+00  9.074E-03
3.773015E+00  1.526E-02
3.773317E+00  1.719E-02
3.773614E+00  1.966E-02
3.773809E+00  2.196E-02
3.773906E+00  2.346E-02
3.774003E+00  2.533E-02
3.774099E+00  2.772E-02
3.774195E+00  3.081E-02
3.774290E+00  3.445E-02
3.774384E+00  3.716E-02
3.774478E+00  4.717E-02
3.774572E+00  8.051E-02
3.774665E+00  1.406E-01
3.774758E+00  2.545E-01
3.774850E+00  4.175E-01
3.774942E+00  3.867E-02
3.775034E+00  4.821E-02
3.775125E+00  5.201E-02
3.775215E+00  3.538E-02
3.775305E+00  4.257E-02
3.775484E+00  4.901E-02
3.775572E+00  5.277E-02
3.775661E+00  5.754E-02
3.775749E+00  6.340E-02
3.775923E+00  7.629E-02
3.776009E+00  7.918E-02
3.776096E+00  7.442E-02
3.776181E+00  6.056E-02
3.776267E+00  4.280E-02
3.776351E+00  2.789E-02
3.776436E+00  1.834E-02
3.776520E+00  1.361E-02
3.776604E+00  1.298E-02
3.776687E+00  1.789E-02
3.776770E+00  3.873E-02
3.776852E+00  9.649E-02
3.776934E+00  5.142E-02
3.777016E+00  2.255E-02
3.777097E+00  1.453E-02
3.777178E+00  1.191E-02
3.777259E+00  1.119E-02
3.777339E+00  1.143E-02
3.777418E+00  1.247E-02
3.777498E+00  1.479E-02
3.777577E+00  2.063E-02
3.777655E+00  4.585E-02
3.777734E+00  4.773E-01
3.777812E+00  4.243E-02
3.777889E+00  1.712E-02
3.777966E+00  1.319E-02
3.778043E+00  1.225E-02
3.778119E+00  1.213E-02
3.778195E+00  1.231E-02
3.778346E+00  1.300E-02
3.778718E+00  1.537E-02
3.779081E+00  1.775E-02
3.779224E+00  1.860E-02
3.779366E+00  1.990E-02
3.779506E+00  2.155E-02
3.779576E+00  2.190E-02
3.779645E+00  2.121E-02
3.779714E+00  1.898E-02
3.779783E+00  1.545E-02
3.779851E+00  1.179E-02
3.779919E+00  9.065E-03
3.779987E+00  7.556E-03
3.780055E+00  6.982E-03
3.780122E+00  6.984E-03
3.780189E+00  7.301E-03
3.780322E+00  8.321E-03
3.781032E+00  1.452E-02
3.781220E+00  1.658E-02
3.781282E+00  1.744E-02
3.781343E+00  1.848E-02
3.781405E+00  1.980E-02
3.781466E+00  2.163E-02
3.781527E+00  2.455E-02
3.781588E+00  3.037E-02
3.781648E+00  4.802E-02
3.781708E+00  1.963E-01
3.781768E+00  7.327E-02
3.781828E+00  1.848E-02
3.781887E+00  9.857E-03
3.781947E+00  1.384E-02
3.782005E+00  1.960E-02
3.782064E+00  2.810E-02
3.782122E+00  1.910E-02
3.782181E+00  3.489E-02
3.782239E+00  4.901E-02
3.782296E+00  5.844E-02
3.782354E+00  5.711E-02
3.782411E+00  5.182E-02
3.782468E+00  4.797E-02
3.782524E+00  4.632E-02
3.782581E+00  4.644E-02
3.782637E+00  4.802E-02
3.782693E+00  5.092E-02
3.782749E+00  5.516E-02
3.782804E+00  6.083E-02
3.782914E+00  7.484E-02
3.782969E+00  7.864E-02
3.783024E+00  7.331E-02
3.783078E+00  5.696E-02
3.783132E+00  3.755E-02
3.783186E+00  2.330E-02
3.783240E+00  1.560E-02
3.783293E+00  1.282E-02
3.783346E+00  1.400E-02
3.783399E+00  2.095E-02
3.783452E+00  4.477E-02
3.783505E+00  7.181E-02
3.783557E+00  2.899E-02
3.783609E+00  1.495E-02
3.783661E+00  1.157E-02
3.783713E+00  1.101E-02
3.783764E+00  1.154E-02
3.783816E+00  1.278E-02
3.783867E+00  1.481E-02
3.783918E+00  1.827E-02
3.783968E+00  2.523E-02
3.784019E+00  4.489E-02
3.784069E+00  1.589E-01
3.784119E+00  2.297E-01
3.784169E+00  3.674E-02
3.784218E+00  1.770E-02
3.784268E+00  1.355E-02
3.784317E+00  1.242E-02
3.784366E+00  1.223E-02
3.784415E+00  1.240E-02
3.784512E+00  1.316E-02
3.784751E+00  1.549E-02
3.784939E+00  1.684E-02
3.784986E+00  1.732E-02
3.785032E+00  1.802E-02
3.785170E+00  2.095E-02
3.785216E+00  2.150E-02
3.785261E+00  2.110E-02
3.785306E+00  1.924E-02
3.785352E+00  1.599E-02
3.785396E+00  1.237E-02
3.785441E+00  9.496E-03
3.785486E+00  7.801E-03
3.785530E+00  7.085E-03
3.785574E+00  6.997E-03
3.785618E+00  7.262E-03
3.785662E+00  7.710E-03
3.785836E+00  9.980E-03
3.786092E+00  1.352E-02
3.786176E+00  1.495E-02
3.786217E+00  1.583E-02
3.786259E+00  1.692E-02
3.786300E+00  1.842E-02
3.786341E+00  2.078E-02
3.786383E+00  2.544E-02
3.786424E+00  3.863E-02
3.786464E+00  9.226E-02
3.786505E+00  4.698E-02
3.786545E+00  2.184E-02
3.786586E+00  1.778E-02
3.786626E+00  1.640E-02
3.786666E+00  1.429E-02
3.786706E+00  1.138E-02
3.786745E+00  1.523E-02
3.786785E+00  2.258E-02
3.786824E+00  1.215E-01
3.786864E+00  1.536E-02
3.786903E+00  2.166E-02
3.786942E+00  2.738E-02
3.786981E+00  3.545E-02
3.787019E+00  4.721E-02
3.787058E+00  5.840E-02
3.787096E+00  5.973E-02
3.787134E+00  5.413E-02
3.787172E+00  4.914E-02
3.787210E+00  4.664E-02
3.787248E+00  4.626E-02
3.787286E+00  4.753E-02
3.787324E+00  5.027E-02
3.787361E+00  5.448E-02
3.787398E+00  6.024E-02
3.787472E+00  7.448E-02
3.787509E+00  7.723E-02
3.787546E+00  6.879E-02
3.787582E+00  4.954E-02
3.787619E+00  3.058E-02
3.787655E+00  1.886E-02
3.787691E+00  1.367E-02
3.787727E+00  1.289E-02
3.787763E+00  1.591E-02
3.787799E+00  2.565E-02
3.787835E+00  5.348E-02
3.787870E+00  4.949E-02
3.787906E+00  1.894E-02
3.787941E+00  1.195E-02
3.787976E+00  1.081E-02
3.788011E+00  1.134E-02
3.788046E+00  1.265E-02
3.788081E+00  1.464E-02
3.788116E+00  1.763E-02
3.788150E+00  2.261E-02
3.788184E+00  3.265E-02
3.788219E+00  6.097E-02
3.788253E+00  2.091E-01
3.788287E+00  2.330E-01
3.788321E+00  4.407E-02
3.788355E+00  2.001E-02
3.788388E+00  1.437E-02
3.788422E+00  1.269E-02
3.788455E+00  1.228E-02
3.788489E+00  1.236E-02
3.788555E+00  1.305E-02
3.788686E+00  1.472E-02
3.788783E+00  1.552E-02
3.788815E+00  1.589E-02
3.788847E+00  1.648E-02
3.788879E+00  1.731E-02
3.788974E+00  2.054E-02
3.789006E+00  2.120E-02
3.789037E+00  2.098E-02
3.789068E+00  1.937E-02
3.789100E+00  1.635E-02
3.789131E+00  1.280E-02
3.789162E+00  9.865E-03
3.789192E+00  8.060E-03
3.789223E+00  7.251E-03
3.789254E+00  7.102E-03
3.789284E+00  7.332E-03
3.789315E+00  7.763E-03
3.789405E+00  9.461E-03
3.789554E+00  1.253E-02
3.789613E+00  1.398E-02
3.789642E+00  1.486E-02
3.789672E+00  1.596E-02
3.789701E+00  1.747E-02
3.789730E+00  1.984E-02
3.789759E+00  2.446E-02
3.789787E+00  3.628E-02
3.789816E+00  5.923E-02
3.789845E+00  3.279E-02
3.789873E+00  1.965E-02
3.789901E+00  1.687E-02
3.789930E+00  1.624E-02
3.789958E+00  1.596E-02
3.789986E+00  1.517E-02
3.790014E+00  1.303E-02
3.790042E+00  1.401E-02
3.790070E+00  2.044E-02
3.790098E+00  3.315E-02
3.790125E+00  4.555E-03
3.790153E+00  1.559E-02
3.790180E+00  2.008E-02
3.790208E+00  2.413E-02
3.790235E+00  2.943E-02
3.790262E+00  3.755E-02
3.790289E+00  4.924E-02
3.790316E+00  5.934E-02
3.790343E+00  5.930E-02
3.790370E+00  5.343E-02
3.790397E+00  4.871E-02
3.790423E+00  4.653E-02
3.790450E+00  4.644E-02
3.790477E+00  4.803E-02
3.790503E+00  5.114E-02
3.790529E+00  5.581E-02
3.790555E+00  6.209E-02
3.790582E+00  6.951E-02
3.790608E+00  7.564E-02
3.790634E+00  7.418E-02
3.790660E+00  5.940E-02
3.790685E+00  3.831E-02
3.790711E+00  2.274E-02
3.790737E+00  1.502E-02
3.790762E+00  1.275E-02
3.790788E+00  1.420E-02
3.790813E+00  1.999E-02
3.790838E+00  3.606E-02
3.790864E+00  5.921E-02
3.790889E+00  2.576E-02
3.790914E+00  1.276E-02
3.790939E+00  1.067E-02
3.790964E+00  1.112E-02
3.790988E+00  1.250E-02
3.791013E+00  1.454E-02
3.791038E+00  1.745E-02
3.791062E+00  2.192E-02
3.791087E+00  2.990E-02
3.791111E+00  4.800E-02
3.791136E+00  1.098E-01
3.791160E+00  3.896E-01
3.791184E+00  1.131E-01
3.791208E+00  3.300E-02
3.791232E+00  1.812E-02
3.791256E+00  1.392E-02
3.791280E+00  1.259E-02
3.791304E+00  1.228E-02
3.791328E+00  1.238E-02
3.791445E+00  1.412E-02
3.791515E+00  1.479E-02
3.791538E+00  1.524E-02
3.791561E+00  1.593E-02
3.791584E+00  1.686E-02
3.791652E+00  2.024E-02
3.791675E+00  2.096E-02
3.791697E+00  2.086E-02
3.791720E+00  1.943E-02
3.791742E+00  1.659E-02
3.791764E+00  1.312E-02
3.791787E+00  1.015E-02
3.791809E+00  8.271E-03
3.791831E+00  7.395E-03
3.791853E+00  7.202E-03
3.791875E+00  7.408E-03
3.791897E+00  7.828E-03
3.791941E+00  8.937E-03
3.792027E+00  1.143E-02
3.792070E+00  1.281E-02
3.792092E+00  1.361E-02
3.792113E+00  1.454E-02
3.792134E+00  1.570E-02
3.792155E+00  1.733E-02
3.792176E+00  1.994E-02
3.792197E+00  2.502E-02
3.792218E+00  3.641E-02
3.792239E+00  4.363E-02
3.792260E+00  2.513E-02
3.792281E+00  1.781E-02
3.792301E+00  1.604E-02
3.792322E+00  1.569E-02
3.792363E+00  1.553E-02
3.792384E+00  1.459E-02
3.792404E+00  1.300E-02
3.792424E+00  1.654E-02
3.792444E+00  2.322E-02
3.792465E+00  4.242E-02
3.792485E+00  6.265E-03
3.792505E+00  1.527E-02
3.792525E+00  1.922E-02
3.792542E+00  2.215E-02
3.794256E+00  6.635E-03
3.802522E+00  6.583E-03
3.827291E+00  5.984E-03
3.841672E+00  5.865E-03
3.854300E+00  5.816E-03
3.857477E+00  5.713E-03
3.859536E+00  5.547E-03
3.860549E+00  5.406E-03
3.861550E+00  5.208E-03
3.862541E+00  4.940E-03
3.863520E+00  4.600E-03
3.865448E+00  3.860E-03
3.866396E+00  3.617E-03
3.867334E+00  3.534E-03
3.868261E+00  3.591E-03
3.870087E+00  3.905E-03
3.872754E+00  4.366E-03
3.875338E+00  4.656E-03
3.878659E+00  4.868E-03
3.884907E+00  5.036E-03
3.903279E+00  5.200E-03
3.910815E+00  5.441E-03
3.912312E+00  5.351E-03
3.913288E+00  5.144E-03
3.913769E+00  4.904E-03
3.914247E+00  4.483E-03
3.914720E+00  4.220E-03
3.915190E+00  4.311E-03
3.915655E+00  4.602E-03
3.917028E+00  5.718E-03
3.917923E+00  6.592E-03
3.918804E+00  7.651E-03
3.919239E+00  8.765E-03
3.919670E+00  9.653E-03
3.920522E+00  1.177E-02
3.920943E+00  1.246E-02
3.921360E+00  1.235E-02
3.921774E+00  1.133E-02
3.922591E+00  8.234E-03
3.922995E+00  6.975E-03
3.923396E+00  6.044E-03
3.923793E+00  5.381E-03
3.924187E+00  4.914E-03
3.924578E+00  4.584E-03
3.924965E+00  4.346E-03
3.925350E+00  4.174E-03
3.926110E+00  3.952E-03
3.927227E+00  3.789E-03
3.928319E+00  3.748E-03
3.929734E+00  3.831E-03
3.930081E+00  3.818E-03
3.930426E+00  3.749E-03
3.931443E+00  3.362E-03
3.931777E+00  3.341E-03
3.932108E+00  3.448E-03
3.932437E+00  3.667E-03
3.933087E+00  4.203E-03
3.933409E+00  4.415E-03
3.934044E+00  4.684E-03
3.936196E+00  5.112E-03
3.937084E+00  5.425E-03
3.938803E+00  6.308E-03
3.939360E+00  6.466E-03
3.939909E+00  6.483E-03
3.940180E+00  6.434E-03
3.940450E+00  6.271E-03
3.940717E+00  6.525E-03
3.941769E+00  6.234E-03
3.943292E+00  6.041E-03
3.944752E+00  6.071E-03
3.945924E+00  6.289E-03
3.946834E+00  6.660E-03
3.947937E+00  7.450E-03
3.948153E+00  7.553E-03
3.948368E+00  7.550E-03
3.949004E+00  7.088E-03
3.949213E+00  7.009E-03
3.949628E+00  7.064E-03
3.950441E+00  7.419E-03
3.951233E+00  6.868E-03
3.951428E+00  6.807E-03
3.951621E+00  7.218E-03
3.951813E+00  7.515E-03
3.952005E+00  7.703E-03
3.952195E+00  7.661E-03
3.952383E+00  7.365E-03
3.952571E+00  6.892E-03
3.952942E+00  5.819E-03
3.953126E+00  5.347E-03
3.953309E+00  4.947E-03
3.953491E+00  4.619E-03
3.953672E+00  4.353E-03
3.953851E+00  4.139E-03
3.954207E+00  3.831E-03
3.954558E+00  3.631E-03
3.955077E+00  3.455E-03
3.955586E+00  3.372E-03
3.955921E+00  3.374E-03
3.956086E+00  3.422E-03
3.956251E+00  3.615E-03
3.956415E+00  4.712E-03
3.956577E+00  5.860E-03
3.956739E+00  4.243E-03
3.956900E+00  3.831E-03
3.957060E+00  3.682E-03
3.957690E+00  3.397E-03
3.957845E+00  3.369E-03
3.957999E+00  3.386E-03
3.958152E+00  3.456E-03
3.958304E+00  3.580E-03
3.958756E+00  4.126E-03
3.959200E+00  4.631E-03
3.959923E+00  5.276E-03
3.960065E+00  5.370E-03
3.960206E+00  5.391E-03
3.960347E+00  5.260E-03
3.960625E+00  4.655E-03
3.960763E+00  4.756E-03
3.960901E+00  4.801E-03
3.961308E+00  5.334E-03
3.961576E+00  5.520E-03
3.961840E+00  5.544E-03
3.962232E+00  5.381E-03
3.962361E+00  5.257E-03
3.962489E+00  4.966E-03
3.962617E+00  5.441E-03
3.962743E+00  5.663E-03
3.962870E+00  5.502E-03
3.963244E+00  5.314E-03
3.963974E+00  5.211E-03
3.964565E+00  5.275E-03
3.964912E+00  5.408E-03
3.965140E+00  5.596E-03
3.965253E+00  5.775E-03
3.965366E+00  6.102E-03
3.965478E+00  6.611E-03
3.965589E+00  6.783E-03
3.965700E+00  6.684E-03
3.965810E+00  6.729E-03
3.966029E+00  7.077E-03
3.966138E+00  7.168E-03
3.966353E+00  6.927E-03
3.966460E+00  6.886E-03
3.966566E+00  6.979E-03
3.966777E+00  7.296E-03
3.966881E+00  7.328E-03
3.966985E+00  7.082E-03
3.967089E+00  6.398E-03
3.967192E+00  5.270E-03
3.967294E+00  4.008E-03
3.967396E+00  3.086E-03
3.967497E+00  2.830E-03
3.967598E+00  3.430E-03
3.967698E+00  5.217E-03
3.967798E+00  8.527E-03
3.967898E+00  1.117E-02
3.967996E+00  9.269E-03
3.968095E+00  6.163E-03
3.968192E+00  4.241E-03
3.968290E+00  3.331E-03
3.968387E+00  3.325E-03
3.968483E+00  4.870E-03
3.968579E+00  8.143E-03
3.968674E+00  8.820E-03
3.968769E+00  7.294E-03
3.968863E+00  6.018E-03
3.968957E+00  5.204E-03
3.969051E+00  4.681E-03
3.969144E+00  4.331E-03
3.969236E+00  4.086E-03
3.969328E+00  3.909E-03
3.969511E+00  3.681E-03
3.969782E+00  3.467E-03
3.969871E+00  3.654E-03
3.969960E+00  4.442E-03
3.970048E+00  3.719E-03
3.970137E+00  3.472E-03
3.970224E+00  3.346E-03
3.970311E+00  3.312E-03
3.970398E+00  3.375E-03
3.970484E+00  3.526E-03
3.970826E+00  4.432E-03
3.971160E+00  5.144E-03
3.971243E+00  5.271E-03
3.971325E+00  5.331E-03
3.971407E+00  5.294E-03
3.971489E+00  5.160E-03
3.971731E+00  4.614E-03
3.971811E+00  4.500E-03
3.971890E+00  4.442E-03
3.971969E+00  4.738E-03
3.972048E+00  4.668E-03
3.972126E+00  4.711E-03
3.972282E+00  5.034E-03
3.972437E+00  5.357E-03
3.972589E+00  5.501E-03
3.972816E+00  5.443E-03
3.973260E+00  5.099E-03
3.973333E+00  4.995E-03
3.973405E+00  4.754E-03
3.973477E+00  6.328E-03
3.973549E+00  5.513E-03
3.973620E+00  5.353E-03
3.973762E+00  5.263E-03
3.974042E+00  5.291E-03
3.974249E+00  5.467E-03
3.974317E+00  5.599E-03
3.974385E+00  5.832E-03
3.974453E+00  6.273E-03
3.974520E+00  6.861E-03
3.974587E+00  6.941E-03
3.974654E+00  6.769E-03
3.974721E+00  6.739E-03
3.974853E+00  6.977E-03
3.974918E+00  7.122E-03
3.974984E+00  7.165E-03
3.975113E+00  6.847E-03
3.975178E+00  6.753E-03
3.975369E+00  6.868E-03
3.975433E+00  6.677E-03
3.975496E+00  6.106E-03
3.975558E+00  5.069E-03
3.975621E+00  3.818E-03
3.975683E+00  2.906E-03
3.975745E+00  2.736E-03
3.975806E+00  3.380E-03
3.975868E+00  4.837E-03
3.975929E+00  7.181E-03
3.975990E+00  1.016E-02
3.976050E+00  1.187E-02
3.976111E+00  9.876E-03
3.976171E+00  6.221E-03
3.976231E+00  4.132E-03
3.976290E+00  5.295E-03
3.976349E+00  8.311E-03
3.976409E+00  8.616E-03
3.976467E+00  7.437E-03
3.976526E+00  6.335E-03
3.976584E+00  5.531E-03
3.976642E+00  4.954E-03
3.976757E+00  4.127E-03
3.976815E+00  3.595E-03
3.976872E+00  4.071E-03
3.976985E+00  3.838E-03
3.977264E+00  3.537E-03
3.977375E+00  3.373E-03
3.977429E+00  3.334E-03
3.977484E+00  3.368E-03
3.977538E+00  3.488E-03
3.977592E+00  3.683E-03
3.977806E+00  4.643E-03
3.977911E+00  5.028E-03
3.977964E+00  5.167E-03
3.978016E+00  5.234E-03
3.978068E+00  5.207E-03
3.978172E+00  4.934E-03
3.978274E+00  4.625E-03
3.978325E+00  4.513E-03
3.978376E+00  4.494E-03
3.978426E+00  4.688E-03
3.978477E+00  4.486E-03
3.978527E+00  4.478E-03
3.978577E+00  4.536E-03
3.978676E+00  4.798E-03
3.978824E+00  5.280E-03
3.978921E+00  5.408E-03
3.979065E+00  5.338E-03
3.979302E+00  5.049E-03
3.979349E+00  4.943E-03
3.979396E+00  4.719E-03
3.979442E+00  6.548E-03
3.979488E+00  5.636E-03
3.979535E+00  5.409E-03
3.979626E+00  5.299E-03
3.979762E+00  5.321E-03
3.979897E+00  5.508E-03
3.979941E+00  5.645E-03
3.979986E+00  5.877E-03
3.980030E+00  6.298E-03
3.980074E+00  6.928E-03
3.980117E+00  7.180E-03
3.980161E+00  7.013E-03
3.980205E+00  6.932E-03
3.980248E+00  6.980E-03
3.980334E+00  7.216E-03
3.980377E+00  7.243E-03
3.980504E+00  6.793E-03
3.980630E+00  6.820E-03
3.980672E+00  6.631E-03
3.980713E+00  6.093E-03
3.980754E+00  5.108E-03
3.980796E+00  3.874E-03
3.980837E+00  2.929E-03
3.980878E+00  2.743E-03
3.980918E+00  3.435E-03
3.980959E+00  4.967E-03
3.980999E+00  7.312E-03
3.981039E+00  1.015E-02
3.981080E+00  1.205E-02
3.981119E+00  1.097E-02
3.981159E+00  7.567E-03
3.981199E+00  4.701E-03
3.981238E+00  5.532E-03
3.981278E+00  8.599E-03
3.981317E+00  8.444E-03
3.981356E+00  7.137E-03
3.981395E+00  5.407E-03
3.981472E+00  4.800E-03
3.981511E+00  4.484E-03
3.981549E+00  4.234E-03
3.981587E+00  4.042E-03
3.981663E+00  3.790E-03
3.981739E+00  3.657E-03
3.981888E+00  3.493E-03
3.981962E+00  3.367E-03
3.981998E+00  3.344E-03
3.982035E+00  3.388E-03
3.982071E+00  3.513E-03
3.982144E+00  3.948E-03
3.982251E+00  4.670E-03
3.982322E+00  5.031E-03
3.982358E+00  5.128E-03
3.982393E+00  5.138E-03
3.982428E+00  5.056E-03
3.982532E+00  4.634E-03
3.982567E+00  4.728E-03
3.982602E+00  4.639E-03
3.982636E+00  4.466E-03
3.982670E+00  4.405E-03
3.982738E+00  4.414E-03
3.982806E+00  4.582E-03
3.982940E+00  5.196E-03
3.983006E+00  5.337E-03
3.983104E+00  5.281E-03
3.983234E+00  5.048E-03
3.983266E+00  4.950E-03
3.983298E+00  4.758E-03
3.983330E+00  5.612E-03
3.983361E+00  5.765E-03
3.983393E+00  5.444E-03
3.983425E+00  5.345E-03
3.983519E+00  5.305E-03
3.983612E+00  5.434E-03
3.983673E+00  5.662E-03
3.983704E+00  5.880E-03
3.983734E+00  6.258E-03
3.983765E+00  6.864E-03
3.983795E+00  7.297E-03
3.983855E+00  7.094E-03
3.983885E+00  7.107E-03
3.983945E+00  7.295E-03
3.983974E+00  7.308E-03
3.984004E+00  7.179E-03
3.984063E+00  6.841E-03
3.984150E+00  6.832E-03
3.984179E+00  6.667E-03
3.984208E+00  6.192E-03
3.984237E+00  5.297E-03
3.984265E+00  4.104E-03
3.984294E+00  3.077E-03
3.984322E+00  2.727E-03
3.984351E+00  3.266E-03
3.984379E+00  4.691E-03
3.984407E+00  6.958E-03
3.984435E+00  9.790E-03
3.984463E+00  1.197E-02
3.984491E+00  1.156E-02
3.984519E+00  8.526E-03
3.984547E+00  5.162E-03
3.984574E+00  5.175E-03
3.984602E+00  8.606E-03
3.984629E+00  7.396E-03
3.984656E+00  6.799E-03
3.984684E+00  5.991E-03
3.984711E+00  5.330E-03
3.984738E+00  4.839E-03
3.984765E+00  4.477E-03
3.984792E+00  4.209E-03
3.984819E+00  4.008E-03
3.984845E+00  3.857E-03
3.984898E+00  3.665E-03
3.985056E+00  3.422E-03
3.985108E+00  3.346E-03
3.985133E+00  3.381E-03
3.985159E+00  3.490E-03
3.985185E+00  3.670E-03
3.985286E+00  4.615E-03
3.985337E+00  4.969E-03
3.985362E+00  5.056E-03
3.985387E+00  5.051E-03
3.985436E+00  4.830E-03
3.985461E+00  4.793E-03
3.985486E+00  4.871E-03
3.985510E+00  4.586E-03
3.985535E+00  4.459E-03
3.985583E+00  4.356E-03
3.985632E+00  4.375E-03
3.985680E+00  4.529E-03
3.985775E+00  5.122E-03
3.985822E+00  5.285E-03
3.985869E+00  5.286E-03
3.985962E+00  5.086E-03
3.986008E+00  4.883E-03
3.986031E+00  4.603E-03
3.986054E+00  6.544E-03
3.986076E+00  5.573E-03
3.986099E+00  5.384E-03
3.986144E+00  5.293E-03
3.986211E+00  5.344E-03
3.986256E+00  5.472E-03
3.986300E+00  5.742E-03
3.986322E+00  5.997E-03
3.986344E+00  6.428E-03
3.986366E+00  7.049E-03
3.986388E+00  7.379E-03
3.986431E+00  7.192E-03
3.986495E+00  7.365E-03
3.986517E+00  7.313E-03
3.986559E+00  6.947E-03
3.986581E+00  6.847E-03
3.986623E+00  6.859E-03
3.986644E+00  6.807E-03
3.986665E+00  6.560E-03
3.986686E+00  5.975E-03
3.986706E+00  4.994E-03
3.986727E+00  3.820E-03
3.986748E+00  2.935E-03
3.986768E+00  2.779E-03
3.986789E+00  3.515E-03
3.986809E+00  5.148E-03
3.986830E+00  7.626E-03
3.986850E+00  1.050E-02
3.986871E+00  1.220E-02
3.986891E+00  1.090E-02
3.986911E+00  7.177E-03
3.986931E+00  5.221E-03
3.986951E+00  6.012E-03
3.986971E+00  7.347E-03
3.986987E+00  7.678E-03
3.996967E+00  4.879E-03
4.096967E+00  4.368E-03
4.146967E+00  4.161E-03
4.296967E+00  3.607E-03
4.346967E+00  3.454E-03
4.396967E+00  3.261E-03
4.446967E+00  3.123E-03
4.496967E+00  3.017E-03
4.546967E+00  2.877E-03
4.596967E+00  2.786E-03
4.646967E+00  2.735E-03
4.746967E+00  2.587E-03
4.846967E+00  2.530E-03
4.946967E+00  2.429E-03
5.046967E+00  2.361E-03
5.146966E+00  2.249E-03
5.396966E+00  2.048E-03
5.746966E+00  1.818E-03
6.096966E+00  1.534E-03
6.346966E+00  1.392E-03
6.596966E+00  1.266E-03
6.946966E+00  1.058E-03
7.146966E+00  9.777E-04
7.496966E+00  8.680E-04
7.846966E+00  7.250E-04
7.996966E+00  6.807E-04
8.396966E+00  6.077E-04
8.796966E+00  4.976E-04
8.946966E+00  4.669E-04
9.146966E+00  4.438E-04
9.396966E+00  4.195E-04
9.646966E+00  3.750E-04
9.846966E+00  3.372E-04
9.996966E+00  3.176E-04
1.014697E+01  3.074E-04
1.066722E+01  2.755E-04
1.121413E+01  2.469E-04
1.178910E+01  2.213E-04
1.239353E+01  1.983E-04
1.302896E+01  1.777E-04
1.369697E+01  1.593E-04
1.439923E+01  1.427E-04
1.513750E+01  1.279E-04
1.591362E+01  1.146E-04
1.672953E+01  1.027E-04
1.758728E+01  9.208E-05
1.848900E+01  8.252E-05
1.943696E+01  7.396E-05
2.043351E+01  6.628E-05
2.148117E+01  5.940E-05
2.258253E+01  5.324E-05
2.374037E+01  4.771E-05
2.495757E+01  4.276E-05
2.623717E+01  3.832E-05
2.758239E+01  3.434E-05
2.899657E+01  3.078E-05
3.048327E+01  2.758E-05
3.204618E+01  2.472E-05
3.368923E+01  2.215E-05
3.541652E+01  1.985E-05
3.723238E+01  1.779E-05
3.914133E+01  1.595E-05
4.114815E+01  1.429E-05
