# photon energy(Ry), cross section(Mb)
2.655750E-01  1.591E+01
2.675750E-01  1.559E+01
2.695750E-01  1.526E+01
2.715750E-01  1.495E+01
2.735750E-01  1.465E+01
2.755750E-01  1.435E+01
2.775750E-01  1.406E+01
2.795750E-01  1.378E+01
2.815750E-01  1.351E+01
2.835750E-01  1.324E+01
2.855750E-01  1.298E+01
2.875750E-01  1.273E+01
2.895750E-01  1.248E+01
2.915750E-01  1.224E+01
2.935750E-01  1.201E+01
2.955750E-01  1.178E+01
2.975750E-01  1.155E+01
2.995750E-01  1.134E+01
3.015750E-01  1.112E+01
3.035750E-01  1.091E+01
3.055750E-01  1.071E+01
3.075750E-01  1.051E+01
3.095750E-01  1.032E+01
3.115750E-01  1.013E+01
3.135750E-01  9.947E+00
3.155750E-01  9.767E+00
3.175750E-01  9.592E+00
3.195750E-01  9.420E+00
3.215750E-01  9.252E+00
3.235750E-01  9.088E+00
3.255750E-01  8.928E+00
3.275750E-01  8.772E+00
3.295750E-01  8.620E+00
3.315750E-01  8.470E+00
3.335750E-01  8.325E+00
3.355750E-01  8.182E+00
3.375750E-01  8.043E+00
3.395750E-01  7.907E+00
3.415750E-01  7.774E+00
3.435750E-01  7.644E+00
3.455750E-01  7.517E+00
3.475750E-01  7.392E+00
3.495750E-01  7.271E+00
3.515750E-01  7.152E+00
3.535750E-01  7.036E+00
3.555750E-01  6.922E+00
3.575750E-01  6.811E+00
3.595750E-01  6.702E+00
3.615750E-01  6.595E+00
3.635750E-01  6.491E+00
3.655750E-01  6.389E+00
3.675750E-01  6.289E+00
3.695750E-01  6.191E+00
3.715750E-01  6.095E+00
3.735750E-01  6.001E+00
3.755750E-01  5.909E+00
3.775750E-01  5.819E+00
3.795750E-01  5.731E+00
3.815750E-01  5.644E+00
3.835750E-01  5.559E+00
3.855750E-01  5.476E+00
3.875750E-01  5.395E+00
3.895750E-01  5.315E+00
3.915750E-01  5.237E+00
3.935750E-01  5.160E+00
3.955750E-01  5.085E+00
3.975750E-01  5.011E+00
3.995750E-01  4.939E+00
4.015750E-01  4.868E+00
4.035750E-01  4.798E+00
4.055750E-01  4.729E+00
4.075750E-01  4.662E+00
4.095750E-01  4.597E+00
4.115750E-01  4.532E+00
4.135750E-01  4.468E+00
4.155750E-01  4.406E+00
4.175750E-01  4.345E+00
4.195750E-01  4.285E+00
4.215750E-01  4.226E+00
4.235750E-01  4.168E+00
4.255750E-01  4.111E+00
4.275750E-01  4.055E+00
4.295750E-01  4.000E+00
4.315750E-01  3.946E+00
4.335750E-01  3.893E+00
4.355750E-01  3.841E+00
4.375750E-01  3.790E+00
4.395750E-01  3.740E+00
4.415750E-01  3.691E+00
4.435750E-01  3.642E+00
4.455750E-01  3.594E+00
4.475750E-01  3.547E+00
4.495750E-01  3.501E+00
4.515750E-01  3.456E+00
4.535750E-01  3.411E+00
4.555750E-01  3.368E+00
4.575750E-01  3.324E+00
4.595750E-01  3.282E+00
4.615750E-01  3.240E+00
4.635750E-01  3.199E+00
4.655750E-01  3.159E+00
4.675750E-01  3.119E+00
4.695750E-01  3.080E+00
4.715750E-01  3.042E+00
4.735750E-01  3.004E+00
4.755750E-01  2.967E+00
4.775750E-01  2.931E+00
4.795750E-01  2.895E+00
4.815750E-01  2.859E+00
4.835750E-01  2.824E+00
4.855750E-01  2.790E+00
4.875750E-01  2.756E+00
4.895750E-01  2.723E+00
4.915750E-01  2.691E+00
4.935750E-01  2.658E+00
4.955750E-01  2.627E+00
4.975750E-01  2.596E+00
4.995750E-01  2.565E+00
5.015750E-01  2.535E+00
5.035750E-01  2.505E+00
5.055750E-01  2.476E+00
5.075750E-01  2.447E+00
5.095750E-01  2.419E+00
5.115750E-01  2.391E+00
5.135750E-01  2.363E+00
5.155750E-01  2.336E+00
5.175750E-01  2.309E+00
5.195750E-01  2.283E+00
5.215750E-01  2.257E+00
5.235750E-01  2.232E+00
5.255750E-01  2.207E+00
5.275750E-01  2.182E+00
5.295750E-01  2.157E+00
5.315750E-01  2.133E+00
5.335750E-01  2.110E+00
5.355750E-01  2.086E+00
5.375750E-01  2.063E+00
5.395750E-01  2.041E+00
5.415750E-01  2.018E+00
5.435750E-01  1.996E+00
5.455750E-01  1.975E+00
5.475750E-01  1.953E+00
5.495750E-01  1.932E+00
5.515750E-01  1.912E+00
5.535750E-01  1.891E+00
5.555750E-01  1.871E+00
5.575750E-01  1.851E+00
5.595750E-01  1.831E+00
5.615750E-01  1.812E+00
5.635750E-01  1.793E+00
5.655750E-01  1.774E+00
5.675750E-01  1.756E+00
5.695750E-01  1.737E+00
5.715750E-01  1.719E+00
5.735750E-01  1.702E+00
5.755750E-01  1.684E+00
5.775750E-01  1.667E+00
5.795750E-01  1.650E+00
5.815750E-01  1.633E+00
5.835750E-01  1.616E+00
5.855750E-01  1.600E+00
5.875750E-01  1.584E+00
5.895750E-01  1.568E+00
5.915750E-01  1.552E+00
5.935750E-01  1.536E+00
5.955750E-01  1.521E+00
5.975750E-01  1.506E+00
5.995750E-01  1.491E+00
6.015750E-01  1.476E+00
6.035750E-01  1.462E+00
6.055750E-01  1.447E+00
6.075750E-01  1.433E+00
6.095750E-01  1.419E+00
6.115750E-01  1.406E+00
6.135750E-01  1.392E+00
6.155750E-01  1.378E+00
6.175750E-01  1.365E+00
6.195750E-01  1.352E+00
6.215750E-01  1.339E+00
6.235750E-01  1.326E+00
6.255750E-01  1.314E+00
6.275750E-01  1.301E+00
6.295750E-01  1.289E+00
6.315750E-01  1.277E+00
6.335750E-01  1.265E+00
6.355750E-01  1.253E+00
6.375750E-01  1.241E+00
6.395750E-01  1.230E+00
6.415750E-01  1.218E+00
6.435750E-01  1.207E+00
6.455750E-01  1.196E+00
6.475750E-01  1.185E+00
6.495750E-01  1.174E+00
6.515750E-01  1.163E+00
6.535750E-01  1.153E+00
6.555750E-01  1.142E+00
6.575750E-01  1.132E+00
6.595750E-01  1.121E+00
6.615750E-01  1.111E+00
6.635750E-01  1.101E+00
6.655750E-01  1.091E+00
6.675750E-01  1.082E+00
6.695750E-01  1.072E+00
6.715750E-01  1.062E+00
6.735750E-01  1.053E+00
6.755750E-01  1.044E+00
6.775750E-01  1.034E+00
6.795750E-01  1.025E+00
6.815750E-01  1.016E+00
6.835750E-01  1.007E+00
6.855750E-01  9.986E-01
6.875750E-01  9.899E-01
6.895750E-01  9.813E-01
6.915750E-01  9.728E-01
6.935750E-01  9.643E-01
6.955750E-01  9.560E-01
6.975750E-01  9.478E-01
6.995750E-01  9.396E-01
7.015750E-01  9.316E-01
7.035750E-01  9.236E-01
7.055750E-01  9.158E-01
7.075750E-01  9.080E-01
7.095750E-01  9.003E-01
7.115750E-01  8.927E-01
7.135750E-01  8.851E-01
7.155750E-01  8.777E-01
7.175750E-01  8.703E-01
7.195750E-01  8.630E-01
7.215750E-01  8.558E-01
7.235750E-01  8.487E-01
7.255750E-01  8.417E-01
7.275750E-01  8.347E-01
7.295750E-01  8.278E-01
7.315750E-01  8.210E-01
7.335750E-01  8.142E-01
7.355750E-01  8.075E-01
7.375750E-01  8.009E-01
7.395750E-01  7.944E-01
7.415750E-01  7.879E-01
7.435750E-01  7.815E-01
7.455750E-01  7.752E-01
7.475750E-01  7.689E-01
7.495750E-01  7.627E-01
7.515750E-01  7.566E-01
7.535750E-01  7.505E-01
7.555750E-01  7.445E-01
7.575750E-01  7.386E-01
7.595750E-01  7.327E-01
7.615750E-01  7.268E-01
7.635750E-01  7.211E-01
7.655750E-01  7.154E-01
7.675750E-01  7.097E-01
7.695750E-01  7.042E-01
7.715750E-01  6.986E-01
7.735750E-01  6.932E-01
7.755750E-01  6.878E-01
7.775750E-01  6.824E-01
7.795750E-01  6.771E-01
7.815750E-01  6.718E-01
7.835750E-01  6.666E-01
7.855750E-01  6.615E-01
7.875750E-01  6.564E-01
7.895750E-01  6.514E-01
7.915750E-01  6.464E-01
7.935750E-01  6.415E-01
7.955750E-01  6.366E-01
7.975750E-01  6.317E-01
7.995750E-01  6.269E-01
8.015750E-01  6.222E-01
8.035750E-01  6.175E-01
8.055750E-01  6.129E-01
8.075750E-01  6.083E-01
8.095750E-01  6.037E-01
8.115750E-01  5.992E-01
8.135750E-01  5.947E-01
8.155750E-01  5.903E-01
8.175750E-01  5.859E-01
8.195750E-01  5.816E-01
8.215750E-01  5.773E-01
8.235750E-01  5.731E-01
8.255750E-01  5.689E-01
8.275750E-01  5.647E-01
8.295750E-01  5.606E-01
8.315750E-01  5.565E-01
8.335750E-01  5.524E-01
8.355750E-01  5.484E-01
8.375750E-01  5.445E-01
8.395750E-01  5.405E-01
8.415750E-01  5.366E-01
8.435750E-01  5.328E-01
8.455750E-01  5.290E-01
8.475750E-01  5.252E-01
8.495750E-01  5.215E-01
8.515750E-01  5.177E-01
8.535750E-01  5.141E-01
8.555750E-01  5.104E-01
8.575750E-01  5.068E-01
8.595750E-01  5.033E-01
8.615750E-01  4.997E-01
8.635750E-01  4.962E-01
8.655750E-01  4.928E-01
8.675750E-01  4.893E-01
8.695750E-01  4.859E-01
8.715750E-01  4.825E-01
8.735750E-01  4.792E-01
8.755750E-01  4.759E-01
8.775750E-01  4.726E-01
8.795750E-01  4.694E-01
8.815750E-01  4.661E-01
8.835750E-01  4.630E-01
8.855750E-01  4.598E-01
8.875750E-01  4.567E-01
8.895750E-01  4.536E-01
8.915750E-01  4.505E-01
8.935750E-01  4.474E-01
8.955750E-01  4.444E-01
8.975750E-01  4.414E-01
8.995750E-01  4.384E-01
9.015750E-01  4.355E-01
9.035750E-01  4.326E-01
9.055750E-01  4.297E-01
9.075750E-01  4.268E-01
9.095750E-01  4.240E-01
9.115750E-01  4.212E-01
9.135750E-01  4.184E-01
9.155750E-01  4.156E-01
9.175750E-01  4.129E-01
9.195750E-01  4.102E-01
9.215750E-01  4.075E-01
9.235750E-01  4.048E-01
9.255750E-01  4.021E-01
9.275750E-01  3.995E-01
9.295750E-01  3.969E-01
9.315750E-01  3.943E-01
9.335750E-01  3.918E-01
9.355750E-01  3.892E-01
9.375750E-01  3.867E-01
9.395750E-01  3.842E-01
9.415750E-01  3.818E-01
9.435750E-01  3.793E-01
9.455750E-01  3.769E-01
9.475750E-01  3.745E-01
9.495750E-01  3.721E-01
9.515750E-01  3.697E-01
9.535750E-01  3.673E-01
9.555750E-01  3.650E-01
9.575750E-01  3.627E-01
9.595750E-01  3.604E-01
9.615750E-01  3.581E-01
9.635750E-01  3.559E-01
9.655750E-01  3.536E-01
9.675750E-01  3.514E-01
9.695750E-01  3.492E-01
9.715750E-01  3.470E-01
9.735750E-01  3.448E-01
9.755750E-01  3.427E-01
9.775750E-01  3.405E-01
9.795750E-01  3.384E-01
9.815750E-01  3.363E-01
9.835750E-01  3.342E-01
9.855750E-01  3.322E-01
9.875750E-01  3.301E-01
9.895750E-01  3.281E-01
9.915750E-01  3.261E-01
9.935750E-01  3.241E-01
9.955750E-01  3.221E-01
9.975750E-01  3.201E-01
9.995750E-01  3.181E-01
1.001575E+00  3.162E-01
1.003575E+00  3.143E-01
1.005575E+00  3.124E-01
1.007575E+00  3.105E-01
1.009575E+00  3.086E-01
1.011575E+00  3.067E-01
1.013575E+00  3.049E-01
1.015575E+00  3.030E-01
1.017575E+00  3.012E-01
1.019575E+00  2.994E-01
1.021575E+00  2.976E-01
1.023575E+00  2.958E-01
1.025575E+00  2.940E-01
1.027575E+00  2.923E-01
1.029575E+00  2.905E-01
1.031575E+00  2.888E-01
1.033575E+00  2.871E-01
1.035575E+00  2.854E-01
1.037575E+00  2.837E-01
1.039575E+00  2.820E-01
1.041575E+00  2.804E-01
1.043575E+00  2.787E-01
1.045575E+00  2.771E-01
1.047575E+00  2.754E-01
1.049575E+00  2.738E-01
1.051575E+00  2.722E-01
1.053575E+00  2.706E-01
1.055575E+00  2.691E-01
1.057575E+00  2.675E-01
1.059575E+00  2.659E-01
1.061575E+00  2.644E-01
1.063575E+00  2.629E-01
1.065575E+00  2.613E-01
1.067575E+00  2.598E-01
1.069575E+00  2.583E-01
1.071575E+00  2.568E-01
1.073575E+00  2.554E-01
1.075575E+00  2.539E-01
1.077575E+00  2.525E-01
1.079575E+00  2.510E-01
1.081575E+00  2.496E-01
1.083575E+00  2.482E-01
1.085575E+00  2.468E-01
1.087575E+00  2.454E-01
1.089575E+00  2.440E-01
1.091575E+00  2.426E-01
1.093575E+00  2.412E-01
1.095575E+00  2.399E-01
1.097575E+00  2.385E-01
1.099575E+00  2.372E-01
1.101575E+00  2.359E-01
1.103575E+00  2.345E-01
1.105575E+00  2.332E-01
1.107575E+00  2.319E-01
1.109575E+00  2.306E-01
1.111575E+00  2.294E-01
1.113575E+00  2.281E-01
1.115575E+00  2.268E-01
1.117575E+00  2.256E-01
1.119575E+00  2.243E-01
1.121575E+00  2.231E-01
1.123575E+00  2.219E-01
1.125575E+00  2.207E-01
1.127575E+00  2.195E-01
1.129575E+00  2.183E-01
1.131575E+00  2.171E-01
1.133575E+00  2.159E-01
1.135575E+00  2.147E-01
1.137575E+00  2.136E-01
1.139575E+00  2.124E-01
1.141575E+00  2.113E-01
1.143575E+00  2.101E-01
1.145575E+00  2.090E-01
1.147575E+00  2.079E-01
1.149575E+00  2.068E-01
1.151575E+00  2.057E-01
1.153575E+00  2.046E-01
1.155575E+00  2.035E-01
1.157575E+00  2.024E-01
1.159575E+00  2.013E-01
1.161575E+00  2.003E-01
1.163575E+00  1.992E-01
1.165575E+00  1.982E-01
1.167575E+00  1.971E-01
1.169575E+00  1.961E-01
1.171575E+00  1.951E-01
1.173575E+00  1.941E-01
1.175575E+00  1.930E-01
1.177575E+00  1.920E-01
1.179575E+00  1.910E-01
1.181575E+00  1.901E-01
1.183575E+00  1.891E-01
1.185575E+00  1.881E-01
1.187575E+00  1.871E-01
1.189575E+00  1.862E-01
1.191575E+00  1.852E-01
1.193575E+00  1.843E-01
1.195575E+00  1.833E-01
1.197575E+00  1.824E-01
1.199575E+00  1.815E-01
1.201575E+00  1.805E-01
1.203575E+00  1.796E-01
1.205575E+00  1.787E-01
1.207575E+00  1.778E-01
1.209575E+00  1.769E-01
1.211575E+00  1.760E-01
1.213575E+00  1.751E-01
1.215575E+00  1.743E-01
1.217575E+00  1.734E-01
1.219575E+00  1.725E-01
1.221575E+00  1.717E-01
1.223575E+00  1.708E-01
1.225575E+00  1.699E-01
1.227575E+00  1.691E-01
1.229575E+00  1.683E-01
1.231575E+00  1.674E-01
1.233575E+00  1.666E-01
1.235575E+00  1.658E-01
1.237575E+00  1.650E-01
1.239575E+00  1.642E-01
1.241575E+00  1.633E-01
1.243575E+00  1.625E-01
1.245575E+00  1.617E-01
1.247575E+00  1.610E-01
1.249575E+00  1.602E-01
1.251575E+00  1.594E-01
1.253575E+00  1.586E-01
1.255575E+00  1.578E-01
1.257575E+00  1.571E-01
1.259575E+00  1.563E-01
1.261575E+00  1.556E-01
1.263575E+00  1.548E-01
1.265575E+00  1.541E-01
1.267575E+00  1.533E-01
1.269575E+00  1.526E-01
1.271575E+00  1.519E-01
1.273575E+00  1.511E-01
1.275575E+00  1.504E-01
1.277575E+00  1.497E-01
1.279575E+00  1.490E-01
1.281575E+00  1.483E-01
1.283575E+00  1.476E-01
1.285575E+00  1.469E-01
1.287575E+00  1.462E-01
1.289575E+00  1.455E-01
1.291575E+00  1.448E-01
1.293575E+00  1.441E-01
1.295575E+00  1.434E-01
1.297575E+00  1.427E-01
1.299575E+00  1.421E-01
1.301575E+00  1.414E-01
1.303575E+00  1.407E-01
1.305575E+00  1.401E-01
1.307575E+00  1.394E-01
1.309575E+00  1.388E-01
1.311575E+00  1.381E-01
1.313575E+00  1.375E-01
1.315575E+00  1.368E-01
1.317575E+00  1.362E-01
1.319575E+00  1.355E-01
1.321575E+00  1.349E-01
1.323575E+00  1.343E-01
1.325575E+00  1.337E-01
1.327575E+00  1.330E-01
1.329575E+00  1.324E-01
1.331575E+00  1.318E-01
1.333575E+00  1.312E-01
1.335575E+00  1.306E-01
1.337575E+00  1.300E-01
1.339575E+00  1.294E-01
1.341575E+00  1.288E-01
1.343575E+00  1.282E-01
1.345575E+00  1.276E-01
1.347575E+00  1.270E-01
1.349575E+00  1.265E-01
1.351575E+00  1.259E-01
1.353575E+00  1.253E-01
1.355575E+00  1.247E-01
1.357575E+00  1.242E-01
1.359575E+00  1.236E-01
1.361575E+00  1.230E-01
1.363575E+00  1.225E-01
1.365575E+00  1.219E-01
1.367575E+00  1.214E-01
1.369575E+00  1.208E-01
1.371575E+00  1.203E-01
1.373575E+00  1.197E-01
1.375575E+00  1.192E-01
1.377575E+00  1.187E-01
1.379575E+00  1.181E-01
1.381575E+00  1.176E-01
1.383575E+00  1.171E-01
1.385575E+00  1.165E-01
1.387575E+00  1.160E-01
1.389575E+00  1.155E-01
1.391575E+00  1.150E-01
1.393575E+00  1.145E-01
1.395575E+00  1.140E-01
1.397575E+00  1.135E-01
1.399575E+00  1.129E-01
1.401575E+00  1.124E-01
1.403575E+00  1.119E-01
1.405575E+00  1.114E-01
1.407575E+00  1.110E-01
1.409575E+00  1.105E-01
1.411575E+00  1.100E-01
1.413575E+00  1.095E-01
1.415575E+00  1.090E-01
1.417575E+00  1.085E-01
1.419575E+00  1.081E-01
1.421575E+00  1.076E-01
1.423575E+00  1.071E-01
1.425575E+00  1.066E-01
1.427575E+00  1.062E-01
1.429575E+00  1.057E-01
1.431575E+00  1.052E-01
1.433575E+00  1.048E-01
1.435575E+00  1.043E-01
1.437575E+00  1.039E-01
1.439575E+00  1.034E-01
1.441575E+00  1.030E-01
1.443575E+00  1.025E-01
1.445575E+00  1.021E-01
1.447575E+00  1.017E-01
1.449575E+00  1.012E-01
1.451575E+00  1.008E-01
1.453575E+00  1.003E-01
1.455575E+00  9.992E-02
1.457575E+00  9.949E-02
1.459575E+00  9.906E-02
1.461575E+00  9.864E-02
1.463575E+00  9.822E-02
1.465575E+00  9.780E-02
1.467575E+00  9.739E-02
1.469575E+00  9.697E-02
1.471575E+00  9.656E-02
1.473575E+00  9.615E-02
1.475575E+00  9.575E-02
1.477575E+00  9.534E-02
1.479575E+00  9.494E-02
1.481575E+00  9.454E-02
1.483575E+00  9.414E-02
1.485575E+00  9.375E-02
1.487575E+00  9.336E-02
1.489575E+00  9.297E-02
1.491575E+00  9.258E-02
1.493575E+00  9.219E-02
1.495575E+00  9.181E-02
1.497575E+00  9.143E-02
1.499575E+00  9.105E-02
1.501575E+00  9.067E-02
1.503575E+00  9.030E-02
1.505575E+00  8.993E-02
1.507575E+00  8.955E-02
1.509575E+00  8.919E-02
1.511575E+00  8.882E-02
1.513575E+00  8.846E-02
1.515575E+00  8.809E-02
1.517575E+00  8.774E-02
1.519575E+00  8.738E-02
1.521575E+00  8.702E-02
1.523575E+00  8.667E-02
1.525575E+00  8.632E-02
1.527575E+00  8.597E-02
1.529575E+00  8.562E-02
1.531575E+00  8.527E-02
1.533575E+00  8.493E-02
1.535575E+00  8.459E-02
1.537575E+00  8.425E-02
1.539575E+00  8.391E-02
1.541575E+00  8.357E-02
1.543575E+00  8.324E-02
1.545575E+00  8.291E-02
1.547575E+00  8.258E-02
1.549575E+00  8.225E-02
1.551575E+00  8.192E-02
1.553575E+00  8.160E-02
1.555575E+00  8.128E-02
1.557575E+00  8.096E-02
1.559575E+00  8.064E-02
1.561575E+00  8.032E-02
1.563575E+00  8.000E-02
1.565575E+00  7.969E-02
1.567575E+00  7.938E-02
1.569575E+00  7.907E-02
1.571575E+00  7.876E-02
1.573575E+00  7.845E-02
1.575575E+00  7.815E-02
1.577575E+00  7.784E-02
1.579575E+00  7.754E-02
1.581575E+00  7.724E-02
1.583575E+00  7.694E-02
1.585575E+00  7.665E-02
1.587575E+00  7.635E-02
1.589575E+00  7.606E-02
1.591575E+00  7.576E-02
1.593575E+00  7.547E-02
1.595575E+00  7.519E-02
1.597575E+00  7.490E-02
1.599575E+00  7.461E-02
1.601575E+00  7.433E-02
1.603575E+00  7.404E-02
1.605575E+00  7.376E-02
1.607575E+00  7.348E-02
1.609575E+00  7.320E-02
1.611575E+00  7.293E-02
1.613575E+00  7.265E-02
1.615575E+00  7.238E-02
1.617575E+00  7.211E-02
1.619575E+00  7.183E-02
1.621575E+00  7.156E-02
1.623575E+00  7.130E-02
1.625575E+00  7.103E-02
1.627575E+00  7.076E-02
1.629575E+00  7.050E-02
1.631575E+00  7.023E-02
1.633575E+00  6.997E-02
1.635575E+00  6.971E-02
1.637575E+00  6.945E-02
1.639575E+00  6.919E-02
1.641575E+00  6.894E-02
1.643575E+00  6.868E-02
1.645575E+00  6.843E-02
1.647575E+00  6.818E-02
1.649575E+00  6.792E-02
1.651575E+00  6.767E-02
1.653575E+00  6.742E-02
1.655575E+00  6.718E-02
1.657575E+00  6.693E-02
1.659575E+00  6.668E-02
1.661575E+00  6.644E-02
1.663575E+00  6.619E-02
1.665575E+00  6.595E-02
1.667575E+00  6.571E-02
1.669575E+00  6.547E-02
1.671575E+00  6.523E-02
1.673575E+00  6.499E-02
1.675575E+00  6.476E-02
1.677575E+00  6.452E-02
1.679575E+00  6.429E-02
1.681575E+00  6.405E-02
1.683575E+00  6.382E-02
1.685575E+00  6.359E-02
1.687575E+00  6.336E-02
1.689575E+00  6.313E-02
1.691575E+00  6.290E-02
1.693575E+00  6.268E-02
1.695575E+00  6.245E-02
1.697575E+00  6.222E-02
1.699575E+00  6.200E-02
1.701575E+00  6.178E-02
1.703575E+00  6.155E-02
1.705575E+00  6.133E-02
1.707575E+00  6.111E-02
1.709575E+00  6.089E-02
1.711575E+00  6.068E-02
1.713575E+00  6.046E-02
1.715575E+00  6.024E-02
1.717575E+00  6.003E-02
1.719575E+00  5.981E-02
1.721575E+00  5.960E-02
1.723575E+00  5.939E-02
1.725575E+00  5.917E-02
1.727575E+00  5.896E-02
1.729575E+00  5.875E-02
1.731575E+00  5.854E-02
1.733575E+00  5.834E-02
1.735575E+00  5.813E-02
1.737575E+00  5.792E-02
1.739575E+00  5.772E-02
1.741575E+00  5.751E-02
1.743575E+00  5.731E-02
1.745575E+00  5.711E-02
1.747575E+00  5.690E-02
1.749575E+00  5.670E-02
1.751575E+00  5.650E-02
1.753575E+00  5.630E-02
1.755575E+00  5.610E-02
1.757575E+00  5.591E-02
1.759575E+00  5.571E-02
1.761575E+00  5.551E-02
1.763575E+00  5.532E-02
1.765575E+00  5.512E-02
1.767575E+00  5.493E-02
1.769575E+00  5.474E-02
1.771575E+00  5.454E-02
1.773575E+00  5.435E-02
1.775575E+00  5.416E-02
1.777575E+00  5.397E-02
1.779575E+00  5.379E-02
1.781575E+00  5.360E-02
1.783575E+00  5.341E-02
1.785575E+00  5.322E-02
1.787575E+00  5.304E-02
1.789575E+00  5.285E-02
1.791575E+00  5.267E-02
1.793575E+00  5.249E-02
1.795575E+00  5.230E-02
1.797575E+00  5.212E-02
1.799575E+00  5.194E-02
1.801575E+00  5.176E-02
1.803575E+00  5.158E-02
1.805575E+00  5.140E-02
1.807575E+00  5.122E-02
1.809575E+00  5.105E-02
1.811575E+00  5.087E-02
1.813575E+00  5.070E-02
1.815575E+00  5.052E-02
1.817575E+00  5.035E-02
1.819575E+00  5.017E-02
1.821575E+00  5.000E-02
1.823575E+00  4.983E-02
1.825575E+00  4.966E-02
1.827575E+00  4.949E-02
1.829575E+00  4.932E-02
1.831575E+00  4.915E-02
1.833575E+00  4.898E-02
1.835575E+00  4.881E-02
1.837575E+00  4.865E-02
1.839575E+00  4.848E-02
1.841575E+00  4.832E-02
1.843575E+00  4.815E-02
1.845575E+00  4.799E-02
1.847575E+00  4.783E-02
1.849575E+00  4.766E-02
1.851575E+00  4.750E-02
1.853575E+00  4.734E-02
1.855575E+00  4.718E-02
1.857575E+00  4.702E-02
1.859575E+00  4.686E-02
1.861575E+00  4.670E-02
1.863575E+00  4.655E-02
1.865575E+00  4.639E-02
1.867575E+00  4.624E-02
1.869575E+00  4.608E-02
1.871575E+00  4.593E-02
1.873575E+00  4.577E-02
1.875575E+00  4.562E-02
1.877575E+00  4.547E-02
1.879575E+00  4.531E-02
1.881575E+00  4.516E-02
1.883575E+00  4.501E-02
1.885575E+00  4.486E-02
1.887575E+00  4.472E-02
1.889575E+00  4.457E-02
1.891575E+00  4.442E-02
1.893575E+00  4.427E-02
1.895575E+00  4.413E-02
1.897575E+00  4.398E-02
1.899575E+00  4.384E-02
1.901575E+00  4.369E-02
1.903575E+00  4.355E-02
1.905575E+00  4.341E-02
1.907575E+00  4.326E-02
1.909575E+00  4.312E-02
1.911575E+00  4.298E-02
1.913575E+00  4.284E-02
1.915575E+00  4.270E-02
1.917575E+00  4.256E-02
1.919575E+00  4.243E-02
1.921575E+00  4.229E-02
1.923575E+00  4.215E-02
1.925575E+00  4.202E-02
1.927575E+00  4.188E-02
1.929575E+00  4.175E-02
1.931575E+00  4.161E-02
1.933575E+00  4.148E-02
1.935575E+00  4.134E-02
1.937575E+00  4.121E-02
1.939575E+00  4.108E-02
1.941575E+00  4.095E-02
1.943575E+00  4.082E-02
1.945575E+00  4.069E-02
1.947575E+00  4.056E-02
1.949575E+00  4.043E-02
1.951575E+00  4.030E-02
1.953575E+00  4.018E-02
1.955575E+00  4.005E-02
1.957575E+00  3.992E-02
1.959575E+00  3.980E-02
1.961575E+00  3.967E-02
1.963575E+00  3.955E-02
1.965575E+00  3.943E-02
1.967575E+00  3.930E-02
1.969575E+00  3.918E-02
1.971575E+00  3.906E-02
1.973575E+00  3.894E-02
1.975575E+00  3.882E-02
1.977575E+00  3.869E-02
1.979575E+00  3.858E-02
1.981575E+00  3.846E-02
1.983575E+00  3.834E-02
1.985575E+00  3.822E-02
1.987575E+00  3.810E-02
1.989575E+00  3.798E-02
1.991575E+00  3.787E-02
1.993575E+00  3.775E-02
1.995575E+00  3.764E-02
1.997575E+00  3.752E-02
1.999575E+00  3.741E-02
2.001575E+00  3.729E-02
2.003575E+00  3.718E-02
2.005575E+00  3.707E-02
2.007575E+00  3.696E-02
2.009575E+00  3.685E-02
2.011575E+00  3.673E-02
2.013575E+00  3.662E-02
2.015575E+00  3.651E-02
2.017575E+00  3.640E-02
2.019575E+00  3.629E-02
2.021575E+00  3.619E-02
2.023575E+00  3.608E-02
2.025575E+00  3.597E-02
2.027575E+00  3.586E-02
2.029575E+00  3.576E-02
2.031575E+00  3.565E-02
2.033575E+00  3.555E-02
2.035575E+00  3.544E-02
2.037575E+00  3.533E-02
2.039575E+00  3.523E-02
2.041575E+00  3.513E-02
2.043575E+00  3.502E-02
2.045575E+00  3.492E-02
2.047575E+00  3.482E-02
2.049575E+00  3.472E-02
2.051575E+00  3.461E-02
2.053575E+00  3.451E-02
2.055575E+00  3.441E-02
2.057575E+00  3.431E-02
2.059575E+00  3.421E-02
2.061575E+00  3.411E-02
2.063575E+00  3.401E-02
2.065575E+00  3.391E-02
2.067575E+00  3.382E-02
2.069575E+00  3.372E-02
2.071575E+00  3.362E-02
2.073575E+00  3.352E-02
2.075575E+00  3.343E-02
2.077575E+00  3.333E-02
2.079575E+00  3.323E-02
2.081575E+00  3.314E-02
2.083575E+00  3.304E-02
2.085575E+00  3.295E-02
2.087575E+00  3.286E-02
2.089575E+00  3.276E-02
2.091575E+00  3.267E-02
2.093575E+00  3.257E-02
2.095575E+00  3.248E-02
2.097575E+00  3.239E-02
2.099575E+00  3.230E-02
2.101575E+00  3.220E-02
2.103575E+00  3.211E-02
2.105575E+00  3.202E-02
2.107575E+00  3.193E-02
2.109575E+00  3.184E-02
2.111575E+00  3.175E-02
2.113575E+00  3.166E-02
2.115575E+00  3.157E-02
2.117575E+00  3.148E-02
2.119575E+00  3.139E-02
2.121575E+00  3.130E-02
2.123575E+00  3.122E-02
2.125575E+00  3.113E-02
2.127575E+00  3.104E-02
2.129575E+00  3.095E-02
2.131575E+00  3.087E-02
2.133575E+00  3.078E-02
2.135575E+00  3.069E-02
2.137575E+00  3.061E-02
2.139575E+00  3.052E-02
2.141575E+00  3.044E-02
2.143575E+00  3.035E-02
2.145575E+00  3.027E-02
2.147575E+00  3.018E-02
2.149575E+00  3.010E-02
2.151575E+00  3.001E-02
2.153575E+00  2.993E-02
2.155575E+00  2.985E-02
2.157575E+00  2.976E-02
2.159575E+00  2.968E-02
2.161575E+00  2.960E-02
2.163575E+00  2.952E-02
2.165575E+00  2.943E-02
2.167575E+00  2.935E-02
2.169575E+00  2.927E-02
2.171575E+00  2.919E-02
2.173575E+00  2.911E-02
2.175575E+00  2.903E-02
2.177575E+00  2.895E-02
2.179575E+00  2.887E-02
2.181575E+00  2.879E-02
2.183575E+00  2.871E-02
2.185575E+00  2.863E-02
2.187575E+00  2.855E-02
2.189575E+00  2.847E-02
2.191575E+00  2.839E-02
2.193575E+00  2.831E-02
2.195575E+00  2.824E-02
2.197575E+00  2.816E-02
2.199575E+00  2.808E-02
2.201575E+00  2.800E-02
2.203575E+00  2.793E-02
2.205575E+00  2.785E-02
2.207575E+00  2.777E-02
2.209575E+00  2.770E-02
2.211575E+00  2.762E-02
2.213575E+00  2.754E-02
2.215575E+00  2.747E-02
2.217575E+00  2.739E-02
2.219575E+00  2.732E-02
2.221575E+00  2.724E-02
2.223575E+00  2.717E-02
2.225575E+00  2.709E-02
2.227575E+00  2.702E-02
2.229575E+00  2.695E-02
2.231575E+00  2.687E-02
2.233575E+00  2.680E-02
2.235575E+00  2.672E-02
2.237575E+00  2.665E-02
2.239575E+00  2.658E-02
2.241575E+00  2.651E-02
2.243575E+00  2.643E-02
2.245575E+00  2.636E-02
2.247575E+00  2.629E-02
2.249575E+00  2.622E-02
2.251575E+00  2.615E-02
2.253575E+00  2.608E-02
2.255575E+00  2.601E-02
2.257575E+00  2.593E-02
2.259575E+00  2.586E-02
2.261575E+00  2.579E-02
2.263575E+00  2.572E-02
2.275575E+00  2.531E-02
2.294977E+00  2.466E-02
2.416123E+00  2.106E-02
2.528735E+00  1.844E-02
2.669196E+00  1.589E-02
2.818044E+00  1.374E-02
2.948068E+00  1.234E-02
3.033222E+00  1.156E-02
3.048137E+00  1.143E-02
3.050149E+00  1.153E-02
3.052134E+00  1.183E-02
3.054092E+00  1.267E-02
3.056023E+00  1.537E-02
3.057928E+00  2.868E-02
3.059806E+00  3.836E-01
3.061660E+00  1.322E-01
3.063488E+00  3.566E-02
3.065292E+00  2.301E-02
3.067072E+00  1.876E-02
3.068828E+00  1.676E-02
3.070561E+00  1.561E-02
3.072272E+00  1.488E-02
3.075625E+00  1.398E-02
3.086701E+00  1.218E-02
3.089688E+00  1.140E-02
3.091153E+00  1.081E-02
3.092601E+00  9.944E-03
3.094030E+00  8.564E-03
3.095441E+00  6.074E-03
3.096836E+00  1.502E-03
3.098213E+00  6.841E-01
3.099573E+00  3.926E-02
3.100917E+00  2.639E-02
3.102245E+00  2.248E-02
3.103556E+00  2.065E-02
3.104852E+00  1.962E-02
3.106133E+00  1.900E-02
3.108648E+00  1.834E-02
3.112311E+00  1.807E-02
3.116999E+00  1.837E-02
3.121474E+00  1.923E-02
3.124700E+00  2.030E-02
3.127818E+00  2.189E-02
3.129840E+00  2.339E-02
3.131817E+00  2.544E-02
3.132790E+00  2.676E-02
3.133752E+00  2.836E-02
3.134704E+00  3.033E-02
3.135645E+00  3.280E-02
3.136576E+00  3.598E-02
3.137498E+00  4.019E-02
3.138409E+00  4.601E-02
3.139311E+00  5.446E-02
3.140203E+00  6.768E-02
3.141086E+00  9.060E-02
3.141959E+00  1.375E-01
3.142823E+00  2.673E-01
3.143679E+00  1.028E+00
3.144525E+00  1.980E+01
3.145363E+00  3.056E-01
3.146192E+00  2.702E+02
3.147012E+00  3.377E-02
3.147824E+00  1.175E-02
3.148627E+00  5.240E-03
3.149423E+00  2.814E-03
3.150210E+00  1.935E-03
3.150990E+00  1.726E-03
3.151761E+00  1.827E-03
3.152525E+00  2.071E-03
3.153281E+00  2.378E-03
3.156231E+00  3.659E-03
3.158367E+00  4.452E-03
3.160442E+00  5.072E-03
3.162457E+00  5.529E-03
3.165055E+00  5.941E-03
3.165689E+00  6.110E-03
3.166317E+00  6.610E-03
3.166939E+00  9.083E-03
3.167555E+00  4.642E-02
3.168166E+00  1.142E-01
3.168771E+00  2.136E-02
3.169370E+00  1.385E-02
3.169964E+00  1.159E-02
3.170552E+00  1.059E-02
3.171135E+00  1.006E-02
3.171713E+00  9.751E-03
3.172852E+00  9.442E-03
3.175611E+00  9.220E-03
3.177731E+00  9.059E-03
3.178762E+00  8.845E-03
3.179272E+00  8.658E-03
3.179776E+00  8.374E-03
3.180276E+00  7.925E-03
3.180772E+00  7.166E-03
3.181264E+00  5.724E-03
3.181751E+00  2.507E-03
3.182234E+00  1.046E+01
3.182713E+00  2.834E-02
3.183188E+00  1.885E-02
3.183659E+00  1.627E-02
3.184125E+00  1.514E-02
3.184588E+00  1.454E-02
3.185502E+00  1.402E-02
3.186843E+00  1.393E-02
3.188581E+00  1.436E-02
3.190261E+00  1.525E-02
3.191486E+00  1.628E-02
3.192680E+00  1.778E-02
3.193461E+00  1.920E-02
3.194229E+00  2.117E-02
3.194608E+00  2.246E-02
3.194985E+00  2.406E-02
3.195358E+00  2.606E-02
3.195729E+00  2.866E-02
3.196096E+00  3.213E-02
3.196461E+00  3.699E-02
3.196823E+00  4.418E-02
3.197182E+00  5.574E-02
3.197538E+00  7.673E-02
3.197891E+00  1.234E-01
3.198242E+00  2.783E-01
3.198590E+00  2.172E+00
3.198935E+00  1.148E+00
3.199278E+00  9.957E-02
3.199618E+00  2.379E-02
3.199955E+00  7.401E-03
3.200290E+00  6.725E-03
3.200622E+00  6.391E-01
3.200952E+00  1.004E-02
3.201279E+00  4.228E-03
3.201604E+00  3.047E-03
3.201926E+00  2.791E-03
3.202246E+00  2.843E-03
3.202563E+00  3.018E-03
3.204418E+00  4.389E-03
3.205610E+00  5.090E-03
3.206481E+00  5.495E-03
3.206767E+00  5.665E-03
3.207051E+00  5.287E-03
3.207333E+00  5.618E-03
3.207891E+00  5.843E-03
3.208167E+00  6.145E-03
3.208441E+00  7.427E-03
3.208713E+00  1.896E-02
3.208983E+00  1.072E+00
3.209252E+00  2.645E-02
3.209518E+00  1.446E-02
3.209782E+00  1.155E-02
3.210045E+00  1.037E-02
3.210305E+00  9.780E-03
3.210564E+00  9.449E-03
3.211077E+00  9.134E-03
3.212080E+00  9.004E-03
3.214238E+00  9.069E-03
3.214700E+00  8.914E-03
3.214929E+00  8.721E-03
3.215156E+00  8.341E-03
3.215382E+00  7.481E-03
3.215606E+00  4.672E-03
3.215828E+00  4.809E-02
3.216049E+00  1.545E-02
3.216269E+00  1.326E-02
3.216487E+00  1.254E-02
3.216704E+00  1.224E-02
3.217133E+00  1.207E-02
3.217766E+00  1.224E-02
3.218591E+00  1.281E-02
3.219395E+00  1.376E-02
3.219984E+00  1.481E-02
3.220563E+00  1.636E-02
3.220942E+00  1.787E-02
3.221130E+00  1.885E-02
3.221317E+00  2.006E-02
3.221502E+00  2.155E-02
3.221687E+00  2.347E-02
3.221870E+00  2.602E-02
3.222052E+00  2.952E-02
3.222233E+00  3.464E-02
3.222413E+00  4.271E-02
3.222592E+00  5.697E-02
3.222769E+00  8.728E-02
3.222946E+00  1.794E-01
3.223121E+00  9.687E-01
3.223295E+00  1.449E+00
3.223469E+00  8.274E-02
3.223641E+00  3.022E-01
3.223812E+00  2.074E-02
3.223982E+00  6.125E-03
3.224151E+00  3.218E-03
3.224319E+00  2.448E-03
3.224486E+00  2.368E-03
3.224652E+00  2.550E-03
3.224817E+00  2.835E-03
3.225467E+00  4.097E-03
3.226414E+00  5.708E-03
3.226568E+00  6.010E-03
3.226722E+00  6.396E-03
3.226874E+00  7.041E-03
3.227026E+00  9.120E-03
3.227177E+00  6.742E-04
3.227327E+00  4.464E-03
3.227476E+00  5.278E-03
3.227624E+00  5.666E-03
3.227772E+00  5.915E-03
3.228064E+00  6.245E-03
3.228638E+00  6.612E-03
3.228920E+00  6.749E-03
3.229060E+00  6.920E-03
3.229199E+00  7.585E-03
3.229338E+00  1.228E-02
3.229475E+00  7.283E-01
3.229612E+00  3.272E-02
3.229748E+00  1.541E-02
3.229883E+00  1.216E-02
3.230017E+00  1.097E-02
3.230151E+00  1.041E-02
3.230284E+00  1.011E-02
3.230548E+00  9.876E-03
3.230937E+00  9.890E-03
3.231447E+00  1.022E-02
3.231822E+00  1.068E-02
3.232069E+00  1.117E-02
3.232191E+00  1.152E-02
3.232313E+00  1.200E-02
3.232434E+00  1.273E-02
3.232554E+00  1.400E-02
3.232674E+00  1.698E-02
3.232793E+00  3.345E-02
3.232911E+00  1.107E-03
3.233029E+00  4.975E-03
3.233146E+00  7.052E-03
3.233262E+00  8.104E-03
3.233378E+00  8.770E-03
3.233493E+00  9.257E-03
3.233835E+00  1.029E-02
3.234503E+00  1.211E-02
3.234828E+00  1.331E-02
3.235043E+00  1.438E-02
3.235255E+00  1.585E-02
3.235360E+00  1.681E-02
3.235465E+00  1.800E-02
3.235569E+00  1.952E-02
3.235673E+00  2.153E-02
3.235776E+00  2.429E-02
3.235879E+00  2.835E-02
3.235981E+00  3.478E-02
3.236082E+00  4.633E-02
3.236183E+00  7.169E-02
3.236284E+00  1.554E-01
3.236384E+00  1.252E+00
3.236483E+00  4.645E-01
3.236582E+00  7.401E-02
3.236680E+00  1.360E-02
3.236778E+00  4.872E-03
3.236876E+00  2.733E-03
3.236973E+00  2.306E-03
3.237069E+00  2.431E-03
3.237165E+00  2.744E-03
3.237544E+00  4.206E-03
3.238099E+00  6.088E-03
3.238190E+00  6.469E-03
3.238280E+00  6.964E-03
3.238370E+00  7.746E-03
3.238459E+00  9.539E-03
3.238549E+00  2.325E-02
3.238637E+00  1.235E-03
3.238725E+00  3.800E-03
3.238813E+00  4.754E-03
3.238900E+00  5.264E-03
3.238987E+00  5.598E-03
3.239160E+00  6.033E-03
3.239415E+00  6.423E-03
3.239833E+00  6.803E-03
3.239916E+00  7.073E-03
3.239998E+00  8.346E-03
3.240079E+00  2.241E-02
3.240160E+00  2.312E-01
3.240241E+00  2.144E-02
3.240322E+00  1.363E-02
3.240402E+00  1.153E-02
3.240481E+00  1.066E-02
3.240561E+00  1.023E-02
3.240639E+00  1.000E-02
3.240796E+00  9.826E-03
3.241028E+00  9.879E-03
3.241333E+00  1.025E-02
3.241558E+00  1.077E-02
3.241706E+00  1.134E-02
3.241780E+00  1.176E-02
3.241853E+00  1.234E-02
3.241926E+00  1.326E-02
3.241998E+00  1.496E-02
3.242070E+00  1.935E-02
3.242142E+00  5.668E-02
3.242214E+00  8.317E-04
3.242285E+00  4.661E-03
3.242356E+00  6.626E-03
3.242427E+00  7.686E-03
3.242497E+00  8.376E-03
3.242567E+00  8.886E-03
3.242706E+00  9.653E-03
3.243182E+00  1.188E-02
3.243382E+00  1.318E-02
3.243513E+00  1.439E-02
3.243579E+00  1.517E-02
3.243644E+00  1.611E-02
3.243708E+00  1.730E-02
3.243773E+00  1.883E-02
3.243837E+00  2.090E-02
3.243901E+00  2.382E-02
3.243965E+00  2.828E-02
3.244028E+00  3.580E-02
3.244091E+00  5.069E-02
3.244154E+00  9.020E-02
3.244217E+00  3.074E-01
3.244279E+00  5.956E+00
3.244341E+00  7.894E-02
3.244403E+00  1.410E-02
3.244464E+00  4.591E-03
3.244525E+00  2.553E-03
3.244586E+00  2.280E-03
3.244647E+00  2.520E-03
3.244707E+00  2.913E-03
3.244887E+00  4.145E-03
3.245064E+00  5.192E-03
3.245239E+00  6.170E-03
3.245297E+00  6.535E-03
3.245355E+00  6.966E-03
3.245412E+00  7.534E-03
3.245469E+00  8.420E-03
3.245526E+00  1.028E-02
3.245583E+00  1.850E-02
3.245639E+00  5.543E-03
3.245695E+00  2.532E-03
3.245751E+00  4.041E-03
3.245807E+00  4.800E-03
3.245862E+00  5.269E-03
3.245917E+00  5.598E-03
3.246027E+00  6.044E-03
3.246190E+00  6.455E-03
3.246457E+00  6.818E-03
3.246510E+00  6.959E-03
3.246562E+00  7.490E-03
3.246615E+00  1.101E-02
3.246667E+00  2.294E-01
3.246719E+00  3.643E-02
3.246770E+00  1.565E-02
3.246822E+00  1.219E-02
3.246873E+00  1.096E-02
3.246924E+00  1.039E-02
3.246975E+00  1.010E-02
3.247076E+00  9.868E-03
3.247226E+00  9.894E-03
3.247423E+00  1.026E-02
3.247569E+00  1.077E-02
3.247665E+00  1.133E-02
3.247713E+00  1.174E-02
3.247760E+00  1.229E-02
3.247808E+00  1.313E-02
3.247855E+00  1.458E-02
3.247902E+00  1.780E-02
3.247949E+00  3.156E-02
3.247996E+00  3.823E-02
3.248042E+00  2.892E-03
3.248089E+00  5.617E-03
3.248135E+00  6.999E-03
3.248181E+00  7.848E-03
3.248226E+00  8.448E-03
3.248317E+00  9.305E-03
3.248630E+00  1.159E-02
3.248762E+00  1.288E-02
3.248849E+00  1.407E-02
3.248892E+00  1.483E-02
3.248935E+00  1.577E-02
3.248978E+00  1.695E-02
3.249020E+00  1.849E-02
3.249063E+00  2.059E-02
3.249105E+00  2.361E-02
3.249147E+00  2.831E-02
3.249189E+00  3.653E-02
3.249231E+00  5.387E-02
3.249273E+00  1.066E-01
3.249315E+00  5.861E-01
3.249356E+00  5.956E-01
3.249397E+00  3.534E-02
3.249438E+00  7.788E-03
3.249479E+00  3.093E-03
3.249520E+00  2.257E-03
3.249560E+00  2.381E-03
3.249601E+00  2.771E-03
3.249681E+00  3.667E-03
3.249761E+00  4.478E-03
3.249880E+00  5.521E-03
3.249997E+00  6.536E-03
3.250036E+00  6.938E-03
3.250074E+00  7.433E-03
3.250113E+00  8.124E-03
3.250151E+00  9.291E-03
3.250190E+00  1.211E-02
3.250228E+00  3.266E-02
3.250266E+00  8.089E-04
3.250303E+00  2.776E-03
3.250341E+00  4.104E-03
3.250379E+00  4.824E-03
3.250416E+00  5.287E-03
3.250453E+00  5.617E-03
3.250527E+00  6.072E-03
3.250637E+00  6.496E-03
3.250782E+00  6.806E-03
3.250854E+00  6.950E-03
3.250890E+00  7.215E-03
3.250925E+00  8.563E-03
3.250960E+00  2.640E-02
3.250996E+00  1.228E-01
3.251031E+00  1.929E-02
3.251066E+00  1.311E-02
3.251101E+00  1.134E-02
3.251135E+00  1.060E-02
3.251170E+00  1.023E-02
3.251205E+00  1.003E-02
3.251273E+00  9.898E-03
3.251409E+00  1.007E-02
3.251543E+00  1.061E-02
3.251642E+00  1.138E-02
3.251675E+00  1.178E-02
3.251708E+00  1.233E-02
3.251740E+00  1.314E-02
3.251773E+00  1.448E-02
3.251805E+00  1.722E-02
3.251837E+00  2.622E-02
3.251869E+00  1.233E+00
3.251901E+00  1.367E-03
3.251933E+00  4.645E-03
3.251965E+00  6.363E-03
3.251997E+00  7.376E-03
3.252028E+00  8.067E-03
3.252091E+00  9.019E-03
3.252338E+00  1.176E-02
3.252399E+00  1.266E-02
3.252459E+00  1.383E-02
3.252489E+00  1.458E-02
3.252519E+00  1.551E-02
3.252549E+00  1.667E-02
3.252578E+00  1.820E-02
3.252608E+00  2.028E-02
3.252638E+00  2.329E-02
3.252667E+00  2.804E-02
3.252696E+00  3.647E-02
3.252725E+00  5.479E-02
3.252754E+00  1.146E-01
3.252783E+00  9.757E-01
3.252812E+00  3.250E-01
3.252841E+00  2.565E-02
3.252870E+00  6.041E-03
3.252898E+00  2.684E-03
3.252927E+00  2.219E-03
3.252955E+00  2.471E-03
3.253040E+00  3.829E-03
3.253096E+00  4.639E-03
3.253206E+00  6.008E-03
3.253261E+00  6.712E-03
3.253289E+00  7.131E-03
3.253316E+00  7.657E-03
3.253343E+00  8.408E-03
3.253370E+00  9.721E-03
3.253397E+00  1.308E-02
3.253424E+00  4.587E-02
3.253450E+00  6.842E-04
3.253477E+00  2.846E-03
3.253503E+00  4.127E-03
3.253530E+00  4.838E-03
3.253556E+00  5.300E-03
3.253583E+00  5.633E-03
3.253635E+00  6.093E-03
3.253713E+00  6.527E-03
3.253816E+00  6.849E-03
3.253866E+00  6.969E-03
3.253892E+00  7.130E-03
3.253917E+00  7.817E-03
3.253942E+00  1.343E-02
3.253967E+00  1.847E+02
3.253992E+00  2.591E-02
3.254017E+00  1.428E-02
3.254042E+00  1.177E-02
3.254066E+00  1.081E-02
3.254091E+00  1.035E-02
3.254140E+00  9.998E-03
3.254213E+00  9.976E-03
3.254309E+00  1.033E-02
3.254381E+00  1.086E-02
3.254428E+00  1.142E-02
3.254475E+00  1.237E-02
3.254498E+00  1.316E-02
3.254521E+00  1.443E-02
3.254545E+00  1.688E-02
3.254568E+00  2.385E-02
3.254591E+00  1.185E-01
3.254614E+00  8.528E-04
3.254637E+00  3.731E-03
3.254659E+00  5.777E-03
3.254682E+00  6.952E-03
3.254705E+00  7.733E-03
3.254728E+00  8.311E-03
3.254773E+00  9.172E-03
3.254928E+00  1.159E-02
3.254994E+00  1.301E-02
3.255037E+00  1.438E-02
3.255059E+00  1.529E-02
3.255080E+00  1.643E-02
3.255102E+00  1.793E-02
3.255123E+00  1.998E-02
3.255144E+00  2.295E-02
3.255166E+00  2.764E-02
3.255187E+00  3.602E-02
3.255208E+00  5.443E-02
3.255229E+00  1.164E-01
3.255250E+00  2.796E+00
3.255271E+00  2.650E-01
3.255292E+00  2.240E-02
3.255313E+00  5.393E-03
3.255333E+00  2.535E-03
3.255354E+00  2.219E-03
3.255375E+00  2.524E-03
3.255436E+00  3.912E-03
3.255497E+00  5.083E-03
3.255596E+00  6.760E-03
3.260614E+00  8.779E-03
3.326340E+00  7.983E-03
3.389235E+00  7.432E-03
3.487635E+00  6.795E-03
3.558583E+00  6.576E-03
3.581219E+00  6.656E-03
3.592552E+00  6.856E-03
3.598970E+00  7.141E-03
3.603100E+00  7.516E-03
3.605122E+00  7.828E-03
3.607116E+00  8.311E-03
3.609083E+00  9.139E-03
3.611022E+00  1.083E-02
3.612935E+00  1.571E-02
3.614822E+00  4.052E-02
3.616683E+00  6.434E-03
3.618520E+00  3.421E-03
3.622119E+00  4.152E-03
3.623883E+00  4.430E-03
3.625623E+00  4.634E-03
3.629035E+00  4.904E-03
3.633989E+00  5.133E-03
3.643338E+00  5.342E-03
3.663861E+00  5.493E-03
3.686125E+00  5.593E-03
3.689053E+00  5.695E-03
3.690008E+00  5.863E-03
3.690952E+00  1.575E-02
3.691886E+00  5.269E-03
3.692811E+00  5.401E-03
3.696410E+00  5.509E-03
3.699012E+00  5.563E-03
3.699861E+00  5.613E-03
3.701532E+00  5.562E-03
3.715825E+00  5.728E-03
3.722959E+00  5.976E-03
3.724779E+00  6.070E-03
3.725374E+00  5.725E-03
3.725964E+00  2.981E-03
3.726548E+00  7.851E-03
3.727127E+00  7.436E-03
3.727701E+00  7.538E-03
3.728270E+00  7.843E-03
3.728833E+00  8.375E-03
3.729391E+00  9.299E-03
3.729945E+00  1.111E-02
3.730493E+00  1.571E-02
3.731036E+00  3.416E-02
3.731574E+00  1.513E-02
3.732108E+00  2.992E-03
3.732637E+00  2.792E-03
3.733161E+00  3.173E-03
3.733681E+00  3.511E-03
3.734196E+00  3.773E-03
3.734706E+00  3.975E-03
3.735713E+00  4.261E-03
3.737192E+00  4.526E-03
3.739572E+00  4.774E-03
3.741852E+00  4.931E-03
3.742296E+00  4.996E-03
3.742737E+00  4.894E-03
3.744038E+00  4.999E-03
3.747751E+00  5.176E-03
3.748540E+00  5.281E-03
3.748929E+00  5.437E-03
3.749316E+00  6.568E-03
3.749699E+00  4.668E-03
3.750079E+00  4.900E-03
3.750831E+00  5.029E-03
3.752658E+00  5.097E-03
3.753369E+00  5.053E-03
3.753721E+00  4.889E-03
3.754069E+00  5.704E-03
3.754415E+00  5.356E-03
3.755099E+00  5.288E-03
3.759910E+00  5.391E-03
3.763389E+00  5.549E-03
3.763666E+00  5.528E-03
3.763940E+00  5.383E-03
3.764213E+00  7.077E-03
3.764484E+00  6.014E-03
3.764752E+00  5.963E-03
3.765284E+00  6.028E-03
3.766067E+00  6.240E-03
3.766581E+00  6.440E-03
3.766835E+00  6.487E-03
3.767087E+00  6.237E-03
3.767337E+00  3.716E-03
3.767586E+00  2.056E-02
3.767833E+00  1.933E-02
3.768078E+00  3.547E-02
3.768321E+00  3.588E-02
3.768563E+00  3.693E-03
3.768804E+00  2.384E-03
3.769042E+00  2.721E-03
3.769279E+00  3.101E-03
3.769514E+00  3.403E-03
3.769748E+00  3.636E-03
3.770211E+00  3.963E-03
3.770893E+00  4.257E-03
3.771782E+00  4.478E-03
3.773072E+00  4.633E-03
3.773698E+00  4.613E-03
3.773904E+00  4.540E-03
3.774108E+00  4.242E-03
3.774312E+00  7.294E-03
3.774514E+00  5.242E-03
3.774714E+00  5.077E-03
3.775308E+00  4.996E-03
3.777209E+00  5.080E-03
3.777756E+00  5.193E-03
3.777936E+00  5.312E-03
3.778115E+00  5.753E-03
3.778293E+00  9.613E-03
3.778470E+00  4.649E-03
3.778645E+00  4.787E-03
3.778994E+00  4.875E-03
3.779677E+00  4.860E-03
3.780013E+00  4.753E-03
3.780179E+00  4.621E-03
3.780344E+00  4.316E-03
3.780508E+00  3.123E-03
3.780672E+00  9.001E-03
3.780834E+00  6.246E-03
3.780995E+00  5.810E-03
3.781156E+00  5.637E-03
3.781787E+00  5.354E-03
3.781943E+00  4.959E-03
3.782098E+00  5.855E-03
3.782251E+00  5.577E-03
3.783155E+00  5.593E-03
3.784171E+00  5.793E-03
3.784732E+00  6.041E-03
3.785009E+00  6.274E-03
3.785146E+00  6.479E-03
3.785282E+00  6.957E-03
3.785417E+00  1.955E-03
3.785552E+00  6.065E-03
3.785819E+00  6.974E-03
3.785951E+00  7.524E-03
3.786083E+00  8.442E-03
3.786213E+00  1.137E-02
3.786344E+00  2.160E-02
3.786473E+00  6.559E-04
3.786602E+00  4.463E-03
3.786730E+00  6.812E-03
3.786857E+00  1.026E-02
3.786983E+00  2.055E-02
3.787109E+00  1.514E-02
3.787234E+00  3.261E-03
3.787359E+00  2.642E-03
3.787483E+00  2.862E-03
3.787606E+00  3.120E-03
3.787728E+00  3.337E-03
3.787971E+00  3.652E-03
3.788330E+00  3.940E-03
3.788801E+00  4.135E-03
3.789146E+00  4.175E-03
3.789374E+00  4.122E-03
3.789487E+00  4.039E-03
3.789599E+00  3.856E-03
3.789711E+00  3.355E-03
3.789822E+00  6.170E-04
3.789933E+00  6.810E-03
3.790042E+00  5.553E-03
3.790152E+00  5.231E-03
3.790261E+00  5.091E-03
3.790476E+00  4.974E-03
3.791110E+00  4.910E-03
3.791826E+00  4.969E-03
3.792025E+00  5.084E-03
3.792124E+00  5.353E-03
3.792223E+00  2.765E-02
3.792321E+00  4.466E-03
3.792418E+00  4.601E-03
3.792612E+00  4.646E-03
3.792804E+00  4.586E-03
3.792899E+00  4.515E-03
3.792993E+00  4.387E-03
3.793088E+00  4.113E-03
3.793181E+00  2.657E-03
3.793275E+00  4.939E-03
3.793367E+00  3.827E-03
3.793460E+00  1.102E-03
3.793551E+00  1.016E-02
3.793643E+00  7.023E-03
3.793734E+00  6.425E-03
3.793824E+00  6.034E-03
3.794004E+00  5.797E-03
3.794270E+00  5.679E-03
3.794790E+00  5.697E-03
3.795129E+00  5.828E-03
3.795213E+00  5.903E-03
3.795296E+00  6.328E-03
3.795379E+00  5.794E-03
3.795787E+00  6.341E-03
3.795948E+00  6.691E-03
3.796028E+00  6.947E-03
3.796107E+00  7.299E-03
3.796186E+00  7.816E-03
3.796265E+00  8.658E-03
3.796343E+00  1.030E-02
3.796421E+00  1.509E-02
3.796498E+00  8.628E-02
3.796575E+00  5.183E-04
3.796652E+00  3.005E-03
3.796728E+00  5.250E-03
3.796805E+00  8.797E-03
3.796880E+00  1.983E-02
3.796956E+00  5.999E-03
3.797031E+00  2.787E-03
3.797105E+00  2.819E-03
3.797254E+00  3.275E-03
3.797327E+00  3.452E-03
3.797473E+00  3.710E-03
3.797690E+00  3.947E-03
3.797975E+00  4.099E-03
3.798185E+00  4.092E-03
3.798254E+00  4.046E-03
3.798323E+00  3.950E-03
3.798392E+00  3.739E-03
3.798460E+00  3.138E-03
3.798528E+00  5.481E-03
3.798596E+00  6.593E-03
3.798664E+00  5.501E-03
3.798731E+00  5.194E-03
3.798798E+00  5.055E-03
3.798931E+00  4.936E-03
3.799322E+00  4.867E-03
3.799952E+00  4.920E-03
3.800075E+00  5.004E-03
3.800136E+00  5.175E-03
3.800197E+00  7.264E-03
3.800257E+00  4.235E-03
3.800318E+00  5.504E-03
3.800377E+00  4.752E-03
3.800615E+00  4.577E-03
3.800732E+00  4.387E-03
3.800790E+00  4.154E-03
3.800848E+00  3.767E-03
3.800905E+00  2.833E-03
3.800963E+00  1.722E-03
3.801020E+00  1.050E-02
3.801077E+00  7.316E-03
3.801133E+00  6.539E-03
3.801190E+00  6.200E-03
3.801246E+00  6.017E-03
3.801358E+00  5.837E-03
3.801578E+00  5.749E-03
3.801795E+00  5.831E-03
3.801849E+00  6.019E-03
3.801902E+00  5.757E-03
3.802218E+00  6.225E-03
3.802322E+00  6.493E-03
3.802425E+00  6.924E-03
3.802476E+00  7.255E-03
3.802527E+00  7.731E-03
3.802577E+00  8.477E-03
3.802628E+00  9.818E-03
3.802678E+00  1.296E-02
3.802728E+00  2.836E-02
3.802778E+00  2.859E-02
3.802827E+00  1.080E-03
3.802877E+00  3.062E-03
3.802926E+00  4.964E-03
3.802975E+00  8.687E-03
3.803024E+00  1.775E-02
3.803073E+00  3.744E-03
3.803121E+00  2.800E-03
3.803169E+00  2.980E-03
3.803217E+00  3.205E-03
3.803265E+00  3.393E-03
3.803360E+00  3.666E-03
3.803502E+00  3.916E-03
3.803687E+00  4.079E-03
3.803825E+00  4.089E-03
3.803916E+00  3.984E-03
3.803961E+00  3.835E-03
3.804006E+00  3.468E-03
3.804050E+00  1.921E-03
3.804095E+00  8.560E-03
3.804139E+00  5.745E-03
3.804183E+00  5.270E-03
3.804227E+00  5.083E-03
3.804315E+00  4.934E-03
3.804531E+00  4.851E-03
3.805073E+00  4.906E-03
3.805154E+00  4.937E-03
3.805195E+00  5.431E-03
3.805235E+00  2.908E-02
3.805275E+00  4.435E-03
3.805315E+00  4.562E-03
3.805434E+00  4.619E-03
3.805512E+00  4.490E-03
3.805551E+00  4.391E-03
3.805590E+00  4.234E-03
3.805628E+00  3.964E-03
3.805667E+00  3.422E-03
3.805705E+00  1.953E-03
3.805744E+00  4.764E-02
3.805782E+00  8.947E-03
3.805820E+00  7.089E-03
3.805857E+00  6.485E-03
3.805895E+00  6.195E-03
3.805933E+00  6.032E-03
3.806007E+00  5.870E-03
3.806155E+00  5.808E-03
3.806228E+00  5.895E-03
3.806264E+00  5.595E-03
3.806301E+00  5.803E-03
3.806480E+00  6.118E-03
3.806585E+00  6.468E-03
3.806655E+00  6.878E-03
3.806690E+00  7.189E-03
3.806725E+00  7.630E-03
3.806759E+00  8.305E-03
3.806794E+00  9.465E-03
3.806828E+00  1.194E-02
3.806862E+00  2.061E-02
3.806896E+00  5.428E-01
3.806930E+00  5.737E-04
3.806964E+00  2.089E-03
3.806997E+00  3.685E-03
3.807031E+00  5.689E-03
3.807064E+00  1.166E-02
3.807098E+00  8.231E-03
3.807131E+00  2.943E-03
3.807164E+00  2.913E-03
3.807230E+00  3.334E-03
3.807262E+00  3.495E-03
3.807328E+00  3.731E-03
3.807424E+00  3.948E-03
3.807552E+00  4.084E-03
3.807646E+00  4.066E-03
3.807678E+00  4.014E-03
3.807709E+00  3.905E-03
3.807740E+00  3.663E-03
3.807771E+00  2.916E-03
3.807802E+00  4.039E-02
3.807832E+00  6.227E-03
3.807863E+00  5.396E-03
3.807893E+00  5.132E-03
3.807924E+00  5.009E-03
3.808014E+00  4.874E-03
3.808281E+00  4.842E-03
3.808511E+00  4.886E-03
3.808539E+00  5.047E-03
3.808567E+00  5.089E-03
3.808595E+00  5.443E-03
3.808623E+00  1.442E-02
3.808651E+00  4.408E-03
3.808707E+00  4.605E-03
3.808789E+00  4.525E-03
3.808844E+00  4.357E-03
3.808871E+00  4.194E-03
3.808898E+00  3.913E-03
3.808925E+00  3.350E-03
3.808952E+00  1.832E-03
3.808979E+00  4.562E-02
3.809006E+00  9.056E-03
3.809033E+00  7.153E-03
3.809059E+00  6.531E-03
3.809086E+00  6.233E-03
3.809112E+00  6.065E-03
3.809165E+00  5.900E-03
3.809243E+00  5.841E-03
3.809269E+00  5.860E-03
3.809294E+00  5.969E-03
3.809320E+00  5.700E-03
3.809346E+00  5.815E-03
3.809473E+00  6.109E-03
3.809548E+00  6.447E-03
3.809598E+00  6.841E-03
3.809622E+00  7.137E-03
3.809647E+00  7.553E-03
3.809672E+00  8.179E-03
3.809696E+00  9.227E-03
3.809720E+00  1.134E-02
3.809745E+00  1.772E-02
3.809769E+00  1.199E-01
3.809793E+00  1.395E-03
3.809817E+00  1.537E-03
3.809865E+00  4.619E-03
3.809889E+00  7.848E-03
3.809913E+00  1.552E-02
3.809937E+00  3.419E-03
3.809960E+00  2.880E-03
3.810007E+00  3.285E-03
3.810054E+00  3.592E-03
3.810101E+00  3.793E-03
3.810170E+00  3.979E-03
3.810261E+00  4.086E-03
3.810306E+00  4.070E-03
3.810329E+00  4.029E-03
3.810351E+00  3.944E-03
3.810374E+00  3.761E-03
3.810396E+00  3.276E-03
3.810418E+00  7.291E-04
3.810440E+00  7.036E-03
3.810462E+00  5.546E-03
3.810484E+00  5.187E-03
3.810506E+00  5.032E-03
3.810550E+00  4.903E-03
3.810679E+00  4.828E-03
3.810910E+00  4.875E-03
3.810972E+00  5.013E-03
3.810993E+00  5.191E-03
3.811013E+00  7.106E-03
3.811033E+00  4.334E-03
3.811054E+00  4.420E-03
3.811074E+00  4.552E-03
3.811114E+00  4.564E-03
3.811151E+00  4.494E-03
3.812866E+00  5.029E-03
3.873980E+00  4.704E-03
3.878145E+00  4.776E-03
3.880159E+00  4.909E-03
3.883098E+00  5.185E-03
3.885005E+00  5.160E-03
3.889595E+00  4.893E-03
3.896451E+00  4.721E-03
3.923584E+00  4.421E-03
3.926310E+00  4.344E-03
3.928405E+00  4.429E-03
3.933329E+00  4.433E-03
3.942796E+00  4.402E-03
3.943574E+00  4.448E-03
3.943959E+00  4.393E-03
3.946203E+00  4.526E-03
3.947993E+00  4.823E-03
3.948690E+00  4.998E-03
3.951696E+00  4.601E-03
3.954504E+00  4.442E-03
3.963835E+00  4.276E-03
3.964069E+00  4.308E-03
3.964991E+00  4.278E-03
3.965218E+00  4.347E-03
3.965443E+00  4.253E-03
3.965667E+00  4.245E-03
3.965889E+00  4.285E-03
3.967823E+00  4.181E-03
3.968442E+00  4.095E-03
3.969250E+00  4.257E-03
3.972639E+00  4.298E-03
3.972992E+00  4.354E-03
3.973167E+00  4.491E-03
3.973341E+00  4.336E-03
3.973514E+00  4.290E-03
3.974695E+00  4.524E-03
3.975348E+00  4.775E-03
3.975509E+00  4.849E-03
3.975828E+00  4.734E-03
3.976608E+00  4.673E-03
3.978246E+00  4.404E-03
3.980711E+00  4.248E-03
3.982099E+00  4.173E-03
3.982343E+00  4.295E-03
3.982584E+00  4.212E-03
3.983636E+00  4.135E-03
3.983863E+00  4.274E-03
3.984420E+00  4.285E-03
3.984529E+00  4.320E-03
3.984638E+00  4.440E-03
3.984747E+00  4.119E-03
3.985281E+00  4.158E-03
3.985903E+00  4.120E-03
3.986106E+00  4.049E-03
3.986308E+00  4.187E-03
3.986899E+00  4.233E-03
3.987092E+00  4.308E-03
3.987188E+00  4.392E-03
3.987283E+00  4.551E-03
3.987378E+00  4.777E-03
3.987472E+00  4.580E-03
3.987566E+00  4.312E-03
3.987660E+00  4.255E-03
3.987753E+00  4.285E-03
3.987937E+00  4.469E-03
3.988029E+00  4.586E-03
3.988120E+00  4.364E-03
3.988211E+00  4.580E-03
3.988301E+00  4.732E-03
3.988391E+00  4.782E-03
3.988569E+00  4.731E-03
3.989094E+00  4.448E-03
3.990179E+00  4.259E-03
3.990736E+00  4.241E-03
3.991350E+00  4.175E-03
3.992158E+00  4.102E-03
3.992230E+00  4.231E-03
3.992301E+00  4.158E-03
3.992582E+00  4.095E-03
3.992790E+00  4.251E-03
3.993330E+00  4.225E-03
3.993527E+00  4.338E-03
3.993593E+00  4.036E-03
3.993787E+00  4.102E-03
3.994167E+00  4.079E-03
3.994354E+00  3.963E-03
3.994416E+00  4.139E-03
3.994538E+00  4.178E-03
3.994840E+00  4.217E-03
3.994959E+00  4.309E-03
3.995018E+00  4.435E-03
3.995076E+00  4.644E-03
3.995135E+00  4.362E-03
3.995193E+00  4.724E-03
3.995309E+00  4.252E-03
3.995367E+00  4.252E-03
3.995481E+00  4.449E-03
3.995594E+00  4.679E-03
3.995651E+00  4.730E-03
3.995763E+00  4.685E-03
3.996038E+00  4.424E-03
3.996255E+00  4.335E-03
3.996415E+00  4.356E-03
3.996832E+00  4.217E-03
3.997086E+00  4.193E-03
3.997136E+00  4.235E-03
3.997186E+00  4.182E-03
3.997958E+00  4.088E-03
3.998051E+00  4.079E-03
3.998098E+00  4.169E-03
3.998190E+00  4.087E-03
3.998281E+00  4.078E-03
3.998416E+00  4.235E-03
3.998550E+00  4.205E-03
3.998595E+00  4.237E-03
3.998727E+00  4.193E-03
3.998857E+00  4.223E-03
3.998900E+00  4.282E-03
3.998943E+00  4.253E-03
3.998986E+00  3.995E-03
3.999071E+00  4.063E-03
3.999322E+00  4.053E-03
3.999405E+00  3.986E-03
3.999446E+00  3.887E-03
3.999487E+00  4.145E-03
3.999527E+00  4.194E-03
3.999729E+00  4.177E-03
3.999848E+00  4.234E-03
3.999926E+00  4.366E-03
3.999965E+00  4.498E-03
4.000004E+00  4.686E-03
4.000043E+00  4.677E-03
4.000081E+00  4.377E-03
4.000120E+00  4.231E-03
4.000158E+00  4.232E-03
4.000234E+00  4.421E-03
4.000310E+00  4.656E-03
4.000348E+00  4.707E-03
4.000423E+00  4.653E-03
4.000607E+00  4.385E-03
4.000753E+00  4.302E-03
4.000860E+00  4.331E-03
4.001142E+00  4.190E-03
4.001279E+00  4.163E-03
4.001313E+00  4.249E-03
4.001347E+00  4.167E-03
4.001875E+00  4.069E-03
4.001907E+00  4.048E-03
4.001939E+00  4.171E-03
4.002002E+00  4.080E-03
4.002065E+00  4.057E-03
4.002097E+00  4.077E-03
4.002159E+00  4.206E-03
4.002221E+00  4.219E-03
4.002282E+00  4.187E-03
4.002313E+00  4.217E-03
4.002434E+00  4.179E-03
4.002494E+00  4.208E-03
4.002524E+00  4.267E-03
4.002554E+00  4.241E-03
4.002583E+00  3.968E-03
4.002642E+00  4.040E-03
4.002788E+00  4.034E-03
4.002846E+00  3.960E-03
4.002874E+00  3.824E-03
4.002903E+00  4.214E-03
4.003016E+00  4.147E-03
4.003128E+00  4.174E-03
4.003211E+00  4.272E-03
4.003266E+00  4.468E-03
4.003293E+00  4.644E-03
4.003320E+00  4.685E-03
4.003347E+00  4.406E-03
4.003374E+00  4.232E-03
4.003401E+00  4.216E-03
4.003428E+00  4.279E-03
4.003508E+00  4.625E-03
4.003534E+00  4.688E-03
4.003587E+00  4.650E-03
4.003717E+00  4.373E-03
4.003819E+00  4.286E-03
4.003921E+00  4.295E-03
4.004095E+00  4.175E-03
4.004192E+00  4.165E-03
4.004217E+00  4.178E-03
4.004408E+00  4.108E-03
4.004640E+00  4.041E-03
4.004663E+00  4.116E-03
4.004731E+00  4.047E-03
4.004776E+00  4.098E-03
4.004821E+00  4.216E-03
4.004909E+00  4.171E-03
4.005040E+00  4.183E-03
4.005062E+00  4.213E-03
4.005083E+00  4.296E-03
4.005105E+00  3.996E-03
4.005126E+00  3.973E-03
4.005190E+00  4.034E-03
4.005274E+00  3.992E-03
4.005315E+00  3.842E-03
4.005336E+00  4.218E-03
4.005378E+00  4.144E-03
4.005480E+00  4.121E-03
4.005580E+00  4.283E-03
4.005596E+00  4.344E-03
4.015576E+00  4.163E-03
4.165576E+00  3.604E-03
4.315576E+00  3.138E-03
4.515576E+00  2.676E-03
4.815576E+00  2.118E-03
5.015576E+00  1.821E-03
5.215576E+00  1.593E-03
5.565576E+00  1.262E-03
5.765576E+00  1.100E-03
5.965576E+00  9.796E-04
6.465575E+00  7.311E-04
6.665575E+00  6.512E-04
6.965575E+00  5.628E-04
7.415575E+00  4.400E-04
7.615575E+00  3.968E-04
8.365575E+00  2.784E-04
8.565575E+00  2.529E-04
9.165575E+00  1.993E-04
9.415575E+00  1.761E-04
9.615575E+00  1.625E-04
1.011558E+01  1.371E-04
1.063422E+01  1.159E-04
1.117944E+01  9.804E-05
1.175262E+01  8.291E-05
1.235519E+01  7.011E-05
1.298866E+01  5.929E-05
1.365460E+01  5.014E-05
1.435469E+01  4.240E-05
1.509067E+01  3.586E-05
1.586439E+01  3.032E-05
1.667777E+01  2.564E-05
1.753287E+01  2.168E-05
1.843180E+01  1.834E-05
1.937682E+01  1.551E-05
2.037030E+01  1.311E-05
2.141471E+01  1.109E-05
2.251267E+01  9.378E-06
2.366692E+01  7.931E-06
2.488035E+01  6.707E-06
2.615600E+01  5.671E-06
2.749706E+01  4.796E-06
2.890686E+01  4.056E-06
3.038896E+01  3.430E-06
3.194704E+01  2.900E-06
3.358500E+01  2.453E-06
3.530695E+01  2.074E-06
3.711718E+01  1.754E-06
3.902023E+01  1.483E-06
4.102085E+01  1.254E-06
