# photon energy(Ry), cross section(Mb)
1.112294E-01  1.808E+01
1.132294E-01  1.701E+01
1.152294E-01  1.603E+01
1.172294E-01  1.511E+01
1.192294E-01  1.426E+01
1.212294E-01  1.347E+01
1.232294E-01  1.273E+01
1.252294E-01  1.204E+01
1.272294E-01  1.140E+01
1.292294E-01  1.080E+01
1.312294E-01  1.024E+01
1.332294E-01  9.713E+00
1.352294E-01  9.220E+00
1.372294E-01  8.757E+00
1.392294E-01  8.323E+00
1.412294E-01  7.914E+00
1.432294E-01  7.530E+00
1.452294E-01  7.169E+00
1.472294E-01  6.828E+00
1.492294E-01  6.507E+00
1.512294E-01  6.204E+00
1.532294E-01  5.917E+00
1.552294E-01  5.647E+00
1.572294E-01  5.392E+00
1.592294E-01  5.150E+00
1.612294E-01  4.921E+00
1.632294E-01  4.705E+00
1.652294E-01  4.500E+00
1.672294E-01  4.306E+00
1.692294E-01  4.121E+00
1.712294E-01  3.947E+00
1.732294E-01  3.781E+00
1.752294E-01  3.624E+00
1.772294E-01  3.474E+00
1.792294E-01  3.332E+00
1.812294E-01  3.198E+00
1.832294E-01  3.069E+00
1.852294E-01  2.948E+00
1.872294E-01  2.832E+00
1.892294E-01  2.721E+00
1.912294E-01  2.616E+00
1.932294E-01  2.516E+00
1.952294E-01  2.421E+00
1.972294E-01  2.330E+00
1.992294E-01  2.244E+00
2.012294E-01  2.161E+00
2.032294E-01  2.083E+00
2.052294E-01  2.008E+00
2.072294E-01  1.936E+00
2.092294E-01  1.868E+00
2.112294E-01  1.803E+00
2.132294E-01  1.740E+00
2.152294E-01  1.681E+00
2.172294E-01  1.623E+00
2.192294E-01  1.569E+00
2.212294E-01  1.517E+00
2.232294E-01  1.467E+00
2.252294E-01  1.419E+00
2.272294E-01  1.373E+00
2.292294E-01  1.329E+00
2.312294E-01  1.287E+00
2.332294E-01  1.246E+00
2.352294E-01  1.208E+00
2.372294E-01  1.170E+00
2.392294E-01  1.135E+00
2.412294E-01  1.100E+00
2.432294E-01  1.067E+00
2.452294E-01  1.035E+00
2.472294E-01  1.005E+00
2.492294E-01  9.750E-01
2.512294E-01  9.466E-01
2.532294E-01  9.192E-01
2.552294E-01  8.928E-01
2.572294E-01  8.673E-01
2.592294E-01  8.427E-01
2.612294E-01  8.189E-01
2.632294E-01  7.960E-01
2.652294E-01  7.738E-01
2.672294E-01  7.524E-01
2.692294E-01  7.317E-01
2.712294E-01  7.116E-01
2.732294E-01  6.922E-01
2.752294E-01  6.734E-01
2.772294E-01  6.552E-01
2.792294E-01  6.376E-01
2.812294E-01  6.205E-01
2.832294E-01  6.040E-01
2.852294E-01  5.879E-01
2.872294E-01  5.723E-01
2.892294E-01  5.572E-01
2.912294E-01  5.426E-01
2.932294E-01  5.284E-01
2.952294E-01  5.146E-01
2.972294E-01  5.011E-01
2.992294E-01  4.881E-01
3.012294E-01  4.755E-01
3.032294E-01  4.632E-01
3.052294E-01  4.513E-01
3.072294E-01  4.397E-01
3.092294E-01  4.284E-01
3.112294E-01  4.175E-01
3.132294E-01  4.069E-01
3.152294E-01  3.966E-01
3.172294E-01  3.865E-01
3.192294E-01  3.768E-01
3.212294E-01  3.673E-01
3.232294E-01  3.581E-01
3.252294E-01  3.492E-01
3.272294E-01  3.405E-01
3.292294E-01  3.320E-01
3.312294E-01  3.238E-01
3.332294E-01  3.158E-01
3.352294E-01  3.081E-01
3.372294E-01  3.006E-01
3.392294E-01  2.933E-01
3.412294E-01  2.861E-01
3.432294E-01  2.793E-01
3.452294E-01  2.726E-01
3.472294E-01  2.660E-01
3.492294E-01  2.597E-01
3.512294E-01  2.536E-01
3.532294E-01  2.476E-01
3.552294E-01  2.418E-01
3.572294E-01  2.362E-01
3.592294E-01  2.308E-01
3.612294E-01  2.255E-01
3.632294E-01  2.203E-01
3.652294E-01  2.154E-01
3.672294E-01  2.105E-01
3.692294E-01  2.058E-01
3.712294E-01  2.012E-01
3.732294E-01  1.968E-01
3.752294E-01  1.925E-01
3.772294E-01  1.883E-01
3.792294E-01  1.843E-01
3.812294E-01  1.804E-01
3.832294E-01  1.765E-01
3.852294E-01  1.728E-01
3.872294E-01  1.692E-01
3.892294E-01  1.657E-01
3.912294E-01  1.623E-01
3.932294E-01  1.590E-01
3.952294E-01  1.558E-01
3.972294E-01  1.527E-01
3.992294E-01  1.497E-01
4.012294E-01  1.468E-01
4.032294E-01  1.439E-01
4.052294E-01  1.411E-01
4.072294E-01  1.384E-01
4.092294E-01  1.358E-01
4.112294E-01  1.333E-01
4.132294E-01  1.308E-01
4.152294E-01  1.284E-01
4.172294E-01  1.260E-01
4.192294E-01  1.237E-01
4.212294E-01  1.215E-01
4.232294E-01  1.193E-01
4.252294E-01  1.172E-01
4.272294E-01  1.151E-01
4.292294E-01  1.131E-01
4.312294E-01  1.111E-01
4.332294E-01  1.092E-01
4.352294E-01  1.073E-01
4.372294E-01  1.055E-01
4.392294E-01  1.037E-01
4.412294E-01  1.019E-01
4.432294E-01  1.002E-01
4.452294E-01  9.853E-02
4.472294E-01  9.689E-02
4.492294E-01  9.528E-02
4.512294E-01  9.370E-02
4.532294E-01  9.216E-02
4.552294E-01  9.064E-02
4.572294E-01  8.916E-02
4.592294E-01  8.770E-02
4.612294E-01  8.627E-02
4.632294E-01  8.487E-02
4.652294E-01  8.349E-02
4.672294E-01  8.213E-02
4.692294E-01  8.080E-02
4.712294E-01  7.949E-02
4.732294E-01  7.820E-02
4.752294E-01  7.693E-02
4.772294E-01  7.569E-02
4.792294E-01  7.446E-02
4.812294E-01  7.325E-02
4.832294E-01  7.206E-02
4.852294E-01  7.089E-02
4.872294E-01  6.974E-02
4.892294E-01  6.860E-02
4.912294E-01  6.748E-02
4.932294E-01  6.638E-02
4.952294E-01  6.529E-02
4.972294E-01  6.422E-02
4.992294E-01  6.316E-02
5.012294E-01  6.212E-02
5.032294E-01  6.110E-02
5.052294E-01  6.008E-02
5.072294E-01  5.909E-02
5.092294E-01  5.810E-02
5.112294E-01  5.713E-02
5.132294E-01  5.618E-02
5.152294E-01  5.524E-02
5.172294E-01  5.431E-02
5.192294E-01  5.340E-02
5.212294E-01  5.250E-02
5.232294E-01  5.161E-02
5.252294E-01  5.074E-02
5.272294E-01  4.987E-02
5.292294E-01  4.903E-02
5.312294E-01  4.819E-02
5.332294E-01  4.737E-02
5.352294E-01  4.656E-02
5.372294E-01  4.577E-02
5.392294E-01  4.498E-02
5.412294E-01  4.421E-02
5.432294E-01  4.346E-02
5.452294E-01  4.271E-02
5.472294E-01  4.198E-02
5.492294E-01  4.126E-02
5.512294E-01  4.055E-02
5.532294E-01  3.986E-02
5.552294E-01  3.917E-02
5.572294E-01  3.850E-02
5.592294E-01  3.785E-02
5.612294E-01  3.720E-02
5.632294E-01  3.657E-02
5.652294E-01  3.595E-02
5.672294E-01  3.534E-02
5.692294E-01  3.474E-02
5.712294E-01  3.416E-02
5.732294E-01  3.358E-02
5.752294E-01  3.302E-02
5.772294E-01  3.247E-02
5.792294E-01  3.193E-02
5.812294E-01  3.140E-02
5.832294E-01  3.088E-02
5.852294E-01  3.038E-02
5.872294E-01  2.988E-02
5.892294E-01  2.940E-02
5.912294E-01  2.893E-02
5.932294E-01  2.846E-02
5.952294E-01  2.801E-02
5.972294E-01  2.757E-02
5.992294E-01  2.714E-02
6.012294E-01  2.672E-02
6.032294E-01  2.630E-02
6.052294E-01  2.590E-02
6.072294E-01  2.551E-02
6.092294E-01  2.513E-02
6.112294E-01  2.475E-02
6.132294E-01  2.439E-02
6.152294E-01  2.403E-02
6.172294E-01  2.368E-02
6.192294E-01  2.334E-02
6.212294E-01  2.301E-02
6.232294E-01  2.269E-02
6.252294E-01  2.237E-02
6.272294E-01  2.206E-02
6.292294E-01  2.176E-02
6.312294E-01  2.147E-02
6.332294E-01  2.118E-02
6.352294E-01  2.091E-02
6.372294E-01  2.063E-02
6.392294E-01  2.037E-02
6.412294E-01  2.011E-02
6.432294E-01  1.986E-02
6.452294E-01  1.961E-02
6.472294E-01  1.937E-02
6.492294E-01  1.914E-02
6.512294E-01  1.891E-02
6.532294E-01  1.868E-02
6.552294E-01  1.847E-02
6.572294E-01  1.825E-02
6.592294E-01  1.804E-02
6.612294E-01  1.784E-02
6.632294E-01  1.764E-02
6.652294E-01  1.745E-02
6.672294E-01  1.725E-02
6.692294E-01  1.707E-02
6.712294E-01  1.688E-02
6.732294E-01  1.671E-02
6.752294E-01  1.653E-02
6.772294E-01  1.636E-02
6.792294E-01  1.619E-02
6.812294E-01  1.602E-02
6.832294E-01  1.586E-02
6.852294E-01  1.570E-02
6.872294E-01  1.554E-02
6.892294E-01  1.539E-02
6.912294E-01  1.523E-02
6.932294E-01  1.508E-02
6.952294E-01  1.494E-02
6.972294E-01  1.479E-02
6.992294E-01  1.465E-02
7.012294E-01  1.450E-02
7.032294E-01  1.436E-02
7.052294E-01  1.422E-02
7.072294E-01  1.409E-02
7.092294E-01  1.395E-02
7.112294E-01  1.382E-02
7.132294E-01  1.368E-02
7.152294E-01  1.355E-02
7.172294E-01  1.342E-02
7.192294E-01  1.329E-02
7.212294E-01  1.316E-02
7.232294E-01  1.303E-02
7.252294E-01  1.290E-02
7.272294E-01  1.278E-02
7.292294E-01  1.265E-02
7.312294E-01  1.252E-02
7.332294E-01  1.240E-02
7.352294E-01  1.227E-02
7.372294E-01  1.215E-02
7.392294E-01  1.203E-02
7.412294E-01  1.190E-02
7.432294E-01  1.178E-02
7.452294E-01  1.166E-02
7.472294E-01  1.154E-02
7.492294E-01  1.141E-02
7.512294E-01  1.129E-02
7.532294E-01  1.117E-02
7.552294E-01  1.105E-02
7.572294E-01  1.093E-02
7.592294E-01  1.081E-02
7.612294E-01  1.069E-02
7.632294E-01  1.057E-02
7.652294E-01  1.045E-02
7.672294E-01  1.033E-02
7.692294E-01  1.021E-02
7.712294E-01  1.009E-02
7.732294E-01  9.974E-03
7.752294E-01  9.857E-03
7.772294E-01  9.739E-03
7.792294E-01  9.622E-03
7.812294E-01  9.505E-03
7.832294E-01  9.389E-03
7.852294E-01  9.273E-03
7.872294E-01  9.158E-03
7.892294E-01  9.043E-03
7.912294E-01  8.928E-03
7.932294E-01  8.815E-03
7.952294E-01  8.702E-03
7.972294E-01  8.589E-03
7.992294E-01  8.477E-03
8.012294E-01  8.366E-03
8.032294E-01  8.256E-03
8.052294E-01  8.146E-03
8.072294E-01  8.037E-03
8.092294E-01  7.929E-03
8.112294E-01  7.822E-03
8.132294E-01  7.715E-03
8.152294E-01  7.610E-03
8.172294E-01  7.505E-03
8.192294E-01  7.402E-03
8.212294E-01  7.299E-03
8.232294E-01  7.198E-03
8.252294E-01  7.097E-03
8.272294E-01  6.998E-03
8.292294E-01  6.900E-03
8.312294E-01  6.803E-03
8.332294E-01  6.707E-03
8.352294E-01  6.612E-03
8.372294E-01  6.518E-03
8.392294E-01  6.426E-03
8.412294E-01  6.334E-03
8.432294E-01  6.244E-03
8.452294E-01  6.156E-03
8.472294E-01  6.068E-03
8.492294E-01  5.982E-03
8.512294E-01  5.897E-03
8.532294E-01  5.814E-03
8.552294E-01  5.732E-03
8.572294E-01  5.651E-03
8.592294E-01  5.572E-03
8.612294E-01  5.493E-03
8.632294E-01  5.417E-03
8.652294E-01  5.341E-03
8.672294E-01  5.267E-03
8.692294E-01  5.195E-03
8.712294E-01  5.123E-03
8.732294E-01  5.053E-03
8.752294E-01  4.985E-03
8.772294E-01  4.918E-03
8.792294E-01  4.852E-03
8.812294E-01  4.787E-03
8.832294E-01  4.724E-03
8.852294E-01  4.663E-03
8.872294E-01  4.602E-03
8.892294E-01  4.543E-03
8.912294E-01  4.485E-03
8.932294E-01  4.429E-03
8.952294E-01  4.374E-03
8.972294E-01  4.320E-03
8.992294E-01  4.267E-03
9.012294E-01  4.216E-03
9.032294E-01  4.166E-03
9.052294E-01  4.117E-03
9.072294E-01  4.069E-03
9.092294E-01  4.023E-03
9.112294E-01  3.978E-03
9.132294E-01  3.933E-03
9.152294E-01  3.891E-03
9.172294E-01  3.849E-03
9.192294E-01  3.808E-03
9.212294E-01  3.769E-03
9.232294E-01  3.730E-03
9.252294E-01  3.693E-03
9.272294E-01  3.656E-03
9.292294E-01  3.621E-03
9.312294E-01  3.586E-03
9.332294E-01  3.553E-03
9.352294E-01  3.521E-03
9.372294E-01  3.489E-03
9.392294E-01  3.458E-03
9.412294E-01  3.429E-03
9.432294E-01  3.400E-03
9.452294E-01  3.372E-03
9.472294E-01  3.345E-03
9.492294E-01  3.318E-03
9.512294E-01  3.293E-03
9.532294E-01  3.268E-03
9.552294E-01  3.244E-03
9.572294E-01  3.220E-03
9.592294E-01  3.198E-03
9.612294E-01  3.176E-03
9.632294E-01  3.154E-03
9.652294E-01  3.133E-03
9.672294E-01  3.113E-03
9.692294E-01  3.093E-03
9.712294E-01  3.074E-03
9.732294E-01  3.056E-03
9.752294E-01  3.038E-03
9.772294E-01  3.020E-03
9.792294E-01  3.003E-03
9.812294E-01  2.986E-03
9.832294E-01  2.970E-03
9.852294E-01  2.954E-03
9.872294E-01  2.938E-03
9.892294E-01  2.923E-03
9.912294E-01  2.908E-03
9.932294E-01  2.894E-03
9.952294E-01  2.879E-03
9.972294E-01  2.865E-03
9.992294E-01  2.851E-03
1.001229E+00  2.837E-03
1.003229E+00  2.824E-03
1.005229E+00  2.811E-03
1.007229E+00  2.797E-03
1.009229E+00  2.784E-03
1.011229E+00  2.771E-03
1.013229E+00  2.758E-03
1.015229E+00  2.746E-03
1.017229E+00  2.733E-03
1.019229E+00  2.720E-03
1.021229E+00  2.707E-03
1.023229E+00  2.695E-03
1.025229E+00  2.682E-03
1.027229E+00  2.669E-03
1.029229E+00  2.656E-03
1.031229E+00  2.643E-03
1.033229E+00  2.630E-03
1.035229E+00  2.617E-03
1.037229E+00  2.604E-03
1.039229E+00  2.591E-03
1.041229E+00  2.577E-03
1.043229E+00  2.564E-03
1.045229E+00  2.550E-03
1.047229E+00  2.536E-03
1.049229E+00  2.522E-03
1.051229E+00  2.508E-03
1.053229E+00  2.493E-03
1.055229E+00  2.479E-03
1.057229E+00  2.464E-03
1.059229E+00  2.449E-03
1.061229E+00  2.434E-03
1.063229E+00  2.418E-03
1.065229E+00  2.403E-03
1.067229E+00  2.387E-03
1.069229E+00  2.371E-03
1.071229E+00  2.354E-03
1.073229E+00  2.338E-03
1.075229E+00  2.321E-03
1.077229E+00  2.304E-03
1.079229E+00  2.287E-03
1.081229E+00  2.269E-03
1.083229E+00  2.252E-03
1.085229E+00  2.234E-03
1.087229E+00  2.216E-03
1.089229E+00  2.198E-03
1.091229E+00  2.179E-03
1.093229E+00  2.160E-03
1.095229E+00  2.142E-03
1.097229E+00  2.123E-03
1.099229E+00  2.103E-03
1.101229E+00  2.084E-03
1.103229E+00  2.064E-03
1.105229E+00  2.045E-03
1.107229E+00  2.025E-03
1.109229E+00  2.005E-03
1.111229E+00  1.985E-03
1.113229E+00  1.964E-03
1.115229E+00  1.944E-03
1.117229E+00  1.924E-03
1.119229E+00  1.903E-03
1.121229E+00  1.882E-03
1.123229E+00  1.862E-03
1.125229E+00  1.841E-03
1.127229E+00  1.820E-03
1.129229E+00  1.799E-03
1.131229E+00  1.778E-03
1.133229E+00  1.757E-03
1.135229E+00  1.736E-03
1.137229E+00  1.715E-03
1.139229E+00  1.694E-03
1.141229E+00  1.674E-03
1.143229E+00  1.653E-03
1.145229E+00  1.632E-03
1.147229E+00  1.611E-03
1.149229E+00  1.590E-03
1.151229E+00  1.570E-03
1.153229E+00  1.549E-03
1.155229E+00  1.529E-03
1.157229E+00  1.508E-03
1.159229E+00  1.488E-03
1.161229E+00  1.468E-03
1.163229E+00  1.448E-03
1.165229E+00  1.428E-03
1.167229E+00  1.409E-03
1.169229E+00  1.389E-03
1.171229E+00  1.370E-03
1.173229E+00  1.351E-03
1.175229E+00  1.332E-03
1.177229E+00  1.313E-03
1.179229E+00  1.294E-03
1.181229E+00  1.276E-03
1.183229E+00  1.258E-03
1.185229E+00  1.240E-03
1.187229E+00  1.222E-03
1.189229E+00  1.205E-03
1.191229E+00  1.187E-03
1.193229E+00  1.170E-03
1.195229E+00  1.154E-03
1.197229E+00  1.137E-03
1.199229E+00  1.121E-03
1.201229E+00  1.105E-03
1.203229E+00  1.089E-03
1.205229E+00  1.073E-03
1.207229E+00  1.058E-03
1.209229E+00  1.043E-03
1.211229E+00  1.028E-03
1.213229E+00  1.014E-03
1.215229E+00  9.997E-04
1.217229E+00  9.858E-04
1.219229E+00  9.721E-04
1.221229E+00  9.588E-04
1.223229E+00  9.457E-04
1.225229E+00  9.329E-04
1.227229E+00  9.203E-04
1.229229E+00  9.081E-04
1.231229E+00  8.961E-04
1.233229E+00  8.843E-04
1.235229E+00  8.729E-04
1.237229E+00  8.617E-04
1.239229E+00  8.508E-04
1.241229E+00  8.402E-04
1.243229E+00  8.298E-04
1.245229E+00  8.197E-04
1.247229E+00  8.099E-04
1.249229E+00  8.003E-04
1.251229E+00  7.910E-04
1.253229E+00  7.820E-04
1.255229E+00  7.732E-04
1.257229E+00  7.646E-04
1.259229E+00  7.563E-04
1.261229E+00  7.483E-04
1.263229E+00  7.405E-04
1.265229E+00  7.330E-04
1.267229E+00  7.257E-04
1.269229E+00  7.186E-04
1.271229E+00  7.118E-04
1.273229E+00  7.052E-04
1.275229E+00  6.989E-04
1.277229E+00  6.927E-04
1.279229E+00  6.868E-04
1.281229E+00  6.811E-04
1.283229E+00  6.757E-04
1.285229E+00  6.704E-04
1.287229E+00  6.654E-04
1.289229E+00  6.605E-04
1.291229E+00  6.559E-04
1.293229E+00  6.515E-04
1.295229E+00  6.472E-04
1.297229E+00  6.432E-04
1.299229E+00  6.393E-04
1.301229E+00  6.357E-04
1.303229E+00  6.322E-04
1.305229E+00  6.289E-04
1.307229E+00  6.257E-04
1.309229E+00  6.228E-04
1.311229E+00  6.200E-04
1.313229E+00  6.173E-04
1.315229E+00  6.149E-04
1.317229E+00  6.125E-04
1.319229E+00  6.104E-04
1.321229E+00  6.083E-04
1.323229E+00  6.064E-04
1.325229E+00  6.047E-04
1.327229E+00  6.031E-04
1.329229E+00  6.016E-04
1.331229E+00  6.002E-04
1.333229E+00  5.989E-04
1.335229E+00  5.978E-04
1.337229E+00  5.968E-04
1.339229E+00  5.958E-04
1.341229E+00  5.950E-04
1.343229E+00  5.943E-04
1.345229E+00  5.937E-04
1.347229E+00  5.931E-04
1.349229E+00  5.926E-04
1.351229E+00  5.922E-04
1.353229E+00  5.919E-04
1.355229E+00  5.917E-04
1.357229E+00  5.915E-04
1.359229E+00  5.913E-04
1.361229E+00  5.912E-04
1.363229E+00  5.912E-04
1.365229E+00  5.912E-04
1.367229E+00  5.912E-04
1.369229E+00  5.913E-04
1.371229E+00  5.914E-04
1.373229E+00  5.915E-04
1.375229E+00  5.916E-04
1.377229E+00  5.918E-04
1.379229E+00  5.919E-04
1.381229E+00  5.921E-04
1.383229E+00  5.922E-04
1.385229E+00  5.924E-04
1.387229E+00  5.925E-04
1.389229E+00  5.926E-04
1.391229E+00  5.927E-04
1.393229E+00  5.927E-04
1.395229E+00  5.928E-04
1.397229E+00  5.928E-04
1.399229E+00  5.927E-04
1.401229E+00  5.926E-04
1.403229E+00  5.925E-04
1.405229E+00  5.923E-04
1.407229E+00  5.920E-04
1.409229E+00  5.917E-04
1.411229E+00  5.913E-04
1.413229E+00  5.908E-04
1.415229E+00  5.903E-04
1.417229E+00  5.897E-04
1.419229E+00  5.890E-04
1.421229E+00  5.883E-04
1.423229E+00  5.874E-04
1.425229E+00  5.865E-04
1.427229E+00  5.854E-04
1.429229E+00  5.843E-04
1.431229E+00  5.831E-04
1.433229E+00  5.818E-04
1.435229E+00  5.804E-04
1.437229E+00  5.788E-04
1.439229E+00  5.772E-04
1.441229E+00  5.755E-04
1.443229E+00  5.737E-04
1.445229E+00  5.717E-04
1.447229E+00  5.697E-04
1.449229E+00  5.675E-04
1.451229E+00  5.652E-04
1.453229E+00  5.628E-04
1.455229E+00  5.603E-04
1.457229E+00  5.577E-04
1.459229E+00  5.550E-04
1.461229E+00  5.522E-04
1.463229E+00  5.492E-04
1.465229E+00  5.462E-04
1.467229E+00  5.430E-04
1.469229E+00  5.398E-04
1.471229E+00  5.364E-04
1.473229E+00  5.329E-04
1.475229E+00  5.294E-04
1.477229E+00  5.257E-04
1.479229E+00  5.219E-04
1.481229E+00  5.180E-04
1.483229E+00  5.140E-04
1.485229E+00  5.100E-04
1.487229E+00  5.058E-04
1.489229E+00  5.015E-04
1.491229E+00  4.972E-04
1.493229E+00  4.928E-04
1.495229E+00  4.883E-04
1.497229E+00  4.837E-04
1.499229E+00  4.791E-04
1.501229E+00  4.743E-04
1.503229E+00  4.695E-04
1.505229E+00  4.647E-04
1.507229E+00  4.597E-04
1.509229E+00  4.548E-04
1.511229E+00  4.497E-04
1.513229E+00  4.446E-04
1.515229E+00  4.395E-04
1.517229E+00  4.343E-04
1.519229E+00  4.291E-04
1.521229E+00  4.239E-04
1.523229E+00  4.186E-04
1.525229E+00  4.132E-04
1.527229E+00  4.079E-04
1.529229E+00  4.025E-04
1.531229E+00  3.972E-04
1.533229E+00  3.918E-04
1.535229E+00  3.863E-04
1.537229E+00  3.809E-04
1.539229E+00  3.755E-04
1.541229E+00  3.701E-04
1.543229E+00  3.647E-04
1.545229E+00  3.593E-04
1.547229E+00  3.539E-04
1.549229E+00  3.485E-04
1.551229E+00  3.431E-04
1.553229E+00  3.378E-04
1.555229E+00  3.324E-04
1.557229E+00  3.271E-04
1.559229E+00  3.219E-04
1.561229E+00  3.166E-04
1.563229E+00  3.114E-04
1.565229E+00  3.063E-04
1.567229E+00  3.011E-04
1.569229E+00  2.961E-04
1.571229E+00  2.910E-04
1.573229E+00  2.860E-04
1.575229E+00  2.811E-04
1.577229E+00  2.762E-04
1.579229E+00  2.714E-04
1.581229E+00  2.666E-04
1.583229E+00  2.619E-04
1.585229E+00  2.572E-04
1.587229E+00  2.526E-04
1.589229E+00  2.481E-04
1.591229E+00  2.436E-04
1.593229E+00  2.392E-04
1.595229E+00  2.349E-04
1.597229E+00  2.306E-04
1.599229E+00  2.264E-04
1.601229E+00  2.223E-04
1.603229E+00  2.182E-04
1.605229E+00  2.143E-04
1.607229E+00  2.103E-04
1.609229E+00  2.065E-04
1.611229E+00  2.027E-04
1.613229E+00  1.990E-04
1.615229E+00  1.954E-04
1.617229E+00  1.919E-04
1.619229E+00  1.884E-04
1.621229E+00  1.850E-04
1.623229E+00  1.817E-04
1.625229E+00  1.784E-04
1.627229E+00  1.752E-04
1.629229E+00  1.721E-04
1.631229E+00  1.691E-04
1.633229E+00  1.661E-04
1.635229E+00  1.633E-04
1.637229E+00  1.605E-04
1.639229E+00  1.577E-04
1.641229E+00  1.550E-04
1.643229E+00  1.525E-04
1.645229E+00  1.499E-04
1.647229E+00  1.475E-04
1.649229E+00  1.451E-04
1.651229E+00  1.428E-04
1.653229E+00  1.405E-04
1.655229E+00  1.384E-04
1.657229E+00  1.362E-04
1.659229E+00  1.342E-04
1.661229E+00  1.322E-04
1.663229E+00  1.303E-04
1.665229E+00  1.285E-04
1.667229E+00  1.267E-04
1.669229E+00  1.249E-04
1.671229E+00  1.233E-04
1.673229E+00  1.217E-04
1.675229E+00  1.201E-04
1.677229E+00  1.187E-04
1.679229E+00  1.172E-04
1.681229E+00  1.159E-04
1.683229E+00  1.146E-04
1.685229E+00  1.133E-04
1.687229E+00  1.121E-04
1.689229E+00  1.110E-04
1.691229E+00  1.099E-04
1.693229E+00  1.089E-04
1.695229E+00  1.079E-04
1.697229E+00  1.070E-04
1.699229E+00  1.061E-04
1.701229E+00  1.053E-04
1.703229E+00  1.046E-04
1.705229E+00  1.038E-04
1.707229E+00  1.032E-04
1.709229E+00  1.026E-04
1.711229E+00  1.020E-04
1.713229E+00  1.015E-04
1.715229E+00  1.010E-04
1.717229E+00  1.006E-04
1.719229E+00  1.002E-04
1.721229E+00  9.986E-05
1.723229E+00  9.957E-05
1.725229E+00  9.932E-05
1.727229E+00  9.912E-05
1.729229E+00  9.896E-05
1.731229E+00  9.884E-05
1.733229E+00  9.877E-05
1.735229E+00  9.873E-05
1.737229E+00  9.874E-05
1.739229E+00  9.878E-05
1.741229E+00  9.886E-05
1.743229E+00  9.899E-05
1.745229E+00  9.915E-05
1.747229E+00  9.934E-05
1.749229E+00  9.957E-05
1.751229E+00  9.984E-05
1.753229E+00  1.001E-04
1.755229E+00  1.005E-04
1.757229E+00  1.008E-04
1.759229E+00  1.012E-04
1.761229E+00  1.017E-04
1.763229E+00  1.021E-04
1.765229E+00  1.026E-04
1.767229E+00  1.032E-04
1.769229E+00  1.037E-04
1.771229E+00  1.043E-04
1.773229E+00  1.049E-04
1.775229E+00  1.055E-04
1.777229E+00  1.061E-04
1.779229E+00  1.068E-04
1.781229E+00  1.075E-04
1.783229E+00  1.082E-04
1.785229E+00  1.089E-04
1.787229E+00  1.097E-04
1.789229E+00  1.104E-04
1.791229E+00  1.112E-04
1.793229E+00  1.120E-04
1.795229E+00  1.128E-04
1.797229E+00  1.136E-04
1.799229E+00  1.144E-04
1.801229E+00  1.153E-04
1.803229E+00  1.161E-04
1.805229E+00  1.169E-04
1.807229E+00  1.178E-04
1.809229E+00  1.186E-04
1.811229E+00  1.195E-04
1.813229E+00  1.203E-04
1.815229E+00  1.212E-04
1.817229E+00  1.220E-04
1.819229E+00  1.228E-04
1.821229E+00  1.237E-04
1.823229E+00  1.245E-04
1.825229E+00  1.253E-04
1.827229E+00  1.261E-04
1.829229E+00  1.269E-04
1.831229E+00  1.277E-04
1.833229E+00  1.284E-04
1.835229E+00  1.292E-04
1.837229E+00  1.299E-04
1.839229E+00  1.306E-04
1.841229E+00  1.313E-04
1.843229E+00  1.319E-04
1.845229E+00  1.325E-04
1.847229E+00  1.331E-04
1.849229E+00  1.337E-04
1.851229E+00  1.343E-04
1.853229E+00  1.348E-04
1.855229E+00  1.353E-04
1.857229E+00  1.357E-04
1.859229E+00  1.362E-04
1.861229E+00  1.365E-04
1.863229E+00  1.369E-04
1.865229E+00  1.372E-04
1.867229E+00  1.375E-04
1.869229E+00  1.377E-04
1.871229E+00  1.379E-04
1.873229E+00  1.381E-04
1.875229E+00  1.382E-04
1.877229E+00  1.383E-04
1.879229E+00  1.383E-04
1.881229E+00  1.383E-04
1.883229E+00  1.383E-04
1.885229E+00  1.382E-04
1.887229E+00  1.380E-04
1.889229E+00  1.379E-04
1.891229E+00  1.376E-04
1.893229E+00  1.374E-04
1.895229E+00  1.370E-04
1.897229E+00  1.367E-04
1.899229E+00  1.363E-04
1.901229E+00  1.358E-04
1.903229E+00  1.353E-04
1.905229E+00  1.348E-04
1.907229E+00  1.342E-04
1.909229E+00  1.335E-04
1.911229E+00  1.328E-04
1.913229E+00  1.321E-04
1.915229E+00  1.313E-04
1.917229E+00  1.305E-04
1.919229E+00  1.296E-04
1.921229E+00  1.287E-04
1.923229E+00  1.278E-04
1.925229E+00  1.268E-04
1.927229E+00  1.258E-04
1.929229E+00  1.247E-04
1.931229E+00  1.236E-04
1.933229E+00  1.225E-04
1.935229E+00  1.213E-04
1.937229E+00  1.201E-04
1.939229E+00  1.188E-04
1.941229E+00  1.176E-04
1.943229E+00  1.162E-04
1.945229E+00  1.149E-04
1.947229E+00  1.135E-04
1.949229E+00  1.121E-04
1.951229E+00  1.107E-04
1.953229E+00  1.092E-04
1.955229E+00  1.077E-04
1.957229E+00  1.062E-04
1.959229E+00  1.047E-04
1.961229E+00  1.031E-04
1.963229E+00  1.016E-04
1.965229E+00  9.999E-05
1.967229E+00  9.839E-05
1.969229E+00  9.677E-05
1.971229E+00  9.513E-05
1.973229E+00  9.349E-05
1.975229E+00  9.183E-05
1.977229E+00  9.017E-05
1.979229E+00  8.850E-05
1.981229E+00  8.682E-05
1.983229E+00  8.513E-05
1.985229E+00  8.345E-05
1.987229E+00  8.176E-05
1.989229E+00  8.007E-05
1.991229E+00  7.838E-05
1.993229E+00  7.669E-05
1.995229E+00  7.500E-05
1.997229E+00  7.332E-05
1.999229E+00  7.165E-05
2.001229E+00  6.998E-05
2.003229E+00  6.832E-05
2.005229E+00  6.668E-05
2.007229E+00  6.504E-05
2.009229E+00  6.341E-05
2.011229E+00  6.180E-05
2.013229E+00  6.020E-05
2.015229E+00  5.861E-05
2.017229E+00  5.705E-05
2.019229E+00  5.549E-05
2.021229E+00  5.396E-05
2.023229E+00  5.245E-05
2.025229E+00  5.095E-05
2.027229E+00  4.947E-05
2.029229E+00  4.802E-05
2.031229E+00  4.659E-05
2.033229E+00  4.518E-05
2.035229E+00  4.379E-05
2.037229E+00  4.243E-05
2.039229E+00  4.109E-05
2.041229E+00  3.977E-05
2.043229E+00  3.848E-05
2.045229E+00  3.722E-05
2.047229E+00  3.598E-05
2.049229E+00  3.476E-05
2.051229E+00  3.358E-05
2.053229E+00  3.241E-05
2.055229E+00  3.128E-05
2.057229E+00  3.017E-05
2.059229E+00  2.909E-05
2.061229E+00  2.804E-05
2.063229E+00  2.701E-05
2.065229E+00  2.601E-05
2.067229E+00  2.503E-05
2.069229E+00  2.409E-05
2.071229E+00  2.317E-05
2.073229E+00  2.227E-05
2.075229E+00  2.140E-05
2.077229E+00  2.056E-05
2.079229E+00  1.975E-05
2.081229E+00  1.895E-05
2.083229E+00  1.819E-05
2.085229E+00  1.745E-05
2.087229E+00  1.673E-05
2.089229E+00  1.604E-05
2.091229E+00  1.537E-05
2.093229E+00  1.472E-05
2.095229E+00  1.410E-05
2.097229E+00  1.350E-05
2.099229E+00  1.292E-05
2.101229E+00  1.237E-05
2.103229E+00  1.183E-05
2.105229E+00  1.131E-05
2.107229E+00  1.082E-05
2.109229E+00  1.034E-05
2.121229E+00  7.879E-06
2.140631E+00  5.087E-06
2.159469E+00  3.469E-06
2.177763E+00  2.686E-06
2.195534E+00  2.558E-06
2.212803E+00  3.022E-06
2.229588E+00  4.067E-06
2.245907E+00  5.692E-06
2.261777E+00  7.865E-06
2.277215E+00  1.051E-05
2.292235E+00  1.351E-05
2.334940E+00  2.307E-05
2.348434E+00  2.590E-05
2.361580E+00  2.833E-05
2.374389E+00  3.029E-05
2.386872E+00  3.175E-05
2.399041E+00  3.271E-05
2.410906E+00  3.321E-05
2.433763E+00  3.319E-05
2.466006E+00  3.226E-05
2.476244E+00  3.223E-05
2.486240E+00  3.254E-05
2.496001E+00  3.332E-05
2.505536E+00  3.469E-05
2.514851E+00  3.677E-05
2.523952E+00  3.966E-05
2.532847E+00  4.348E-05
2.541541E+00  4.836E-05
2.550041E+00  5.445E-05
2.558351E+00  6.190E-05
2.566479E+00  7.091E-05
2.574429E+00  8.173E-05
2.582205E+00  9.466E-05
2.589814E+00  1.101E-04
2.597261E+00  1.285E-04
2.604548E+00  1.505E-04
2.611682E+00  1.770E-04
2.618666E+00  2.091E-04
2.625505E+00  2.481E-04
2.632202E+00  2.960E-04
2.638762E+00  3.554E-04
2.645188E+00  4.300E-04
2.651484E+00  5.247E-04
2.657653E+00  6.468E-04
2.663698E+00  8.069E-04
2.669624E+00  1.021E-03
2.675433E+00  1.314E-03
2.681127E+00  1.727E-03
2.686711E+00  2.327E-03
2.692187E+00  3.240E-03
2.697558E+00  4.708E-03
2.702826E+00  7.251E-03
2.707994E+00  1.215E-02
2.713064E+00  2.331E-02
2.718040E+00  5.718E-02
2.722923E+00  2.526E-01
2.727715E+00  2.174E+00
2.732419E+00  1.871E-01
2.737038E+00  5.831E-02
2.741572E+00  2.891E-02
2.746024E+00  1.769E-02
2.750397E+00  1.220E-02
2.754691E+00  9.090E-03
2.758909E+00  7.145E-03
2.763053E+00  5.844E-03
2.767124E+00  4.927E-03
2.771124E+00  4.256E-03
2.775055E+00  3.749E-03
2.778918E+00  3.356E-03
2.782714E+00  3.046E-03
2.786447E+00  2.797E-03
2.790115E+00  2.595E-03
2.793722E+00  2.428E-03
2.800756E+00  2.175E-03
2.807559E+00  1.997E-03
2.814141E+00  1.872E-03
2.823619E+00  1.753E-03
2.832651E+00  1.694E-03
2.841265E+00  1.679E-03
2.852141E+00  1.716E-03
2.862373E+00  1.814E-03
2.869655E+00  1.931E-03
2.876621E+00  2.091E-03
2.883291E+00  2.308E-03
2.887580E+00  2.494E-03
2.891750E+00  2.727E-03
2.895804E+00  3.027E-03
2.897789E+00  3.213E-03
2.899747E+00  3.432E-03
2.901677E+00  3.697E-03
2.903582E+00  4.025E-03
2.905461E+00  4.447E-03
2.907314E+00  5.021E-03
2.909143E+00  5.860E-03
2.910947E+00  7.234E-03
2.912726E+00  9.948E-03
2.914483E+00  1.769E-02
2.916216E+00  8.694E-02
2.919614E+00  1.999E-03
2.921280E+00  8.613E-04
2.922924E+00  1.173E-03
2.926149E+00  2.026E-03
2.929292E+00  2.784E-03
2.935342E+00  4.211E-03
2.938255E+00  4.980E-03
2.941096E+00  5.837E-03
2.943867E+00  6.817E-03
2.946572E+00  7.962E-03
2.949211E+00  9.324E-03
2.951787E+00  1.097E-02
2.953052E+00  1.192E-02
2.955538E+00  1.417E-02
2.956759E+00  1.551E-02
2.957965E+00  1.700E-02
2.959158E+00  1.870E-02
2.960336E+00  2.064E-02
2.961501E+00  2.285E-02
2.962653E+00  2.539E-02
2.963791E+00  2.835E-02
2.964917E+00  3.180E-02
2.966029E+00  3.586E-02
2.967129E+00  4.069E-02
2.968216E+00  4.649E-02
2.969291E+00  5.354E-02
2.970354E+00  6.222E-02
2.971405E+00  7.307E-02
2.972445E+00  8.688E-02
2.973473E+00  1.048E-01
2.974489E+00  1.287E-01
2.975494E+00  1.616E-01
2.976489E+00  2.085E-01
2.977472E+00  2.786E-01
2.978444E+00  3.903E-01
2.979407E+00  5.844E-01
2.980358E+00  9.663E-01
2.981300E+00  1.883E+00
2.982231E+00  5.059E+00
2.983152E+00  3.153E+01
2.984063E+00  3.574E+01
2.984965E+00  5.679E+00
2.985857E+00  2.192E+00
2.986740E+00  1.201E+00
2.987614E+00  8.020E-01
2.988478E+00  6.191E-01
2.989333E+00  5.439E-01
2.990179E+00  5.450E-01
2.991017E+00  6.314E-01
2.991846E+00  8.678E-01
2.992666E+00  1.493E+00
2.993478E+00  3.723E+00
2.994282E+00  2.579E+01
2.995077E+00  6.075E+01
2.995865E+00  5.031E+00
2.996644E+00  1.777E+00
2.997416E+00  9.267E-01
2.998179E+00  5.816E-01
2.998935E+00  4.068E-01
2.999684E+00  3.053E-01
3.000425E+00  2.408E-01
3.001159E+00  1.970E-01
3.001885E+00  1.658E-01
3.002604E+00  1.426E-01
3.003316E+00  1.250E-01
3.004022E+00  1.112E-01
3.004720E+00  1.002E-01
3.005411E+00  9.130E-02
3.006096E+00  8.405E-02
3.006774E+00  7.810E-02
3.007446E+00  7.319E-02
3.008111E+00  6.915E-02
3.009423E+00  6.322E-02
3.010709E+00  5.973E-02
3.011343E+00  5.887E-02
3.011971E+00  5.864E-02
3.012593E+00  5.914E-02
3.013210E+00  6.055E-02
3.013820E+00  6.315E-02
3.014425E+00  6.745E-02
3.015025E+00  7.436E-02
3.015618E+00  8.556E-02
3.016207E+00  1.039E-01
3.016790E+00  1.249E-01
3.017367E+00  7.078E-01
3.017939E+00  1.881E+00
3.018506E+00  6.749E+00
3.019068E+00  2.834E-01
3.019625E+00  7.275E-02
3.020177E+00  3.066E-02
3.020724E+00  1.737E-02
3.021266E+00  1.219E-02
3.021803E+00  9.947E-03
3.022335E+00  8.925E-03
3.022862E+00  8.459E-03
3.023385E+00  8.261E-03
3.024417E+00  8.195E-03
3.031607E+00  8.848E-03
3.033806E+00  9.308E-03
3.035082E+00  9.795E-03
3.036327E+00  1.057E-02
3.037140E+00  1.135E-02
3.037940E+00  1.248E-02
3.038335E+00  1.324E-02
3.038727E+00  1.420E-02
3.039115E+00  1.542E-02
3.039501E+00  1.702E-02
3.039883E+00  1.919E-02
3.040263E+00  2.224E-02
3.040639E+00  2.676E-02
3.041013E+00  3.400E-02
3.041383E+00  4.684E-02
3.041751E+00  7.369E-02
3.042116E+00  1.484E-01
3.042477E+00  5.335E-01
3.042836E+00  2.191E+00
3.043192E+00  2.272E-01
3.043546E+00  6.361E-02
3.043897E+00  2.807E-02
3.044244E+00  1.585E-02
3.044590E+00  1.066E-02
3.044932E+00  8.265E-03
3.045272E+00  7.266E-03
3.045610E+00  7.197E-03
3.045944E+00  8.177E-03
3.046277E+00  1.172E-02
3.046606E+00  3.773E-02
3.046933E+00  1.213E-02
3.047258E+00  1.855E-04
3.047580E+00  1.779E-03
3.047900E+00  5.007E-03
3.048217E+00  7.010E-02
3.048533E+00  1.447E-03
3.048845E+00  1.712E-04
3.049156E+00  5.100E-04
3.049464E+00  8.240E-04
3.049769E+00  1.077E-03
3.050073E+00  1.285E-03
3.050374E+00  1.462E-03
3.050970E+00  1.758E-03
3.052706E+00  2.490E-03
3.053268E+00  2.764E-03
3.053822E+00  3.107E-03
3.054096E+00  3.325E-03
3.054368E+00  3.592E-03
3.054638E+00  3.936E-03
3.054906E+00  4.402E-03
3.055172E+00  5.082E-03
3.055437E+00  6.190E-03
3.055699E+00  8.434E-03
3.055960E+00  1.817E-02
3.056219E+00  4.659E-03
3.056476E+00  2.244E-02
3.056731E+00  2.725E-01
3.056984E+00  7.153E-02
3.057236E+00  9.232E-03
3.057486E+00  3.436E-03
3.057734E+00  2.041E-03
3.057981E+00  1.598E-03
3.058226E+00  1.454E-03
3.058469E+00  1.424E-03
3.058710E+00  1.442E-03
3.059188E+00  1.529E-03
3.061923E+00  2.160E-03
3.063000E+00  2.462E-03
3.063836E+00  2.779E-03
3.064448E+00  3.100E-03
3.064850E+00  3.381E-03
3.065247E+00  3.746E-03
3.065444E+00  3.972E-03
3.065639E+00  4.239E-03
3.065833E+00  4.557E-03
3.066026E+00  4.942E-03
3.066217E+00  5.418E-03
3.066407E+00  6.018E-03
3.066597E+00  6.794E-03
3.066784E+00  7.832E-03
3.066971E+00  9.274E-03
3.067157E+00  1.138E-02
3.067341E+00  1.468E-02
3.067524E+00  2.033E-02
3.067706E+00  3.150E-02
3.067887E+00  5.928E-02
3.068067E+00  1.675E-01
3.068246E+00  1.203E+00
3.068424E+00  2.847E-01
3.068600E+00  6.288E-02
3.068775E+00  2.583E-02
3.068950E+00  1.434E-02
3.069123E+00  9.780E-03
3.069295E+00  7.985E-03
3.069466E+00  7.793E-03
3.069637E+00  9.200E-03
3.069806E+00  1.352E-02
3.069974E+00  2.668E-02
3.070141E+00  8.919E-02
3.070307E+00  2.240E+00
3.070472E+00  4.317E-01
3.070636E+00  1.243E-01
3.070799E+00  1.109E-01
3.070961E+00  2.629E-01
3.071122E+00  4.245E+01
3.071282E+00  1.129E-01
3.071441E+00  2.629E-02
3.071599E+00  1.117E-02
3.071756E+00  6.171E-03
3.071913E+00  3.880E-03
3.072223E+00  1.116E-03
3.072376E+00  7.969E-02
3.072529E+00  3.996E-03
3.072681E+00  2.774E-03
3.072831E+00  2.304E-03
3.072981E+00  2.036E-03
3.073130E+00  1.856E-03
3.073279E+00  1.724E-03
3.073426E+00  1.621E-03
3.073718E+00  1.469E-03
3.073863E+00  1.426E-03
3.074007E+00  1.473E-03
3.074150E+00  2.198E-03
3.074293E+00  4.563E-02
3.074434E+00  9.638E-03
3.074575E+00  3.708E-03
3.074715E+00  2.719E-03
3.074854E+00  2.355E-03
3.074992E+00  2.178E-03
3.075130E+00  2.081E-03
3.075266E+00  2.029E-03
3.075402E+00  2.006E-03
3.075537E+00  2.008E-03
3.075672E+00  2.038E-03
3.075806E+00  2.113E-03
3.075938E+00  2.296E-03
3.076071E+00  2.962E-03
3.076202E+00  1.423E+00
3.076333E+00  1.170E-03
3.076463E+00  1.394E-03
3.076592E+00  1.510E-03
3.076720E+00  1.580E-03
3.076975E+00  1.670E-03
3.078088E+00  1.960E-03
3.078565E+00  2.128E-03
3.079032E+00  2.355E-03
3.079376E+00  2.587E-03
3.079714E+00  2.908E-03
3.079937E+00  3.197E-03
3.080157E+00  3.579E-03
3.080266E+00  3.820E-03
3.080375E+00  4.107E-03
3.080483E+00  4.452E-03
3.080590E+00  4.874E-03
3.080697E+00  5.401E-03
3.080804E+00  6.073E-03
3.080910E+00  6.957E-03
3.081015E+00  8.158E-03
3.081120E+00  9.865E-03
3.081224E+00  1.243E-02
3.081327E+00  1.662E-02
3.081430E+00  2.425E-02
3.081533E+00  4.087E-02
3.081635E+00  9.033E-02
3.081737E+00  3.795E-01
3.081838E+00  9.161E-01
3.081938E+00  1.204E-01
3.082038E+00  4.036E-02
3.082137E+00  2.127E-02
3.082236E+00  1.532E-02
3.082335E+00  1.484E-02
3.082433E+00  1.997E-02
3.082530E+00  4.158E-02
3.082627E+00  2.248E-01
3.082724E+00  1.171E+00
3.082820E+00  6.603E-02
3.082915E+00  2.358E-02
3.083010E+00  1.401E-02
3.083105E+00  1.167E-02
3.083199E+00  1.427E-02
3.083292E+00  3.732E-02
3.083385E+00  1.085E+00
3.083478E+00  8.521E-03
3.083570E+00  1.419E-03
3.083662E+00  3.151E-04
3.083753E+00  4.223E-05
3.083844E+00  4.228E-05
3.083934E+00  3.284E-04
3.084024E+00  1.436E-03
3.084114E+00  7.076E-03
3.084203E+00  1.387E-01
3.084292E+00  6.744E-02
3.084380E+00  1.295E-02
3.084467E+00  6.238E-03
3.084555E+00  4.018E-03
3.084642E+00  2.977E-03
3.084728E+00  2.393E-03
3.084814E+00  2.030E-03
3.084900E+00  1.799E-03
3.084985E+00  1.695E-03
3.085070E+00  1.923E-03
3.085154E+00  5.765E-03
3.085238E+00  5.271E-02
3.085322E+00  4.707E-03
3.085405E+00  2.739E-03
3.085488E+00  2.178E-03
3.085570E+00  1.924E-03
3.085652E+00  1.783E-03
3.085734E+00  1.697E-03
3.085815E+00  1.643E-03
3.085896E+00  1.610E-03
3.085976E+00  1.594E-03
3.086056E+00  1.594E-03
3.086136E+00  1.613E-03
3.086215E+00  1.668E-03
3.086294E+00  1.812E-03
3.086372E+00  2.510E-03
3.086451E+00  1.287E-03
3.086528E+00  1.088E-03
3.086606E+00  1.222E-03
3.086683E+00  1.289E-03
3.086836E+00  1.365E-03
3.087434E+00  1.582E-03
3.087725E+00  1.724E-03
3.088010E+00  1.915E-03
3.088221E+00  2.111E-03
3.088429E+00  2.377E-03
3.088566E+00  2.614E-03
3.088702E+00  2.924E-03
3.088769E+00  3.117E-03
3.088836E+00  3.343E-03
3.088903E+00  3.612E-03
3.088970E+00  3.936E-03
3.089036E+00  4.333E-03
3.089102E+00  4.829E-03
3.089168E+00  5.463E-03
3.089233E+00  6.295E-03
3.089298E+00  7.426E-03
3.089363E+00  9.031E-03
3.089427E+00  1.144E-02
3.089492E+00  1.535E-02
3.089556E+00  2.242E-02
3.089619E+00  3.757E-02
3.089683E+00  8.117E-02
3.089746E+00  3.153E-01
3.089808E+00  1.081E+00
3.089871E+00  1.379E-01
3.089933E+00  4.444E-02
3.089995E+00  2.328E-02
3.090057E+00  1.730E-02
3.090118E+00  1.859E-02
3.090180E+00  3.235E-02
3.090241E+00  1.419E-01
3.090301E+00  1.563E+00
3.090362E+00  5.238E-02
3.090422E+00  1.645E-02
3.090482E+00  8.455E-03
3.090541E+00  5.609E-03
3.090601E+00  4.543E-03
3.090660E+00  4.607E-03
3.090719E+00  6.739E-03
3.090777E+00  2.836E-02
3.090836E+00  2.680E-02
3.090894E+00  1.178E-03
3.090951E+00  1.550E-04
3.091009E+00  6.176E-05
3.091066E+00  1.809E-04
3.091124E+00  5.155E-04
3.091180E+00  1.367E-03
3.091237E+00  4.054E-03
3.091293E+00  1.854E-02
3.091350E+00  1.444E+00
3.091406E+00  5.141E-02
3.091461E+00  1.316E-02
3.091517E+00  6.609E-03
3.091572E+00  4.270E-03
3.091627E+00  3.153E-03
3.091682E+00  2.549E-03
3.091736E+00  2.251E-03
3.091790E+00  2.369E-03
3.091844E+00  4.793E-03
3.091898E+00  3.425E+03
3.091952E+00  7.239E-03
3.092005E+00  3.208E-03
3.092059E+00  2.317E-03
3.092111E+00  1.947E-03
3.092164E+00  1.747E-03
3.092217E+00  1.622E-03
3.092269E+00  1.539E-03
3.092321E+00  1.482E-03
3.092425E+00  1.415E-03
3.092527E+00  1.399E-03
3.092578E+00  1.414E-03
3.092629E+00  1.462E-03
3.092680E+00  1.625E-03
3.092730E+00  5.563E-03
3.092780E+00  9.566E-04
3.092830E+00  1.111E-03
3.092880E+00  1.171E-03
3.092979E+00  1.231E-03
3.093319E+00  1.381E-03
3.093510E+00  1.496E-03
3.093697E+00  1.654E-03
3.093835E+00  1.816E-03
3.093972E+00  2.035E-03
3.094062E+00  2.229E-03
3.094152E+00  2.479E-03
3.094241E+00  2.812E-03
3.094285E+00  3.022E-03
3.094329E+00  3.273E-03
3.094373E+00  3.576E-03
3.094416E+00  3.948E-03
3.094460E+00  4.414E-03
3.094503E+00  5.010E-03
3.094546E+00  5.793E-03
3.094589E+00  6.861E-03
3.094632E+00  8.378E-03
3.094675E+00  1.066E-02
3.094717E+00  1.436E-02
3.094760E+00  2.107E-02
3.094802E+00  3.544E-02
3.094844E+00  7.670E-02
3.094886E+00  2.957E-01
3.094927E+00  1.059E+00
3.094969E+00  1.366E-01
3.095010E+00  4.382E-02
3.095052E+00  2.286E-02
3.095093E+00  1.691E-02
3.095133E+00  1.830E-02
3.095174E+00  3.349E-02
3.095215E+00  1.878E-01
3.095255E+00  4.993E-01
3.095296E+00  3.673E-02
3.095336E+00  1.279E-02
3.095376E+00  6.816E-03
3.095415E+00  4.548E-03
3.095455E+00  3.597E-03
3.095495E+00  3.404E-03
3.095534E+00  4.187E-03
3.095573E+00  9.270E-03
3.095612E+00  6.264E+00
3.095651E+00  2.002E-03
3.095690E+00  1.919E-04
3.095729E+00  1.002E-04
3.095767E+00  2.539E-04
3.095806E+00  6.232E-04
3.095844E+00  1.490E-03
3.095882E+00  4.004E-03
3.095920E+00  1.558E-02
3.095958E+00  3.275E-01
3.095995E+00  8.583E-02
3.096033E+00  1.675E-02
3.096070E+00  7.748E-03
3.096108E+00  4.812E-03
3.096145E+00  3.493E-03
3.096182E+00  2.846E-03
3.096218E+00  2.690E-03
3.096255E+00  3.732E-03
3.096292E+00  2.661E-02
3.096328E+00  2.149E-02
3.096364E+00  4.551E-03
3.096401E+00  2.732E-03
3.096437E+00  2.123E-03
3.096473E+00  1.825E-03
3.096508E+00  1.648E-03
3.096544E+00  1.532E-03
3.096579E+00  1.450E-03
3.096650E+00  1.348E-03
3.096720E+00  1.295E-03
3.096790E+00  1.280E-03
3.096825E+00  1.293E-03
3.096859E+00  1.341E-03
3.096893E+00  1.631E-03
3.096928E+00  8.575E-04
3.096962E+00  1.066E-03
3.096996E+00  1.119E-03
3.097097E+00  1.181E-03
3.097297E+00  1.287E-03
3.097427E+00  1.390E-03
3.097556E+00  1.535E-03
3.097651E+00  1.685E-03
3.097746E+00  1.889E-03
3.097808E+00  2.070E-03
3.097870E+00  2.304E-03
3.097932E+00  2.617E-03
3.097962E+00  2.816E-03
3.097993E+00  3.052E-03
3.098023E+00  3.338E-03
3.098053E+00  3.690E-03
3.098084E+00  4.130E-03
3.098114E+00  4.693E-03
3.098144E+00  5.436E-03
3.098173E+00  6.447E-03
3.098203E+00  7.885E-03
3.098233E+00  1.005E-02
3.098262E+00  1.356E-02
3.098292E+00  1.992E-02
3.098321E+00  3.352E-02
3.098351E+00  7.235E-02
3.098380E+00  2.754E-01
3.098409E+00  1.046E+00
3.098438E+00  1.356E-01
3.098467E+00  4.307E-02
3.098495E+00  2.228E-02
3.098524E+00  1.629E-02
3.098553E+00  1.738E-02
3.098581E+00  3.151E-02
3.098610E+00  1.796E-01
3.098638E+00  4.307E-01
3.098666E+00  3.328E-02
3.098694E+00  1.171E-02
3.098722E+00  6.266E-03
3.098750E+00  4.171E-03
3.098778E+00  3.262E-03
3.098806E+00  3.000E-03
3.098833E+00  3.457E-03
3.098861E+00  6.305E-03
3.098888E+00  1.289E-01
3.098916E+00  3.012E-03
3.098943E+00  2.256E-04
3.098970E+00  1.239E-04
3.098997E+00  2.950E-04
3.099024E+00  6.827E-04
3.099051E+00  1.565E-03
3.099078E+00  4.050E-03
3.099105E+00  1.495E-02
3.099131E+00  2.434E-01
3.099158E+00  1.044E-01
3.099184E+00  1.822E-02
3.099211E+00  8.186E-03
3.099237E+00  5.027E-03
3.099263E+00  3.656E-03
3.099289E+00  3.057E-03
3.099315E+00  3.178E-03
3.099341E+00  6.273E-03
3.099367E+00  1.022E+00
3.099393E+00  1.023E-02
3.099419E+00  3.778E-03
3.099444E+00  2.515E-03
3.099470E+00  2.015E-03
3.099495E+00  1.749E-03
3.099521E+00  1.584E-03
3.099546E+00  1.473E-03
3.099571E+00  1.393E-03
3.099596E+00  1.334E-03
3.099646E+00  1.255E-03
3.099696E+00  1.212E-03
3.099745E+00  1.199E-03
3.099770E+00  1.211E-03
3.099794E+00  1.277E-03
3.099819E+00  7.724E-04
3.099843E+00  1.051E-03
3.099867E+00  1.094E-03
3.100059E+00  1.211E-03
3.100176E+00  1.325E-03
3.100268E+00  1.460E-03
3.100337E+00  1.601E-03
3.100405E+00  1.795E-03
3.100449E+00  1.967E-03
3.100494E+00  2.190E-03
3.100516E+00  2.327E-03
3.100538E+00  2.488E-03
3.100560E+00  2.677E-03
3.100582E+00  2.902E-03
3.100604E+00  3.175E-03
3.100626E+00  3.511E-03
3.100648E+00  3.931E-03
3.100670E+00  4.469E-03
3.100691E+00  5.177E-03
3.100713E+00  6.142E-03
3.100735E+00  7.515E-03
3.100756E+00  9.578E-03
3.100777E+00  1.292E-02
3.100799E+00  1.896E-02
3.100820E+00  3.180E-02
3.100841E+00  6.811E-02
3.100862E+00  2.535E-01
3.100883E+00  1.058E+00
3.100904E+00  1.374E-01
3.100925E+00  4.289E-02
3.100946E+00  2.193E-02
3.100967E+00  1.583E-02
3.100988E+00  1.661E-02
3.101008E+00  2.956E-02
3.101029E+00  1.633E-01
3.101050E+00  4.316E-01
3.101070E+00  3.191E-02
3.101091E+00  1.117E-02
3.101111E+00  5.958E-03
3.101131E+00  3.953E-03
3.101152E+00  3.068E-03
3.101172E+00  2.777E-03
3.101192E+00  3.093E-03
3.101212E+00  5.160E-03
3.101232E+00  4.818E-02
3.101250E+00  5.790E-03
3.106268E+00  7.329E-04
3.111230E+00  6.676E-04
3.119420E+00  5.785E-04
3.127430E+00  5.054E-04
3.135265E+00  4.441E-04
3.142931E+00  3.927E-04
3.150432E+00  3.498E-04
3.157774E+00  3.142E-04
3.164960E+00  2.844E-04
3.171994E+00  2.593E-04
3.178882E+00  2.380E-04
3.185627E+00  2.199E-04
3.198704E+00  1.912E-04
3.211256E+00  1.704E-04
3.223309E+00  1.554E-04
3.234889E+00  1.444E-04
3.251428E+00  1.338E-04
3.267035E+00  1.291E-04
3.281779E+00  1.298E-04
3.295721E+00  1.353E-04
3.308920E+00  1.454E-04
3.321427E+00  1.601E-04
3.333289E+00  1.801E-04
3.340861E+00  1.972E-04
3.348178E+00  2.180E-04
3.355251E+00  2.435E-04
3.362092E+00  2.752E-04
3.368709E+00  3.150E-04
3.371937E+00  3.387E-04
3.375114E+00  3.655E-04
3.378239E+00  3.960E-04
3.381314E+00  4.308E-04
3.384340E+00  4.707E-04
3.387318E+00  5.167E-04
3.390249E+00  5.701E-04
3.393135E+00  6.324E-04
3.395976E+00  7.057E-04
3.398772E+00  7.926E-04
3.401526E+00  8.964E-04
3.404237E+00  1.022E-03
3.406907E+00  1.175E-03
3.409536E+00  1.363E-03
3.412126E+00  1.599E-03
3.414677E+00  1.898E-03
3.417190E+00  2.284E-03
3.419665E+00  2.791E-03
3.422104E+00  3.469E-03
3.424506E+00  4.397E-03
3.426874E+00  5.691E-03
3.429207E+00  7.527E-03
3.431506E+00  1.014E-02
3.433772E+00  1.373E-02
3.436005E+00  1.813E-02
3.438206E+00  2.210E-02
3.440376E+00  2.334E-02
3.442516E+00  2.102E-02
3.446704E+00  1.298E-02
3.448755E+00  9.894E-03
3.450777E+00  7.647E-03
3.452771E+00  6.033E-03
3.454737E+00  4.863E-03
3.456676E+00  3.999E-03
3.458589E+00  3.350E-03
3.460476E+00  2.851E-03
3.462338E+00  2.462E-03
3.464174E+00  2.154E-03
3.465986E+00  1.906E-03
3.467773E+00  1.704E-03
3.469537E+00  1.538E-03
3.471277E+00  1.400E-03
3.472995E+00  1.286E-03
3.474690E+00  1.191E-03
3.476363E+00  1.113E-03
3.478014E+00  1.049E-03
3.479643E+00  9.976E-04
3.481252E+00  9.590E-04
3.482840E+00  9.331E-04
3.484408E+00  9.208E-04
3.485955E+00  9.243E-04
3.487484E+00  9.472E-04
3.488992E+00  9.955E-04
3.490482E+00  1.079E-03
3.491953E+00  1.214E-03
3.493406E+00  1.428E-03
3.494841E+00  1.769E-03
3.496258E+00  2.324E-03
3.497658E+00  3.255E-03
3.499040E+00  4.848E-03
3.500406E+00  7.505E-03
3.501755E+00  1.113E-02
3.503088E+00  1.352E-02
3.504404E+00  1.228E-02
3.505705E+00  9.334E-03
3.506990E+00  6.846E-03
3.508260E+00  5.158E-03
3.509515E+00  4.049E-03
3.510755E+00  3.305E-03
3.511980E+00  2.787E-03
3.513191E+00  2.416E-03
3.514388E+00  2.140E-03
3.515571E+00  1.932E-03
3.516740E+00  1.770E-03
3.517896E+00  1.642E-03
3.519038E+00  1.541E-03
3.520167E+00  1.459E-03
3.522388E+00  1.340E-03
3.524558E+00  1.264E-03
3.526679E+00  1.219E-03
3.528753E+00  1.200E-03
3.530782E+00  1.207E-03
3.532766E+00  1.244E-03
3.533742E+00  1.277E-03
3.534707E+00  1.325E-03
3.535662E+00  1.396E-03
3.536606E+00  1.506E-03
3.537541E+00  1.715E-03
3.538465E+00  2.378E-03
3.539379E+00  5.506E-02
3.540284E+00  1.121E-03
3.542065E+00  1.709E-03
3.542941E+00  2.069E-03
3.543808E+00  2.590E-03
3.544666E+00  3.402E-03
3.545515E+00  4.566E-03
3.546355E+00  5.339E-03
3.547187E+00  4.358E-03
3.548010E+00  2.930E-03
3.548824E+00  2.176E-03
3.549630E+00  1.922E-03
3.550428E+00  1.953E-03
3.551218E+00  2.204E-03
3.552000E+00  2.735E-03
3.552773E+00  3.806E-03
3.553539E+00  6.367E-03
3.554298E+00  1.575E-02
3.555048E+00  1.673E-01
3.555792E+00  4.978E-02
3.556528E+00  7.195E-03
3.557256E+00  2.843E-03
3.557978E+00  1.723E-03
3.558692E+00  1.353E-03
3.559399E+00  1.246E-03
3.560099E+00  1.261E-03
3.560793E+00  1.348E-03
3.561480E+00  1.491E-03
3.562160E+00  1.685E-03
3.562833E+00  1.935E-03
3.563500E+00  2.252E-03
3.564161E+00  2.650E-03
3.564815E+00  3.150E-03
3.565464E+00  3.770E-03
3.566106E+00  4.526E-03
3.566741E+00  5.404E-03
3.567371E+00  6.335E-03
3.567995E+00  7.158E-03
3.568613E+00  7.631E-03
3.569226E+00  7.559E-03
3.569832E+00  6.944E-03
3.570433E+00  5.991E-03
3.571028E+00  4.950E-03
3.571618E+00  3.987E-03
3.572203E+00  3.166E-03
3.572782E+00  2.487E-03
3.573356E+00  1.924E-03
3.573924E+00  1.440E-03
3.574488E+00  9.857E-04
3.575046E+00  4.909E-04
3.575599E+00  1.082E-04
3.576147E+00  2.442E-02
3.576690E+00  3.233E-03
3.577229E+00  1.938E-03
3.577762E+00  1.458E-03
3.578291E+00  1.192E-03
3.578815E+00  1.015E-03
3.579335E+00  8.866E-04
3.579850E+00  7.872E-04
3.580360E+00  7.074E-04
3.580866E+00  6.415E-04
3.581368E+00  5.860E-04
3.581865E+00  5.384E-04
3.582846E+00  4.607E-04
3.583810E+00  4.001E-04
3.584758E+00  3.540E-04
3.585226E+00  3.374E-04
3.585690E+00  3.276E-04
3.586150E+00  3.289E-04
3.586606E+00  3.499E-04
3.587058E+00  4.096E-04
3.587506E+00  5.512E-04
3.587951E+00  8.818E-04
3.588392E+00  1.690E-03
3.588829E+00  3.731E-03
3.589262E+00  7.747E-03
3.589692E+00  9.481E-03
3.590118E+00  7.134E-03
3.590541E+00  5.063E-03
3.590961E+00  3.879E-03
3.591376E+00  3.218E-03
3.591789E+00  2.845E-03
3.592198E+00  2.650E-03
3.592604E+00  2.581E-03
3.593006E+00  2.621E-03
3.593405E+00  2.783E-03
3.593801E+00  3.109E-03
3.594194E+00  3.705E-03
3.594584E+00  4.823E-03
3.594970E+00  7.098E-03
3.595353E+00  1.180E-02
3.595734E+00  1.472E-02
3.596111E+00  6.791E-03
3.596485E+00  3.166E-03
3.596856E+00  1.132E-03
3.597225E+00  5.500E-04
3.597590E+00  3.423E-04
3.597953E+00  2.617E-04
3.598313E+00  2.337E-04
3.598670E+00  2.300E-04
3.599024E+00  2.383E-04
3.599375E+00  2.530E-04
3.599724E+00  2.717E-04
3.600413E+00  3.174E-04
3.600754E+00  3.444E-04
3.601092E+00  3.749E-04
3.601427E+00  4.102E-04
3.601760E+00  4.524E-04
3.602090E+00  5.046E-04
3.602418E+00  5.723E-04
3.602744E+00  6.656E-04
3.603067E+00  8.047E-04
3.603387E+00  1.037E-03
3.603705E+00  1.496E-03
3.604021E+00  2.715E-03
3.604334E+00  9.090E-03
3.604645E+00  1.403E-01
3.604954E+00  4.332E-03
3.605260E+00  1.235E-03
3.605564E+00  6.979E-04
3.605866E+00  5.580E-04
3.606166E+00  5.341E-04
3.606463E+00  5.606E-04
3.606758E+00  6.206E-04
3.607051E+00  7.145E-04
3.607342E+00  8.586E-04
3.607631E+00  1.103E-03
3.607918E+00  1.639E-03
3.608202E+00  3.797E-03
3.608485E+00  1.138E-01
3.608765E+00  6.428E-03
3.609044E+00  1.636E-03
3.609320E+00  1.089E-03
3.609595E+00  9.792E-04
3.609867E+00  9.200E-04
3.610138E+00  8.311E-04
3.610407E+00  7.093E-04
3.610673E+00  5.769E-04
3.610938E+00  4.548E-04
3.611201E+00  3.534E-04
3.611462E+00  2.744E-04
3.611722E+00  2.149E-04
3.611979E+00  1.712E-04
3.612235E+00  1.397E-04
3.612489E+00  1.175E-04
3.612741E+00  1.026E-04
3.612992E+00  9.372E-05
3.613240E+00  9.035E-05
3.613487E+00  9.307E-05
3.613732E+00  1.045E-04
3.613976E+00  1.329E-04
3.614218E+00  2.069E-04
3.614458E+00  4.820E-04
3.614697E+00  4.152E-03
3.614934E+00  3.146E-03
3.615169E+00  4.129E-04
3.615403E+00  1.789E-04
3.615635E+00  1.155E-04
3.615865E+00  9.091E-05
3.616094E+00  8.006E-05
3.616322E+00  7.549E-05
3.616548E+00  7.448E-05
3.616772E+00  7.597E-05
3.616995E+00  7.970E-05
3.617217E+00  8.589E-05
3.617437E+00  9.522E-05
3.617655E+00  1.090E-04
3.617872E+00  1.296E-04
3.618088E+00  1.611E-04
3.618302E+00  2.108E-04
3.618515E+00  2.927E-04
3.618726E+00  4.355E-04
3.618936E+00  7.009E-04
3.619145E+00  1.233E-03
3.619352E+00  2.364E-03
3.619558E+00  4.570E-03
3.619763E+00  6.712E-03
3.619966E+00  6.629E-03
3.620168E+00  4.160E-03
3.620369E+00  2.804E-03
3.620568E+00  2.138E-03
3.620766E+00  1.752E-03
3.620963E+00  1.521E-03
3.621158E+00  1.385E-03
3.621353E+00  1.315E-03
3.621546E+00  1.296E-03
3.621738E+00  1.327E-03
3.621928E+00  1.415E-03
3.622118E+00  1.586E-03
3.622306E+00  1.893E-03
3.622493E+00  2.455E-03
3.622679E+00  3.517E-03
3.622863E+00  5.102E-03
3.623047E+00  4.600E-03
3.623229E+00  2.070E-03
3.623410E+00  8.575E-04
3.623591E+00  4.325E-04
3.623770E+00  2.788E-04
3.623947E+00  2.245E-04
3.624124E+00  2.137E-04
3.624300E+00  2.311E-04
3.624474E+00  3.030E-04
3.624648E+00  2.284E-03
3.624820E+00  1.034E-04
3.624992E+00  1.471E-04
3.625162E+00  1.738E-04
3.625332E+00  1.937E-04
3.625667E+00  2.260E-04
3.626810E+00  3.218E-04
3.627128E+00  3.414E-04
3.627285E+00  3.445E-04
3.627442E+00  3.372E-04
3.627597E+00  3.099E-04
3.627752E+00  2.487E-04
3.627906E+00  8.690E-04
3.628059E+00  7.759E-04
3.628211E+00  8.625E-04
3.628362E+00  1.067E-03
3.628512E+00  1.343E-03
3.628661E+00  1.958E-03
3.628810E+00  5.048E-03
3.628957E+00  4.928E-02
3.629104E+00  2.816E-03
3.629250E+00  1.699E-03
3.629395E+00  1.663E-03
3.629539E+00  2.013E-03
3.629682E+00  3.268E-02
3.629825E+00  2.067E-03
3.629967E+00  2.367E-03
3.630108E+00  2.787E-03
3.630248E+00  3.299E-03
3.630387E+00  3.903E-03
3.630663E+00  5.243E-03
3.630800E+00  5.775E-03
3.630936E+00  6.004E-03
3.631071E+00  5.816E-03
3.631206E+00  5.231E-03
3.631340E+00  4.376E-03
3.631473E+00  3.377E-03
3.631605E+00  2.264E-03
3.631737E+00  9.462E-04
3.631868E+00  2.675E-03
3.631998E+00  1.964E-02
3.632127E+00  7.781E-03
3.632256E+00  5.513E-03
3.632384E+00  4.649E-03
3.632511E+00  4.294E-03
3.632638E+00  4.244E-03
3.632764E+00  4.470E-03
3.632889E+00  5.052E-03
3.633013E+00  6.234E-03
3.633137E+00  8.712E-03
3.633260E+00  1.491E-02
3.633383E+00  3.888E-02
3.633504E+00  5.143E-01
3.633625E+00  1.073E-01
3.633746E+00  1.589E-02
3.633866E+00  5.627E-03
3.633985E+00  2.731E-03
3.634103E+00  1.573E-03
3.634221E+00  1.014E-03
3.634338E+00  7.099E-04
3.634455E+00  5.295E-04
3.634571E+00  4.156E-04
3.634686E+00  3.399E-04
3.634801E+00  2.871E-04
3.634915E+00  2.486E-04
3.635028E+00  2.190E-04
3.635141E+00  1.947E-04
3.635365E+00  1.541E-04
3.635476E+00  1.391E-04
3.635587E+00  1.433E-04
3.635697E+00  2.270E-04
3.635806E+00  5.260E-04
3.635915E+00  9.117E-04
3.636023E+00  1.036E-03
3.636131E+00  1.049E-03
3.636238E+00  1.090E-03
3.636344E+00  1.205E-03
3.636450E+00  1.439E-03
3.636556E+00  1.886E-03
3.636660E+00  2.748E-03
3.636765E+00  4.142E-03
3.636869E+00  4.336E-03
3.636972E+00  2.411E-03
3.637074E+00  1.169E-03
3.637177E+00  6.557E-04
3.637278E+00  4.388E-04
3.637379E+00  3.414E-04
3.637480E+00  2.979E-04
3.637580E+00  2.822E-04
3.637680E+00  2.834E-04
3.637779E+00  2.981E-04
3.637877E+00  3.279E-04
3.637975E+00  3.840E-04
3.638073E+00  5.255E-04
3.638170E+00  1.240E-03
3.638266E+00  1.314E-02
3.638363E+00  3.845E-05
3.638458E+00  6.325E-05
3.638553E+00  1.169E-04
3.638648E+00  1.556E-04
3.638742E+00  1.856E-04
3.638836E+00  2.105E-04
3.638929E+00  2.323E-04
3.639114E+00  2.685E-04
3.639206E+00  2.824E-04
3.639297E+00  2.916E-04
3.639388E+00  2.934E-04
3.639569E+00  2.733E-04
3.639658E+00  4.325E-04
3.639747E+00  3.109E-03
3.639836E+00  6.674E-04
3.639924E+00  7.327E-04
3.640099E+00  9.360E-04
3.640186E+00  1.048E-03
3.640273E+00  1.181E-03
3.640359E+00  1.361E-03
3.640445E+00  1.679E-03
3.640530E+00  3.235E-03
3.640615E+00  6.948E-03
3.640699E+00  2.554E-03
3.640784E+00  2.605E-03
3.640867E+00  2.951E-03
3.640950E+00  3.441E-03
3.641033E+00  4.066E-03
3.641116E+00  4.832E-03
3.641198E+00  5.728E-03
3.641361E+00  7.636E-03
3.641442E+00  8.511E-03
3.641522E+00  1.100E-02
3.641602E+00  1.244E-01
3.641682E+00  8.475E-03
3.641761E+00  5.193E-03
3.641919E+00  8.594E-04
3.641997E+00  5.379E-02
3.642075E+00  1.349E-02
3.642153E+00  7.883E-03
3.642230E+00  6.034E-03
3.642306E+00  5.138E-03
3.642383E+00  4.671E-03
3.642459E+00  4.476E-03
3.642535E+00  4.517E-03
3.642610E+00  4.827E-03
3.642685E+00  5.534E-03
3.642760E+00  6.978E-03
3.642834E+00  1.017E-02
3.642908E+00  1.917E-02
3.642982E+00  6.805E-02
3.643055E+00  2.590E+00
3.643128E+00  3.545E-02
3.643200E+00  8.266E-03
3.643273E+00  3.300E-03
3.643345E+00  1.676E-03
3.643416E+00  9.843E-04
3.643487E+00  6.394E-04
3.643558E+00  4.486E-04
3.643629E+00  3.347E-04
3.643699E+00  2.623E-04
3.643769E+00  2.138E-04
3.643839E+00  1.794E-04
3.643908E+00  1.535E-04
3.643977E+00  1.326E-04
3.644046E+00  1.145E-04
3.644115E+00  9.860E-05
3.644183E+00  8.755E-05
3.644251E+00  9.589E-05
3.644318E+00  1.794E-04
3.644385E+00  4.752E-04
3.644452E+00  9.130E-04
3.644519E+00  1.084E-03
3.644585E+00  1.101E-03
3.644651E+00  1.150E-03
3.644717E+00  1.298E-03
3.644782E+00  1.617E-03
3.644847E+00  2.257E-03
3.644912E+00  3.326E-03
3.644977E+00  3.506E-03
3.645041E+00  1.876E-03
3.645105E+00  8.508E-04
3.645169E+00  4.534E-04
3.645232E+00  2.963E-04
3.645295E+00  2.306E-04
3.645358E+00  2.040E-04
3.645421E+00  1.962E-04
3.645483E+00  1.988E-04
3.645545E+00  2.084E-04
3.645607E+00  2.239E-04
3.645668E+00  2.474E-04
3.645730E+00  2.888E-04
3.645791E+00  4.406E-04
3.645851E+00  1.817E-03
3.645912E+00  4.954E-04
3.645972E+00  5.750E-04
3.646032E+00  9.783E-04
3.646092E+00  6.972E-03
3.646151E+00  2.506E-04
3.646210E+00  2.360E-05
3.646269E+00  6.850E-05
3.646328E+00  1.078E-04
3.646386E+00  1.366E-04
3.646444E+00  1.563E-04
3.646502E+00  1.670E-04
3.646560E+00  1.670E-04
3.646617E+00  1.546E-04
3.646674E+00  1.379E-04
3.646731E+00  1.692E-04
3.646788E+00  3.807E-04
3.646844E+00  3.296E-03
3.646901E+00  1.026E-03
3.646956E+00  8.189E-04
3.647012E+00  8.652E-04
3.647068E+00  9.437E-04
3.647123E+00  1.040E-03
3.647178E+00  1.154E-03
3.647233E+00  1.290E-03
3.647287E+00  1.455E-03
3.647342E+00  1.658E-03
3.647396E+00  1.925E-03
3.647450E+00  2.402E-03
3.647503E+00  1.367E-02
3.647557E+00  3.638E-03
3.647610E+00  3.752E-03
3.647663E+00  4.367E-03
3.647716E+00  5.208E-03
3.647768E+00  6.258E-03
3.647821E+00  7.506E-03
3.647873E+00  8.954E-03
3.647925E+00  1.122E-02
3.647976E+00  3.810E-02
3.648028E+00  1.882E-02
3.648079E+00  8.338E-03
3.648130E+00  4.351E-03
3.648181E+00  1.889E-03
3.648232E+00  4.952E-02
3.648282E+00  1.555E-02
3.648332E+00  1.008E-02
3.648382E+00  7.762E-03
3.648432E+00  6.462E-03
3.648482E+00  5.660E-03
3.648531E+00  5.168E-03
3.648581E+00  4.910E-03
3.648630E+00  4.863E-03
3.648678E+00  5.051E-03
3.648727E+00  5.563E-03
3.648775E+00  6.625E-03
3.648824E+00  8.839E-03
3.648872E+00  1.424E-02
3.648920E+00  3.379E-02
3.648967E+00  3.134E-01
3.649015E+00  1.149E-01
3.649062E+00  1.428E-02
3.649109E+00  4.622E-03
3.649156E+00  2.087E-03
3.649203E+00  1.128E-03
3.649249E+00  6.879E-04
3.649296E+00  4.587E-04
3.649342E+00  3.286E-04
3.649388E+00  2.494E-04
3.649434E+00  1.984E-04
3.649479E+00  1.635E-04
3.649525E+00  1.380E-04
3.649570E+00  1.178E-04
3.649615E+00  1.004E-04
3.649660E+00  8.410E-05
3.649705E+00  6.924E-05
3.649749E+00  6.183E-05
3.649794E+00  9.078E-05
3.649838E+00  2.558E-04
3.649882E+00  6.483E-04
3.649926E+00  9.304E-04
3.649969E+00  9.953E-04
3.650013E+00  1.049E-03
3.650056E+00  1.191E-03
3.650100E+00  1.501E-03
3.650143E+00  2.119E-03
3.650185E+00  2.959E-03
3.650228E+00  2.435E-03
3.650271E+00  1.103E-03
3.650313E+00  4.989E-04
3.650355E+00  2.794E-04
3.650397E+00  1.959E-04
3.650439E+00  1.640E-04
3.650481E+00  1.543E-04
3.650522E+00  1.556E-04
3.650564E+00  1.631E-04
3.650605E+00  1.754E-04
3.650646E+00  1.929E-04
3.650687E+00  2.192E-04
3.650728E+00  2.727E-04
3.650768E+00  5.373E-04
3.650809E+00  1.398E-03
3.650849E+00  3.977E-04
3.650889E+00  3.851E-04
3.650929E+00  4.610E-04
3.650969E+00  6.552E-04
3.651009E+00  1.419E-03
3.651048E+00  2.323E-02
3.651088E+00  1.444E-04
3.651127E+00  1.832E-05
3.651166E+00  4.285E-05
3.651205E+00  6.335E-05
3.651244E+00  7.096E-05
3.651283E+00  6.680E-05
3.651321E+00  6.557E-05
3.651360E+00  1.222E-04
3.651398E+00  3.086E-04
3.651436E+00  7.361E-04
3.651474E+00  5.958E-03
3.651512E+00  8.929E-04
3.651549E+00  8.211E-04
3.651587E+00  8.649E-04
3.651624E+00  9.373E-04
3.651662E+00  1.029E-03
3.651699E+00  1.139E-03
3.651736E+00  1.272E-03
3.651773E+00  1.431E-03
3.651809E+00  1.624E-03
3.651846E+00  1.861E-03
3.651882E+00  2.159E-03
3.651919E+00  2.587E-03
3.651955E+00  4.862E-03
3.652027E+00  4.516E-03
3.652063E+00  5.288E-03
3.652098E+00  6.374E-03
3.652134E+00  7.779E-03
3.652169E+00  9.747E-03
3.652205E+00  1.568E-02
3.652240E+00  8.617E-02
3.652275E+00  1.218E-02
3.652310E+00  5.488E-03
3.652344E+00  3.318E-02
3.652379E+00  3.138E-02
3.652414E+00  1.667E-02
3.652448E+00  1.198E-02
3.652482E+00  9.436E-03
3.652516E+00  7.814E-03
3.652550E+00  6.713E-03
3.652584E+00  5.958E-03
3.652618E+00  5.456E-03
3.652652E+00  5.162E-03
3.652685E+00  5.062E-03
3.652719E+00  5.174E-03
3.652752E+00  5.564E-03
3.652785E+00  6.398E-03
3.652818E+00  8.088E-03
3.652851E+00  1.187E-02
3.652884E+00  2.299E-02
3.652917E+00  9.215E-02
3.652949E+00  7.158E-01
3.652982E+00  2.703E-02
3.653014E+00  6.817E-03
3.653047E+00  2.739E-03
3.653079E+00  1.375E-03
3.653111E+00  7.928E-04
3.653143E+00  5.058E-04
3.653175E+00  3.496E-04
3.653206E+00  2.580E-04
3.653238E+00  2.008E-04
3.653269E+00  1.630E-04
3.653301E+00  1.364E-04
3.653332E+00  1.160E-04
3.653363E+00  9.886E-05
3.653425E+00  6.718E-05
3.653456E+00  5.362E-05
3.653487E+00  5.642E-05
3.653517E+00  1.367E-04
3.653548E+00  4.272E-04
3.653578E+00  7.742E-04
3.653609E+00  8.963E-04
3.653639E+00  9.551E-04
3.653669E+00  1.080E-03
3.653699E+00  1.356E-03
3.653729E+00  1.899E-03
3.653758E+00  2.541E-03
3.653788E+00  1.879E-03
3.653818E+00  8.084E-04
3.653847E+00  3.665E-04
3.653877E+00  2.115E-04
3.653906E+00  1.552E-04
3.653935E+00  1.361E-04
3.653964E+00  1.329E-04
3.653993E+00  1.377E-04
3.654022E+00  1.474E-04
3.654051E+00  1.613E-04
3.654080E+00  1.809E-04
3.654108E+00  2.128E-04
3.654137E+00  2.914E-04
3.654165E+00  8.917E-04
3.654193E+00  7.973E-04
3.654222E+00  3.346E-04
3.654250E+00  3.207E-04
3.654278E+00  3.619E-04
3.654306E+00  4.508E-04
3.654333E+00  6.565E-04
3.654361E+00  1.464E-03
3.654389E+00  2.357E-02
3.654416E+00  2.418E-04
3.654444E+00  2.064E-05
3.654471E+00  2.041E-05
3.654499E+00  2.652E-05
3.654526E+00  3.546E-05
3.654553E+00  8.870E-05
3.654580E+00  2.460E-04
3.654607E+00  5.043E-04
3.654634E+00  2.211E-03
3.654660E+00  1.288E-03
3.654687E+00  8.031E-04
3.654714E+00  7.982E-04
3.654740E+00  8.477E-04
3.654766E+00  9.198E-04
3.654793E+00  1.010E-03
3.654819E+00  1.118E-03
3.654845E+00  1.249E-03
3.654871E+00  1.405E-03
3.654897E+00  1.594E-03
3.654923E+00  1.824E-03
3.654949E+00  2.107E-03
3.654975E+00  2.467E-03
3.655000E+00  3.008E-03
3.655026E+00  1.266E-02
3.655051E+00  4.870E-03
3.655077E+00  5.297E-03
3.655102E+00  6.331E-03
3.655127E+00  7.753E-03
3.655152E+00  9.912E-03
3.655177E+00  1.843E-02
3.655202E+00  4.560E-02
3.655227E+00  8.943E-03
3.655252E+00  7.373E-02
3.655277E+00  3.168E-02
3.655301E+00  1.938E-02
3.655326E+00  1.455E-02
3.655350E+00  1.157E-02
3.655375E+00  9.502E-03
3.655399E+00  8.022E-03
3.655423E+00  6.952E-03
3.655448E+00  6.185E-03
3.655472E+00  5.655E-03
3.655496E+00  5.325E-03
3.655520E+00  5.179E-03
3.655544E+00  5.232E-03
3.655567E+00  5.535E-03
3.655591E+00  6.216E-03
3.655615E+00  7.581E-03
3.655638E+00  1.049E-02
3.655662E+00  1.807E-02
3.655685E+00  5.113E-02
3.655709E+00  1.187E+00
3.655732E+00  5.332E-02
3.655755E+00  9.934E-03
3.655778E+00  3.554E-03
3.655801E+00  1.668E-03
3.655824E+00  9.170E-04
3.655847E+00  5.634E-04
3.655870E+00  3.775E-04
3.655893E+00  2.717E-04
3.655916E+00  2.074E-04
3.655938E+00  1.660E-04
3.655961E+00  1.375E-04
3.655983E+00  1.165E-04
3.656028E+00  8.378E-05
3.656072E+00  5.304E-05
3.656095E+00  4.592E-05
3.656117E+00  8.602E-05
3.656139E+00  2.933E-04
3.656161E+00  6.500E-04
3.656182E+00  8.228E-04
3.656204E+00  8.888E-04
3.656226E+00  1.001E-03
3.656248E+00  1.246E-03
3.656291E+00  2.233E-03
3.656312E+00  1.554E-03
3.656334E+00  6.524E-04
3.656355E+00  2.975E-04
3.656376E+00  1.763E-04
3.656398E+00  1.344E-04
3.656419E+00  1.221E-04
3.656440E+00  1.224E-04
3.656461E+00  1.292E-04
3.656482E+00  1.403E-04
3.656503E+00  1.557E-04
3.656523E+00  1.781E-04
3.656544E+00  2.186E-04
3.656565E+00  3.429E-04
3.656586E+00  1.844E-03
3.656606E+00  5.173E-04
3.656627E+00  2.929E-04
3.656647E+00  2.861E-04
3.656667E+00  3.170E-04
3.656688E+00  3.779E-04
3.656708E+00  4.977E-04
3.656728E+00  8.139E-04
3.656748E+00  2.757E-03
3.656768E+00  3.941E-03
3.656788E+00  1.325E-04
3.656806E+00  3.084E-05
3.658520E+00  8.213E-05
3.665166E+00  8.178E-05
3.670168E+00  8.363E-05
3.675079E+00  8.807E-05
3.678248E+00  9.286E-05
3.681337E+00  9.943E-05
3.684349E+00  1.081E-04
3.687285E+00  1.194E-04
3.690149E+00  1.338E-04
3.692943E+00  1.521E-04
3.695669E+00  1.755E-04
3.697007E+00  1.897E-04
3.698329E+00  2.058E-04
3.699635E+00  2.243E-04
3.700925E+00  2.458E-04
3.702201E+00  2.707E-04
3.703460E+00  2.998E-04
3.704706E+00  3.344E-04
3.705936E+00  3.756E-04
3.707152E+00  4.253E-04
3.708353E+00  4.861E-04
3.709541E+00  5.615E-04
3.710715E+00  6.563E-04
3.711875E+00  7.777E-04
3.713022E+00  9.358E-04
3.714156E+00  1.146E-03
3.715277E+00  1.432E-03
3.716385E+00  1.827E-03
3.717480E+00  2.381E-03
3.718563E+00  3.158E-03
3.719634E+00  4.202E-03
3.720693E+00  5.428E-03
3.721740E+00  6.446E-03
3.722776E+00  6.662E-03
3.723800E+00  5.958E-03
3.724812E+00  4.848E-03
3.725814E+00  3.811E-03
3.726804E+00  3.012E-03
3.727784E+00  2.441E-03
3.728753E+00  2.045E-03
3.729711E+00  1.776E-03
3.730659E+00  1.601E-03
3.731597E+00  1.492E-03
3.732525E+00  1.431E-03
3.734351E+00  1.360E-03
3.735249E+00  1.299E-03
3.736138E+00  1.196E-03
3.737018E+00  1.060E-03
3.738749E+00  7.770E-04
3.739601E+00  6.617E-04
3.740445E+00  5.695E-04
3.741279E+00  4.977E-04
3.742105E+00  4.425E-04
3.742923E+00  4.003E-04
3.743732E+00  3.682E-04
3.744533E+00  3.442E-04
3.745326E+00  3.266E-04
3.746110E+00  3.143E-04
3.746887E+00  3.066E-04
3.747656E+00  3.030E-04
3.748417E+00  3.032E-04
3.749170E+00  3.073E-04
3.749916E+00  3.152E-04
3.750655E+00  3.273E-04
3.751386E+00  3.436E-04
3.752827E+00  3.878E-04
3.753537E+00  4.109E-04
3.754240E+00  4.271E-04
3.754936E+00  4.288E-04
3.755625E+00  4.122E-04
3.756307E+00  3.802E-04
3.758316E+00  2.587E-04
3.758972E+00  2.244E-04
3.759623E+00  1.956E-04
3.760267E+00  1.718E-04
3.760905E+00  1.526E-04
3.761537E+00  1.370E-04
3.762163E+00  1.245E-04
3.762784E+00  1.144E-04
3.763398E+00  1.063E-04
3.764007E+00  9.978E-05
3.764610E+00  9.451E-05
3.765799E+00  8.685E-05
3.766967E+00  8.194E-05
3.768678E+00  7.794E-05
3.770344E+00  7.654E-05
3.771964E+00  7.699E-05
3.772495E+00  7.785E-05
3.773021E+00  8.066E-05
3.773542E+00  1.134E-04
3.774059E+00  1.487E-04
3.774571E+00  8.810E-05
3.775079E+00  8.343E-05
3.776081E+00  8.163E-05
3.777551E+00  7.971E-05
3.778033E+00  8.279E-05
3.778510E+00  1.295E-04
3.778984E+00  3.474E-03
3.779453E+00  5.728E-04
3.779918E+00  2.722E-04
3.780380E+00  2.143E-04
3.780837E+00  1.947E-04
3.781291E+00  1.878E-04
3.781741E+00  1.868E-04
3.782187E+00  1.895E-04
3.782629E+00  1.947E-04
3.783068E+00  2.022E-04
3.783503E+00  2.118E-04
3.783934E+00  2.237E-04
3.784362E+00  2.380E-04
3.784786E+00  2.552E-04
3.785206E+00  2.758E-04
3.785624E+00  3.005E-04
3.786037E+00  3.302E-04
3.786448E+00  3.661E-04
3.786855E+00  4.096E-04
3.787259E+00  4.627E-04
3.787659E+00  5.273E-04
3.788056E+00  6.059E-04
3.788450E+00  7.002E-04
3.788841E+00  8.115E-04
3.789229E+00  9.385E-04
3.789613E+00  1.079E-03
3.789995E+00  1.240E-03
3.790373E+00  1.562E-03
3.790749E+00  1.971E-03
3.791121E+00  1.101E-03
3.791491E+00  1.038E-03
3.792221E+00  8.826E-04
3.792582E+00  8.037E-04
3.792940E+00  7.338E-04
3.793295E+00  6.749E-04
3.793648E+00  6.272E-04
3.793998E+00  5.903E-04
3.794345E+00  5.918E-04
3.794689E+00  5.434E-04
3.795031E+00  5.289E-04
3.795370E+00  5.216E-04
3.796040E+00  5.220E-04
3.797027E+00  5.393E-04
3.797351E+00  5.410E-04
3.797672E+00  5.362E-04
3.797991E+00  5.232E-04
3.798308E+00  5.022E-04
3.798934E+00  4.474E-04
3.799244E+00  4.239E-04
3.799551E+00  4.140E-04
3.799856E+00  4.410E-04
3.800159E+00  4.912E-04
3.800459E+00  1.925E-04
3.800758E+00  1.892E-04
3.801054E+00  1.939E-04
3.802217E+00  1.976E-04
3.802786E+00  2.028E-04
3.803346E+00  2.121E-04
3.803899E+00  2.256E-04
3.804444E+00  2.440E-04
3.804981E+00  2.681E-04
3.805510E+00  2.992E-04
3.806032E+00  3.384E-04
3.807055E+00  4.337E-04
3.807306E+00  4.537E-04
3.807555E+00  4.667E-04
3.807803E+00  4.698E-04
3.808049E+00  4.621E-04
3.808293E+00  4.452E-04
3.808777E+00  3.960E-04
3.809489E+00  3.199E-04
3.809724E+00  2.993E-04
3.809957E+00  2.902E-04
3.810188E+00  5.028E-04
3.810418E+00  4.781E-04
3.810646E+00  3.069E-04
3.810872E+00  2.701E-04
3.811098E+00  2.518E-04
3.811321E+00  2.396E-04
3.811764E+00  2.225E-04
3.812632E+00  1.963E-04
3.812845E+00  2.007E-04
3.813057E+00  2.882E-04
3.813268E+00  1.499E-03
3.813477E+00  2.565E-03
3.813685E+00  9.109E-04
3.813891E+00  6.275E-04
3.814097E+00  5.356E-04
3.814300E+00  4.970E-04
3.814503E+00  4.809E-04
3.814704E+00  4.770E-04
3.814904E+00  4.811E-04
3.815103E+00  4.909E-04
3.815496E+00  5.252E-04
3.815885E+00  5.785E-04
3.816077E+00  6.132E-04
3.816268E+00  6.545E-04
3.816458E+00  7.035E-04
3.816647E+00  7.621E-04
3.816834E+00  8.328E-04
3.817021E+00  9.187E-04
3.817206E+00  1.024E-03
3.817390E+00  1.154E-03
3.817755E+00  1.475E-03
3.817935E+00  1.605E-03
3.818115E+00  1.645E-03
3.818470E+00  1.610E-03
3.818646E+00  1.659E-03
3.818822E+00  1.776E-03
3.818996E+00  1.980E-03
3.819169E+00  2.354E-03
3.819340E+00  3.168E-03
3.819511E+00  2.773E-03
3.819681E+00  5.730E-04
3.819850E+00  5.266E-04
3.820017E+00  6.053E-04
3.820184E+00  6.471E-04
3.820350E+00  6.574E-04
3.820515E+00  6.460E-04
3.820678E+00  6.162E-04
3.820841E+00  5.598E-04
3.821003E+00  5.153E-04
3.821163E+00  6.974E-04
3.821323E+00  6.885E-04
3.821482E+00  6.712E-04
3.821640E+00  6.754E-04
3.821797E+00  7.506E-04
3.821953E+00  1.265E-03
3.822108E+00  5.394E-04
3.822262E+00  4.820E-04
3.822568E+00  4.388E-04
3.822719E+00  4.105E-04
3.822870E+00  3.765E-04
3.823169E+00  2.985E-04
3.823317E+00  2.646E-04
3.823464E+00  2.492E-04
3.823610E+00  2.747E-04
3.823755E+00  3.715E-04
3.823900E+00  5.427E-04
3.824044E+00  6.921E-04
3.824187E+00  7.044E-04
3.824329E+00  6.113E-04
3.824470E+00  4.949E-04
3.824610E+00  3.929E-04
3.824750E+00  3.128E-04
3.824889E+00  2.528E-04
3.825027E+00  2.096E-04
3.825164E+00  1.795E-04
3.825301E+00  1.594E-04
3.825436E+00  1.469E-04
3.825571E+00  1.401E-04
3.825706E+00  1.376E-04
3.825839E+00  1.385E-04
3.825972E+00  1.424E-04
3.826104E+00  1.515E-04
3.826235E+00  2.087E-04
3.826365E+00  2.567E-04
3.826495E+00  2.202E-04
3.826624E+00  2.239E-04
3.826752E+00  2.365E-04
3.827007E+00  2.690E-04
3.827133E+00  2.879E-04
3.827259E+00  3.193E-04
3.827383E+00  3.865E-04
3.827507E+00  4.064E-04
3.827754E+00  2.932E-04
3.827876E+00  2.422E-04
3.827997E+00  1.996E-04
3.828118E+00  1.671E-04
3.828238E+00  1.444E-04
3.828357E+00  1.302E-04
3.828476E+00  1.227E-04
3.828594E+00  1.205E-04
3.828712E+00  1.226E-04
3.828829E+00  1.283E-04
3.828945E+00  1.376E-04
3.829061E+00  1.510E-04
3.829176E+00  1.703E-04
3.829290E+00  1.991E-04
3.829404E+00  2.483E-04
3.829517E+00  3.560E-04
3.829630E+00  7.866E-04
3.829742E+00  4.604E-03
3.829853E+00  2.017E-04
3.829964E+00  1.268E-04
3.830074E+00  1.457E-04
3.830184E+00  1.764E-04
3.830293E+00  2.137E-04
3.830401E+00  2.605E-04
3.830509E+00  3.240E-04
3.830616E+00  4.185E-04
3.830723E+00  5.770E-04
3.830829E+00  8.774E-04
3.830935E+00  1.429E-03
3.831040E+00  1.738E-03
3.831145E+00  1.503E-03
3.831249E+00  2.025E-03
3.831352E+00  1.480E-03
3.831455E+00  6.491E-04
3.831557E+00  4.846E-04
3.831659E+00  3.878E-04
3.831761E+00  3.989E-04
3.831862E+00  4.505E-04
3.831962E+00  5.270E-04
3.832062E+00  6.273E-04
3.832161E+00  7.550E-04
3.832260E+00  9.164E-04
3.832358E+00  1.119E-03
3.832456E+00  1.372E-03
3.832553E+00  1.681E-03
3.832650E+00  2.048E-03
3.832746E+00  2.464E-03
3.833127E+00  4.239E-03
3.833221E+00  4.709E-03
3.833314E+00  5.281E-03
3.833407E+00  5.980E-03
3.833500E+00  6.471E-03
3.833592E+00  5.558E-03
3.833683E+00  3.128E-03
3.833775E+00  1.330E-03
3.833865E+00  5.534E-04
3.833955E+00  2.647E-04
3.834045E+00  1.598E-04
3.834135E+00  1.209E-04
3.834224E+00  1.057E-04
3.834312E+00  1.039E-04
3.834400E+00  1.341E-04
3.834488E+00  2.731E-04
3.834575E+00  6.184E-04
3.834662E+00  8.656E-04
3.834748E+00  7.523E-04
3.834834E+00  5.414E-04
3.834919E+00  3.665E-04
3.835004E+00  2.489E-04
3.835089E+00  1.832E-04
3.835173E+00  1.562E-04
3.835257E+00  1.549E-04
3.835341E+00  1.696E-04
3.835424E+00  1.939E-04
3.835506E+00  2.247E-04
3.835589E+00  2.609E-04
3.835752E+00  3.450E-04
3.835833E+00  3.782E-04
3.835914E+00  3.798E-04
3.835994E+00  3.353E-04
3.836074E+00  2.630E-04
3.836154E+00  1.980E-04
3.836233E+00  1.572E-04
3.836312E+00  1.391E-04
3.836390E+00  1.373E-04
3.836468E+00  1.466E-04
3.836546E+00  1.638E-04
3.836623E+00  1.873E-04
3.836700E+00  2.164E-04
3.836777E+00  2.503E-04
3.837004E+00  3.671E-04
3.837080E+00  3.972E-04
3.837154E+00  4.097E-04
3.837229E+00  3.969E-04
3.837303E+00  4.039E-04
3.837377E+00  5.718E-04
3.837450E+00  8.280E-04
3.837523E+00  1.169E-03
3.837596E+00  1.533E-03
3.837669E+00  8.718E-04
3.837741E+00  4.131E-04
3.837812E+00  2.651E-04
3.837884E+00  2.034E-04
3.837955E+00  1.722E-04
3.838026E+00  1.555E-04
3.838096E+00  1.477E-04
3.838167E+00  1.459E-04
3.838236E+00  1.487E-04
3.838306E+00  1.557E-04
3.838375E+00  1.668E-04
3.838444E+00  1.829E-04
3.838513E+00  2.065E-04
3.838581E+00  2.430E-04
3.838649E+00  3.086E-04
3.838717E+00  4.672E-04
3.838784E+00  1.293E-03
3.838851E+00  1.546E-03
3.838918E+00  1.582E-04
3.838984E+00  1.400E-04
3.839050E+00  1.708E-04
3.839116E+00  2.112E-04
3.839182E+00  2.617E-04
3.839247E+00  3.304E-04
3.839312E+00  4.360E-04
3.839377E+00  6.260E-04
3.839441E+00  1.037E-03
3.839505E+00  1.872E-03
3.839569E+00  1.556E-03
3.839633E+00  1.003E-03
3.839696E+00  1.102E-03
3.839759E+00  1.945E-03
3.839822E+00  1.482E-03
3.839884E+00  5.807E-04
3.839946E+00  4.114E-04
3.840008E+00  4.076E-04
3.840070E+00  4.548E-04
3.840131E+00  5.307E-04
3.840193E+00  6.339E-04
3.840253E+00  7.690E-04
3.840314E+00  9.435E-04
3.840374E+00  1.167E-03
3.840434E+00  1.452E-03
3.840494E+00  1.810E-03
3.840554E+00  2.245E-03
3.840613E+00  2.752E-03
3.840731E+00  3.825E-03
3.840789E+00  4.298E-03
3.840963E+00  5.526E-03
3.841021E+00  5.819E-03
3.841078E+00  5.673E-03
3.841135E+00  4.593E-03
3.841192E+00  2.870E-03
3.841249E+00  1.485E-03
3.841305E+00  7.297E-04
3.841361E+00  4.068E-04
3.841417E+00  3.233E-04
3.841473E+00  1.545E-04
3.841528E+00  1.379E-04
3.841583E+00  3.847E-04
3.841638E+00  7.005E-04
3.841693E+00  8.120E-04
3.841747E+00  7.802E-04
3.841801E+00  6.921E-04
3.841855E+00  5.730E-04
3.841909E+00  4.378E-04
3.841963E+00  3.118E-04
3.842016E+00  2.184E-04
3.842069E+00  1.642E-04
3.842122E+00  1.413E-04
3.842175E+00  1.389E-04
3.842227E+00  1.488E-04
3.842280E+00  1.665E-04
3.842332E+00  1.899E-04
3.842383E+00  2.181E-04
3.842486E+00  2.820E-04
3.842538E+00  3.080E-04
3.842589E+00  3.157E-04
3.842639E+00  2.934E-04
3.842690E+00  2.454E-04
3.842740E+00  1.944E-04
3.842790E+00  1.603E-04
3.842840E+00  1.476E-04
3.842890E+00  1.521E-04
3.842940E+00  1.692E-04
3.842989E+00  1.952E-04
3.843038E+00  2.280E-04
3.843136E+00  3.041E-04
3.843184E+00  3.381E-04
3.843233E+00  3.578E-04
3.843281E+00  3.518E-04
3.843329E+00  3.285E-04
3.843377E+00  3.645E-04
3.843424E+00  5.004E-04
3.843472E+00  6.641E-04
3.843519E+00  8.567E-04
3.843566E+00  1.173E-03
3.843613E+00  1.475E-03
3.843659E+00  9.127E-04
3.843706E+00  4.387E-04
3.843752E+00  2.689E-04
3.843798E+00  2.033E-04
3.843844E+00  1.752E-04
3.843890E+00  1.638E-04
3.843935E+00  1.616E-04
3.843981E+00  1.656E-04
3.844026E+00  1.746E-04
3.844071E+00  1.886E-04
3.844116E+00  2.087E-04
3.844160E+00  2.380E-04
3.844205E+00  2.838E-04
3.844249E+00  3.687E-04
3.844293E+00  5.907E-04
3.844337E+00  2.053E-03
3.844381E+00  6.654E-04
3.844425E+00  1.491E-04
3.844468E+00  1.679E-04
3.844511E+00  2.165E-04
3.844554E+00  2.787E-04
3.844597E+00  3.643E-04
3.844640E+00  5.004E-04
3.844683E+00  7.600E-04
3.844725E+00  1.225E-03
3.844768E+00  1.615E-03
3.844810E+00  1.230E-03
3.844852E+00  7.691E-04
3.844894E+00  7.125E-04
3.844935E+00  9.913E-04
3.844977E+00  2.017E-03
3.845018E+00  1.938E-03
3.845059E+00  6.363E-04
3.845100E+00  4.015E-04
3.845141E+00  3.902E-04
3.845182E+00  4.394E-04
3.845222E+00  5.183E-04
3.845263E+00  6.234E-04
3.845303E+00  7.594E-04
3.845343E+00  9.342E-04
3.845383E+00  1.159E-03
3.845423E+00  1.448E-03
3.845462E+00  1.815E-03
3.845502E+00  2.262E-03
3.845541E+00  2.751E-03
3.845581E+00  3.284E-03
3.845658E+00  4.416E-03
3.845697E+00  4.928E-03
3.845736E+00  5.378E-03
3.845774E+00  5.724E-03
3.845813E+00  5.804E-03
3.845851E+00  5.273E-03
3.845889E+00  3.962E-03
3.845927E+00  2.419E-03
3.845965E+00  1.297E-03
3.846002E+00  6.817E-04
3.846040E+00  4.042E-04
3.846077E+00  3.080E-04
3.846114E+00  4.063E-04
3.846151E+00  7.190E-04
3.846188E+00  8.649E-04
3.846225E+00  8.412E-04
3.846262E+00  7.701E-04
3.846335E+00  6.049E-04
3.846371E+00  5.048E-04
3.846407E+00  3.953E-04
3.846443E+00  2.920E-04
3.846479E+00  2.116E-04
3.846515E+00  1.609E-04
3.846550E+00  1.369E-04
3.846586E+00  1.322E-04
3.846621E+00  1.405E-04
3.846656E+00  1.574E-04
3.846691E+00  1.801E-04
3.846726E+00  2.072E-04
3.846831E+00  2.996E-04
3.846865E+00  3.198E-04
3.846899E+00  3.188E-04
3.846934E+00  2.886E-04
3.846968E+00  2.383E-04
3.847002E+00  1.913E-04
3.847036E+00  1.642E-04
3.847069E+00  1.593E-04
3.847103E+00  1.718E-04
3.847136E+00  1.962E-04
3.847170E+00  2.281E-04
3.847203E+00  2.622E-04
3.847236E+00  2.909E-04
3.847269E+00  3.027E-04
3.847302E+00  2.891E-04
3.847335E+00  2.852E-04
3.847368E+00  3.651E-04
3.847400E+00  4.876E-04
3.847433E+00  6.033E-04
3.847465E+00  7.418E-04
3.847497E+00  9.930E-04
3.847529E+00  1.404E-03
3.847561E+00  1.147E-03
3.847593E+00  5.332E-04
3.847625E+00  2.944E-04
3.847657E+00  2.108E-04
3.847688E+00  1.789E-04
3.847720E+00  1.679E-04
3.847751E+00  1.676E-04
3.847782E+00  1.739E-04
3.847813E+00  1.855E-04
3.847844E+00  2.025E-04
3.847875E+00  2.264E-04
3.847906E+00  2.606E-04
3.847937E+00  3.142E-04
3.847967E+00  4.144E-04
3.847998E+00  6.861E-04
3.848028E+00  2.625E-03
3.848058E+00  4.817E-04
3.848088E+00  1.608E-04
3.848119E+00  2.009E-04
3.848148E+00  2.695E-04
3.848178E+00  3.628E-04
3.848208E+00  5.076E-04
3.848238E+00  7.739E-04
3.848267E+00  1.165E-03
3.848297E+00  1.473E-03
3.848326E+00  1.152E-03
3.848355E+00  6.920E-04
3.848384E+00  5.535E-04
3.848414E+00  6.139E-04
3.848442E+00  9.069E-04
3.848471E+00  1.878E-03
3.848500E+00  2.307E-03
3.848529E+00  6.965E-04
3.848557E+00  3.968E-04
3.848586E+00  3.769E-04
3.848614E+00  4.240E-04
3.848642E+00  5.002E-04
3.848671E+00  6.015E-04
3.848699E+00  7.319E-04
3.848727E+00  8.993E-04
3.848755E+00  1.115E-03
3.848782E+00  1.396E-03
3.848810E+00  1.749E-03
3.848838E+00  2.135E-03
3.848865E+00  2.585E-03
3.848893E+00  3.126E-03
3.848974E+00  4.886E-03
3.849001E+00  5.388E-03
3.849028E+00  5.751E-03
3.849055E+00  5.784E-03
3.849082E+00  5.169E-03
3.849109E+00  3.843E-03
3.849135E+00  2.366E-03
3.849162E+00  1.298E-03
3.849188E+00  7.023E-04
3.849215E+00  4.401E-04
3.849241E+00  4.463E-04
3.849267E+00  7.057E-04
3.849293E+00  9.253E-04
3.849319E+00  9.379E-04
3.849423E+00  5.952E-04
3.849474E+00  3.978E-04
3.849499E+00  2.988E-04
3.849525E+00  2.186E-04
3.849550E+00  1.654E-04
3.849575E+00  1.380E-04
3.849600E+00  1.306E-04
3.849625E+00  1.370E-04
3.849650E+00  1.526E-04
3.849675E+00  1.744E-04
3.849700E+00  2.006E-04
3.849774E+00  2.938E-04
3.849798E+00  3.205E-04
3.849823E+00  3.332E-04
3.849847E+00  3.210E-04
3.849871E+00  2.812E-04
3.849895E+00  2.291E-04
3.849919E+00  1.873E-04
3.849943E+00  1.678E-04
3.849967E+00  1.696E-04
3.849991E+00  1.867E-04
3.850039E+00  2.383E-04
3.850062E+00  2.529E-04
3.850086E+00  2.446E-04
3.850109E+00  2.414E-04
3.850133E+00  3.138E-04
3.850156E+00  4.125E-04
3.850202E+00  5.629E-04
3.850225E+00  6.800E-04
3.850249E+00  9.329E-04
3.850271E+00  1.364E-03
3.850294E+00  1.073E-03
3.850317E+00  4.834E-04
3.850340E+00  2.694E-04
3.850363E+00  1.983E-04
3.850385E+00  1.740E-04
3.850408E+00  1.685E-04
3.850430E+00  1.726E-04
3.850453E+00  1.830E-04
3.850475E+00  1.990E-04
3.850497E+00  2.210E-04
3.850519E+00  2.516E-04
3.850542E+00  2.964E-04
3.850564E+00  3.705E-04
3.850586E+00  5.261E-04
3.850607E+00  1.091E-03
3.850629E+00  3.281E-03
3.850651E+00  2.138E-04
3.850673E+00  1.914E-04
3.850694E+00  2.637E-04
3.850716E+00  3.662E-04
3.850738E+00  5.245E-04
3.850759E+00  8.097E-04
3.850780E+00  1.156E-03
3.850802E+00  1.386E-03
3.850823E+00  1.040E-03
3.850844E+00  6.294E-04
3.850865E+00  4.879E-04
3.850886E+00  5.028E-04
3.850907E+00  6.503E-04
3.850928E+00  1.080E-03
3.850949E+00  2.389E-03
3.850970E+00  1.625E-03
3.850991E+00  5.302E-04
3.851011E+00  3.720E-04
3.851032E+00  3.839E-04
3.851052E+00  4.413E-04
3.851073E+00  5.241E-04
3.851093E+00  6.321E-04
3.851114E+00  7.707E-04
3.851134E+00  9.489E-04
3.851154E+00  1.180E-03
3.851174E+00  1.478E-03
3.851195E+00  1.807E-03
3.851215E+00  2.182E-03
3.851235E+00  2.658E-03
3.851250E+00  3.082E-03
3.861220E+00  4.176E-05
3.911230E+00  3.507E-05
3.961230E+00  3.113E-05
4.011230E+00  2.935E-05
4.061230E+00  3.212E-05
4.111230E+00  3.585E-05
4.161230E+00  4.405E-05
4.211230E+00  4.785E-05
4.261230E+00  4.869E-05
4.311230E+00  4.367E-05
4.361230E+00  3.455E-05
4.411230E+00  2.339E-05
4.461230E+00  1.361E-05
4.511230E+00  7.975E-06
4.561230E+00  5.124E-06
4.611230E+00  4.209E-06
4.661230E+00  4.122E-06
4.711230E+00  4.218E-06
4.761230E+00  5.270E-06
4.811230E+00  7.955E-06
4.861230E+00  1.243E-05
4.911230E+00  1.811E-05
4.961230E+00  2.305E-05
5.011230E+00  2.505E-05
5.061230E+00  2.345E-05
5.111230E+00  1.925E-05
5.161230E+00  1.392E-05
5.211230E+00  8.927E-06
5.261230E+00  5.381E-06
5.311230E+00  3.554E-06
5.361230E+00  2.849E-06
5.411230E+00  2.500E-06
5.461230E+00  2.180E-06
5.511230E+00  2.163E-06
5.561230E+00  3.160E-06
5.611230E+00  5.743E-06
5.661230E+00  9.691E-06
5.711230E+00  1.395E-05
5.761230E+00  1.725E-05
5.811230E+00  1.860E-05
5.861230E+00  1.755E-05
5.911230E+00  1.436E-05
5.961230E+00  1.006E-05
6.011230E+00  5.994E-06
6.061230E+00  3.133E-06
6.111230E+00  1.680E-06
6.161230E+00  1.226E-06
6.211230E+00  1.148E-06
6.261230E+00  9.976E-07
6.311230E+00  7.387E-07
6.361230E+00  7.711E-07
6.411230E+00  1.652E-06
6.461230E+00  3.681E-06
6.511230E+00  6.649E-06
6.561230E+00  9.882E-06
6.611230E+00  1.249E-05
6.661230E+00  1.369E-05
6.711230E+00  1.306E-05
6.761230E+00  1.080E-05
6.861230E+00  4.517E-06
6.911230E+00  2.194E-06
6.961230E+00  9.517E-07
7.011230E+00  6.205E-07
7.111230E+00  8.880E-07
7.161230E+00  7.509E-07
7.211230E+00  4.174E-07
7.261230E+00  2.583E-07
7.311230E+00  7.265E-07
7.361230E+00  2.078E-06
7.411230E+00  4.201E-06
7.461230E+00  6.643E-06
7.511230E+00  8.775E-06
7.561230E+00  1.000E-05
7.611230E+00  9.981E-06
7.661230E+00  8.695E-06
7.711230E+00  6.530E-06
7.761230E+00  4.108E-06
7.811230E+00  2.067E-06
7.861230E+00  8.110E-07
7.911230E+00  3.856E-07
7.961230E+00  5.301E-07
8.011230E+00  8.471E-07
8.061230E+00  9.960E-07
8.111230E+00  8.309E-07
8.161230E+00  4.445E-07
8.211230E+00  1.239E-07
8.261230E+00  2.243E-07
8.311230E+00  1.002E-06
8.361230E+00  2.474E-06
8.411230E+00  4.370E-06
8.461230E+00  6.217E-06
8.511230E+00  7.517E-06
8.561230E+00  7.916E-06
8.611230E+00  7.327E-06
8.661230E+00  5.940E-06
8.711230E+00  4.134E-06
8.761230E+00  2.370E-06
8.811230E+00  1.037E-06
8.861230E+00  3.442E-07
8.911230E+00  2.719E-07
8.961230E+00  5.939E-07
9.011230E+00  9.875E-07
9.061230E+00  1.174E-06
9.111230E+00  1.030E-06
9.161230E+00  6.306E-07
9.211230E+00  2.056E-07
9.261230E+00  3.986E-08
9.311229E+00  3.576E-07
9.361229E+00  1.235E-06
9.411229E+00  2.563E-06
9.461229E+00  4.069E-06
9.511229E+00  5.390E-06
9.561229E+00  6.182E-06
9.611229E+00  6.238E-06
9.661229E+00  5.545E-06
9.711229E+00  4.296E-06
9.761229E+00  2.829E-06
9.811229E+00  1.493E-06
9.861229E+00  5.696E-07
9.911229E+00  1.726E-07
9.961229E+00  2.503E-07
1.001123E+01  6.164E-07
1.006123E+01  1.028E-06
1.057708E+01  8.848E-07
1.111938E+01  7.616E-07
1.168949E+01  6.555E-07
1.228882E+01  5.642E-07
1.291889E+01  4.856E-07
1.358125E+01  4.180E-07
1.427758E+01  3.597E-07
1.500961E+01  3.096E-07
1.577918E+01  2.665E-07
1.658819E+01  2.294E-07
1.743869E+01  1.974E-07
1.833280E+01  1.699E-07
1.927274E+01  1.463E-07
2.026088E+01  1.259E-07
2.129968E+01  1.083E-07
2.239175E+01  9.326E-08
2.353980E+01  8.027E-08
2.474672E+01  6.909E-08
2.601551E+01  5.946E-08
2.734936E+01  5.118E-08
2.875160E+01  4.405E-08
3.022573E+01  3.792E-08
3.177544E+01  3.263E-08
3.340461E+01  2.809E-08
3.511731E+01  2.418E-08
3.691782E+01  2.081E-08
3.881064E+01  1.791E-08
