# photon energy(Ry), cross section(Mb)
1.217027E-01  1.479E+01
1.237027E-01  1.441E+01
1.257027E-01  1.404E+01
1.277027E-01  1.369E+01
1.297027E-01  1.336E+01
1.317027E-01  1.304E+01
1.337027E-01  1.273E+01
1.357027E-01  1.243E+01
1.377027E-01  1.215E+01
1.397027E-01  1.187E+01
1.417027E-01  1.161E+01
1.437027E-01  1.135E+01
1.457027E-01  1.111E+01
1.477027E-01  1.087E+01
1.497027E-01  1.064E+01
1.517027E-01  1.042E+01
1.537027E-01  1.020E+01
1.557027E-01  9.990E+00
1.577027E-01  9.787E+00
1.597027E-01  9.589E+00
1.617027E-01  9.397E+00
1.637027E-01  9.211E+00
1.657027E-01  9.029E+00
1.677027E-01  8.852E+00
1.697027E-01  8.680E+00
1.717027E-01  8.511E+00
1.737027E-01  8.348E+00
1.757027E-01  8.187E+00
1.777027E-01  8.031E+00
1.797027E-01  7.879E+00
1.817027E-01  7.730E+00
1.837027E-01  7.584E+00
1.857027E-01  7.442E+00
1.877027E-01  7.303E+00
1.897027E-01  7.167E+00
1.917027E-01  7.034E+00
1.937027E-01  6.905E+00
1.957027E-01  6.778E+00
1.977027E-01  6.654E+00
1.997027E-01  6.532E+00
2.017027E-01  6.414E+00
2.037027E-01  6.298E+00
2.057027E-01  6.185E+00
2.077027E-01  6.074E+00
2.097027E-01  5.966E+00
2.117027E-01  5.860E+00
2.137027E-01  5.757E+00
2.157027E-01  5.656E+00
2.177027E-01  5.558E+00
2.197027E-01  5.462E+00
2.217027E-01  5.368E+00
2.237027E-01  5.276E+00
2.257027E-01  5.187E+00
2.277027E-01  5.100E+00
2.297027E-01  5.015E+00
2.317027E-01  4.932E+00
2.337027E-01  4.851E+00
2.357027E-01  4.772E+00
2.377027E-01  4.695E+00
2.397027E-01  4.620E+00
2.417027E-01  4.546E+00
2.437027E-01  4.475E+00
2.457027E-01  4.406E+00
2.477027E-01  4.338E+00
2.497027E-01  4.272E+00
2.517027E-01  4.207E+00
2.537027E-01  4.145E+00
2.557027E-01  4.083E+00
2.577027E-01  4.024E+00
2.597027E-01  3.966E+00
2.617027E-01  3.909E+00
2.637027E-01  3.854E+00
2.657027E-01  3.800E+00
2.677027E-01  3.747E+00
2.697027E-01  3.696E+00
2.717027E-01  3.646E+00
2.737027E-01  3.598E+00
2.757027E-01  3.550E+00
2.777027E-01  3.503E+00
2.797027E-01  3.458E+00
2.817027E-01  3.414E+00
2.837027E-01  3.371E+00
2.857027E-01  3.328E+00
2.877027E-01  3.287E+00
2.897027E-01  3.246E+00
2.917027E-01  3.207E+00
2.937027E-01  3.168E+00
2.957027E-01  3.130E+00
2.977027E-01  3.093E+00
2.997027E-01  3.057E+00
3.017027E-01  3.021E+00
3.037027E-01  2.986E+00
3.057027E-01  2.952E+00
3.077027E-01  2.918E+00
3.097027E-01  2.885E+00
3.117027E-01  2.852E+00
3.137027E-01  2.820E+00
3.157027E-01  2.789E+00
3.177027E-01  2.758E+00
3.197027E-01  2.728E+00
3.217027E-01  2.698E+00
3.237027E-01  2.668E+00
3.257027E-01  2.639E+00
3.277027E-01  2.610E+00
3.297027E-01  2.582E+00
3.317027E-01  2.554E+00
3.337027E-01  2.527E+00
3.357027E-01  2.500E+00
3.377027E-01  2.473E+00
3.397027E-01  2.446E+00
3.417027E-01  2.420E+00
3.437027E-01  2.394E+00
3.457027E-01  2.369E+00
3.477027E-01  2.343E+00
3.497027E-01  2.318E+00
3.517027E-01  2.294E+00
3.537027E-01  2.269E+00
3.557027E-01  2.245E+00
3.577027E-01  2.221E+00
3.597027E-01  2.198E+00
3.617027E-01  2.174E+00
3.637027E-01  2.151E+00
3.657027E-01  2.128E+00
3.677027E-01  2.105E+00
3.697027E-01  2.083E+00
3.717027E-01  2.061E+00
3.737027E-01  2.039E+00
3.757027E-01  2.017E+00
3.777027E-01  1.996E+00
3.797027E-01  1.974E+00
3.817027E-01  1.953E+00
3.837027E-01  1.933E+00
3.857027E-01  1.912E+00
3.877027E-01  1.892E+00
3.897027E-01  1.872E+00
3.917027E-01  1.852E+00
3.937027E-01  1.832E+00
3.957027E-01  1.813E+00
3.977027E-01  1.794E+00
3.997027E-01  1.775E+00
4.017027E-01  1.756E+00
4.037027E-01  1.738E+00
4.057027E-01  1.719E+00
4.077027E-01  1.701E+00
4.097027E-01  1.684E+00
4.117027E-01  1.666E+00
4.137027E-01  1.649E+00
4.157027E-01  1.632E+00
4.177027E-01  1.615E+00
4.197027E-01  1.599E+00
4.217027E-01  1.582E+00
4.237027E-01  1.566E+00
4.257027E-01  1.550E+00
4.277027E-01  1.535E+00
4.297027E-01  1.520E+00
4.317027E-01  1.504E+00
4.337027E-01  1.490E+00
4.357027E-01  1.475E+00
4.377027E-01  1.461E+00
4.397027E-01  1.446E+00
4.417027E-01  1.432E+00
4.437027E-01  1.419E+00
4.457027E-01  1.405E+00
4.477027E-01  1.392E+00
4.497027E-01  1.379E+00
4.517027E-01  1.366E+00
4.537027E-01  1.354E+00
4.557027E-01  1.341E+00
4.577027E-01  1.329E+00
4.597027E-01  1.317E+00
4.617027E-01  1.305E+00
4.637027E-01  1.294E+00
4.657027E-01  1.283E+00
4.677027E-01  1.271E+00
4.697027E-01  1.261E+00
4.717027E-01  1.250E+00
4.737027E-01  1.239E+00
4.757027E-01  1.229E+00
4.777027E-01  1.219E+00
4.797027E-01  1.209E+00
4.817027E-01  1.199E+00
4.837027E-01  1.189E+00
4.857027E-01  1.180E+00
4.877027E-01  1.170E+00
4.897027E-01  1.161E+00
4.917027E-01  1.152E+00
4.937027E-01  1.143E+00
4.957027E-01  1.135E+00
4.977027E-01  1.126E+00
4.997027E-01  1.117E+00
5.017027E-01  1.109E+00
5.037027E-01  1.101E+00
5.057027E-01  1.093E+00
5.077027E-01  1.085E+00
5.097027E-01  1.077E+00
5.117027E-01  1.069E+00
5.137027E-01  1.062E+00
5.157027E-01  1.054E+00
5.177027E-01  1.047E+00
5.197027E-01  1.040E+00
5.217027E-01  1.032E+00
5.237027E-01  1.025E+00
5.257027E-01  1.018E+00
5.277027E-01  1.011E+00
5.297027E-01  1.005E+00
5.317027E-01  9.977E-01
5.337027E-01  9.910E-01
5.357027E-01  9.844E-01
5.377027E-01  9.778E-01
5.397027E-01  9.713E-01
5.417027E-01  9.649E-01
5.437027E-01  9.585E-01
5.457027E-01  9.522E-01
5.477027E-01  9.459E-01
5.497027E-01  9.397E-01
5.517027E-01  9.335E-01
5.537027E-01  9.274E-01
5.557027E-01  9.213E-01
5.577027E-01  9.152E-01
5.597027E-01  9.092E-01
5.617027E-01  9.032E-01
5.637027E-01  8.973E-01
5.657027E-01  8.914E-01
5.677027E-01  8.855E-01
5.697027E-01  8.797E-01
5.717027E-01  8.739E-01
5.737027E-01  8.681E-01
5.757027E-01  8.624E-01
5.777027E-01  8.566E-01
5.797027E-01  8.509E-01
5.817027E-01  8.453E-01
5.837027E-01  8.396E-01
5.857027E-01  8.340E-01
5.877027E-01  8.284E-01
5.897027E-01  8.228E-01
5.917027E-01  8.172E-01
5.937027E-01  8.117E-01
5.957027E-01  8.062E-01
5.977027E-01  8.007E-01
5.997027E-01  7.952E-01
6.017027E-01  7.897E-01
6.037027E-01  7.843E-01
6.057027E-01  7.789E-01
6.077027E-01  7.735E-01
6.097027E-01  7.681E-01
6.117027E-01  7.628E-01
6.137027E-01  7.574E-01
6.157027E-01  7.521E-01
6.177027E-01  7.468E-01
6.197027E-01  7.416E-01
6.217027E-01  7.363E-01
6.237027E-01  7.311E-01
6.257027E-01  7.259E-01
6.277027E-01  7.208E-01
6.297027E-01  7.156E-01
6.317027E-01  7.105E-01
6.337027E-01  7.054E-01
6.357027E-01  7.004E-01
6.377027E-01  6.954E-01
6.397027E-01  6.904E-01
6.417027E-01  6.854E-01
6.437027E-01  6.805E-01
6.457027E-01  6.756E-01
6.477027E-01  6.707E-01
6.497027E-01  6.659E-01
6.517027E-01  6.611E-01
6.537027E-01  6.563E-01
6.557027E-01  6.516E-01
6.577027E-01  6.469E-01
6.597027E-01  6.423E-01
6.617027E-01  6.377E-01
6.637027E-01  6.331E-01
6.657027E-01  6.286E-01
6.677027E-01  6.241E-01
6.697027E-01  6.196E-01
6.717027E-01  6.152E-01
6.737027E-01  6.109E-01
6.757027E-01  6.065E-01
6.777027E-01  6.023E-01
6.797027E-01  5.980E-01
6.817027E-01  5.938E-01
6.837027E-01  5.897E-01
6.857027E-01  5.856E-01
6.877027E-01  5.815E-01
6.897027E-01  5.775E-01
6.917027E-01  5.736E-01
6.937027E-01  5.697E-01
6.957027E-01  5.658E-01
6.977027E-01  5.620E-01
6.997027E-01  5.582E-01
7.017027E-01  5.545E-01
7.037027E-01  5.508E-01
7.057027E-01  5.472E-01
7.077027E-01  5.436E-01
7.097027E-01  5.400E-01
7.117027E-01  5.366E-01
7.137027E-01  5.331E-01
7.157027E-01  5.297E-01
7.177027E-01  5.264E-01
7.197027E-01  5.231E-01
7.217027E-01  5.198E-01
7.237027E-01  5.166E-01
7.257027E-01  5.134E-01
7.277027E-01  5.103E-01
7.297027E-01  5.073E-01
7.317027E-01  5.042E-01
7.337027E-01  5.013E-01
7.357027E-01  4.983E-01
7.377027E-01  4.954E-01
7.397027E-01  4.926E-01
7.417027E-01  4.898E-01
7.437027E-01  4.870E-01
7.457027E-01  4.843E-01
7.477027E-01  4.816E-01
7.497027E-01  4.789E-01
7.517027E-01  4.763E-01
7.537027E-01  4.737E-01
7.557027E-01  4.712E-01
7.577027E-01  4.687E-01
7.597027E-01  4.663E-01
7.617027E-01  4.638E-01
7.637027E-01  4.615E-01
7.657027E-01  4.591E-01
7.677027E-01  4.568E-01
7.697027E-01  4.545E-01
7.717027E-01  4.522E-01
7.737027E-01  4.500E-01
7.757027E-01  4.478E-01
7.777027E-01  4.456E-01
7.797027E-01  4.435E-01
7.817027E-01  4.414E-01
7.837027E-01  4.393E-01
7.857027E-01  4.373E-01
7.877027E-01  4.352E-01
7.897027E-01  4.332E-01
7.917027E-01  4.312E-01
7.937027E-01  4.293E-01
7.957027E-01  4.273E-01
7.977027E-01  4.254E-01
7.997027E-01  4.235E-01
8.017027E-01  4.216E-01
8.037027E-01  4.198E-01
8.057027E-01  4.179E-01
8.077027E-01  4.161E-01
8.097027E-01  4.143E-01
8.117027E-01  4.125E-01
8.137027E-01  4.107E-01
8.157027E-01  4.089E-01
8.177027E-01  4.071E-01
8.197027E-01  4.054E-01
8.217027E-01  4.037E-01
8.237027E-01  4.019E-01
8.257027E-01  4.002E-01
8.277027E-01  3.985E-01
8.297027E-01  3.968E-01
8.317027E-01  3.951E-01
8.337027E-01  3.934E-01
8.357027E-01  3.918E-01
8.377027E-01  3.901E-01
8.397027E-01  3.884E-01
8.417027E-01  3.868E-01
8.437027E-01  3.851E-01
8.457027E-01  3.835E-01
8.477027E-01  3.818E-01
8.497027E-01  3.802E-01
8.517027E-01  3.785E-01
8.537027E-01  3.769E-01
8.557027E-01  3.752E-01
8.577027E-01  3.736E-01
8.597027E-01  3.720E-01
8.617027E-01  3.703E-01
8.637027E-01  3.687E-01
8.657027E-01  3.670E-01
8.677027E-01  3.654E-01
8.697027E-01  3.638E-01
8.717027E-01  3.621E-01
8.737027E-01  3.605E-01
8.757027E-01  3.589E-01
8.777027E-01  3.572E-01
8.797027E-01  3.556E-01
8.817027E-01  3.539E-01
8.837027E-01  3.523E-01
8.857027E-01  3.506E-01
8.877027E-01  3.490E-01
8.897027E-01  3.473E-01
8.917027E-01  3.457E-01
8.937027E-01  3.440E-01
8.957027E-01  3.424E-01
8.977027E-01  3.407E-01
8.997027E-01  3.391E-01
9.017027E-01  3.374E-01
9.037027E-01  3.358E-01
9.057027E-01  3.341E-01
9.077027E-01  3.325E-01
9.097027E-01  3.308E-01
9.117027E-01  3.291E-01
9.137027E-01  3.275E-01
9.157027E-01  3.258E-01
9.177027E-01  3.242E-01
9.197027E-01  3.225E-01
9.217027E-01  3.208E-01
9.237027E-01  3.192E-01
9.257027E-01  3.175E-01
9.277027E-01  3.159E-01
9.297027E-01  3.142E-01
9.317027E-01  3.126E-01
9.337027E-01  3.109E-01
9.357027E-01  3.093E-01
9.377027E-01  3.076E-01
9.397027E-01  3.060E-01
9.417027E-01  3.043E-01
9.437027E-01  3.027E-01
9.457027E-01  3.011E-01
9.477027E-01  2.994E-01
9.497027E-01  2.978E-01
9.517027E-01  2.962E-01
9.537027E-01  2.946E-01
9.557027E-01  2.930E-01
9.577027E-01  2.914E-01
9.597027E-01  2.898E-01
9.617027E-01  2.882E-01
9.637027E-01  2.866E-01
9.657027E-01  2.851E-01
9.677027E-01  2.835E-01
9.697027E-01  2.819E-01
9.717027E-01  2.804E-01
9.737027E-01  2.789E-01
9.757027E-01  2.773E-01
9.777027E-01  2.758E-01
9.797027E-01  2.743E-01
9.817027E-01  2.728E-01
9.837027E-01  2.713E-01
9.857027E-01  2.698E-01
9.877027E-01  2.684E-01
9.897027E-01  2.669E-01
9.917027E-01  2.655E-01
9.937027E-01  2.640E-01
9.957027E-01  2.626E-01
9.977027E-01  2.612E-01
9.997027E-01  2.598E-01
1.001703E+00  2.584E-01
1.003703E+00  2.570E-01
1.005703E+00  2.557E-01
1.007703E+00  2.543E-01
1.009703E+00  2.530E-01
1.011703E+00  2.517E-01
1.013703E+00  2.503E-01
1.015703E+00  2.490E-01
1.017703E+00  2.478E-01
1.019703E+00  2.465E-01
1.021703E+00  2.452E-01
1.023703E+00  2.440E-01
1.025703E+00  2.428E-01
1.027703E+00  2.416E-01
1.029703E+00  2.404E-01
1.031703E+00  2.392E-01
1.033703E+00  2.380E-01
1.035703E+00  2.368E-01
1.037703E+00  2.357E-01
1.039703E+00  2.346E-01
1.041703E+00  2.335E-01
1.043703E+00  2.324E-01
1.045703E+00  2.313E-01
1.047703E+00  2.302E-01
1.049703E+00  2.291E-01
1.051703E+00  2.281E-01
1.053703E+00  2.271E-01
1.055703E+00  2.260E-01
1.057703E+00  2.250E-01
1.059703E+00  2.241E-01
1.061703E+00  2.231E-01
1.063703E+00  2.221E-01
1.065703E+00  2.212E-01
1.067703E+00  2.202E-01
1.069703E+00  2.193E-01
1.071703E+00  2.184E-01
1.073703E+00  2.175E-01
1.075703E+00  2.166E-01
1.077703E+00  2.158E-01
1.079703E+00  2.149E-01
1.081703E+00  2.141E-01
1.083703E+00  2.132E-01
1.085703E+00  2.124E-01
1.087703E+00  2.116E-01
1.089703E+00  2.108E-01
1.091703E+00  2.100E-01
1.093703E+00  2.092E-01
1.095703E+00  2.085E-01
1.097703E+00  2.077E-01
1.099703E+00  2.070E-01
1.101703E+00  2.063E-01
1.103703E+00  2.055E-01
1.105703E+00  2.048E-01
1.107703E+00  2.041E-01
1.109703E+00  2.034E-01
1.111703E+00  2.027E-01
1.113703E+00  2.021E-01
1.115703E+00  2.014E-01
1.117703E+00  2.007E-01
1.119703E+00  2.001E-01
1.121703E+00  1.994E-01
1.123703E+00  1.988E-01
1.125703E+00  1.982E-01
1.127703E+00  1.975E-01
1.129703E+00  1.969E-01
1.131703E+00  1.963E-01
1.133703E+00  1.957E-01
1.135703E+00  1.951E-01
1.137703E+00  1.945E-01
1.139703E+00  1.939E-01
1.141703E+00  1.934E-01
1.143703E+00  1.928E-01
1.145703E+00  1.922E-01
1.147703E+00  1.916E-01
1.149703E+00  1.911E-01
1.151703E+00  1.905E-01
1.153703E+00  1.900E-01
1.155703E+00  1.894E-01
1.157703E+00  1.889E-01
1.159703E+00  1.883E-01
1.161703E+00  1.878E-01
1.163703E+00  1.872E-01
1.165703E+00  1.867E-01
1.167703E+00  1.862E-01
1.169703E+00  1.856E-01
1.171703E+00  1.851E-01
1.173703E+00  1.845E-01
1.175703E+00  1.840E-01
1.177703E+00  1.835E-01
1.179703E+00  1.830E-01
1.181703E+00  1.824E-01
1.183703E+00  1.819E-01
1.185703E+00  1.814E-01
1.187703E+00  1.808E-01
1.189703E+00  1.803E-01
1.191703E+00  1.798E-01
1.193703E+00  1.792E-01
1.195703E+00  1.787E-01
1.197703E+00  1.782E-01
1.199703E+00  1.776E-01
1.201703E+00  1.771E-01
1.203703E+00  1.765E-01
1.205703E+00  1.760E-01
1.207703E+00  1.755E-01
1.209703E+00  1.749E-01
1.211703E+00  1.744E-01
1.213703E+00  1.738E-01
1.215703E+00  1.733E-01
1.217703E+00  1.727E-01
1.219703E+00  1.722E-01
1.221703E+00  1.716E-01
1.223703E+00  1.711E-01
1.225703E+00  1.705E-01
1.227703E+00  1.699E-01
1.229703E+00  1.694E-01
1.231703E+00  1.688E-01
1.233703E+00  1.682E-01
1.235703E+00  1.676E-01
1.237703E+00  1.671E-01
1.239703E+00  1.665E-01
1.241703E+00  1.659E-01
1.243703E+00  1.653E-01
1.245703E+00  1.647E-01
1.247703E+00  1.641E-01
1.249703E+00  1.636E-01
1.251703E+00  1.630E-01
1.253703E+00  1.624E-01
1.255703E+00  1.618E-01
1.257703E+00  1.612E-01
1.259703E+00  1.605E-01
1.261703E+00  1.599E-01
1.263703E+00  1.593E-01
1.265703E+00  1.587E-01
1.267703E+00  1.581E-01
1.269703E+00  1.575E-01
1.271703E+00  1.569E-01
1.273703E+00  1.562E-01
1.275703E+00  1.556E-01
1.277703E+00  1.550E-01
1.279703E+00  1.544E-01
1.281703E+00  1.537E-01
1.283703E+00  1.531E-01
1.285703E+00  1.525E-01
1.287703E+00  1.518E-01
1.289703E+00  1.512E-01
1.291703E+00  1.506E-01
1.293703E+00  1.499E-01
1.295703E+00  1.493E-01
1.297703E+00  1.487E-01
1.299703E+00  1.480E-01
1.301703E+00  1.474E-01
1.303703E+00  1.467E-01
1.305703E+00  1.461E-01
1.307703E+00  1.455E-01
1.309703E+00  1.448E-01
1.311703E+00  1.442E-01
1.313703E+00  1.435E-01
1.315703E+00  1.429E-01
1.317703E+00  1.423E-01
1.319703E+00  1.416E-01
1.321703E+00  1.410E-01
1.323703E+00  1.404E-01
1.325703E+00  1.397E-01
1.327703E+00  1.391E-01
1.329703E+00  1.385E-01
1.331703E+00  1.378E-01
1.333703E+00  1.372E-01
1.335703E+00  1.366E-01
1.337703E+00  1.360E-01
1.339703E+00  1.353E-01
1.341703E+00  1.347E-01
1.343703E+00  1.341E-01
1.345703E+00  1.335E-01
1.347703E+00  1.329E-01
1.349703E+00  1.323E-01
1.351703E+00  1.317E-01
1.353703E+00  1.311E-01
1.355703E+00  1.304E-01
1.357703E+00  1.299E-01
1.359703E+00  1.293E-01
1.361703E+00  1.287E-01
1.363703E+00  1.281E-01
1.365703E+00  1.275E-01
1.367703E+00  1.269E-01
1.369703E+00  1.263E-01
1.371703E+00  1.258E-01
1.373703E+00  1.252E-01
1.375703E+00  1.246E-01
1.377703E+00  1.241E-01
1.379703E+00  1.235E-01
1.381703E+00  1.230E-01
1.383703E+00  1.224E-01
1.385703E+00  1.219E-01
1.387703E+00  1.214E-01
1.389703E+00  1.208E-01
1.391703E+00  1.203E-01
1.393703E+00  1.198E-01
1.395703E+00  1.193E-01
1.397703E+00  1.188E-01
1.399703E+00  1.182E-01
1.401703E+00  1.177E-01
1.403703E+00  1.173E-01
1.405703E+00  1.168E-01
1.407703E+00  1.163E-01
1.409703E+00  1.158E-01
1.411703E+00  1.153E-01
1.413703E+00  1.148E-01
1.415703E+00  1.144E-01
1.417703E+00  1.139E-01
1.419703E+00  1.135E-01
1.421703E+00  1.130E-01
1.423703E+00  1.126E-01
1.425703E+00  1.121E-01
1.427703E+00  1.117E-01
1.429703E+00  1.113E-01
1.431703E+00  1.109E-01
1.433703E+00  1.105E-01
1.435703E+00  1.100E-01
1.437703E+00  1.096E-01
1.439703E+00  1.092E-01
1.441703E+00  1.088E-01
1.443703E+00  1.085E-01
1.445703E+00  1.081E-01
1.447703E+00  1.077E-01
1.449703E+00  1.073E-01
1.451703E+00  1.070E-01
1.453703E+00  1.066E-01
1.455703E+00  1.062E-01
1.457703E+00  1.059E-01
1.459703E+00  1.055E-01
1.461703E+00  1.052E-01
1.463703E+00  1.049E-01
1.465703E+00  1.045E-01
1.467703E+00  1.042E-01
1.469703E+00  1.039E-01
1.471703E+00  1.036E-01
1.473703E+00  1.033E-01
1.475703E+00  1.030E-01
1.477703E+00  1.027E-01
1.479703E+00  1.024E-01
1.481703E+00  1.021E-01
1.483703E+00  1.018E-01
1.485703E+00  1.015E-01
1.487703E+00  1.012E-01
1.489703E+00  1.009E-01
1.491703E+00  1.007E-01
1.493703E+00  1.004E-01
1.495703E+00  1.001E-01
1.497703E+00  9.986E-02
1.499703E+00  9.960E-02
1.501703E+00  9.935E-02
1.503703E+00  9.910E-02
1.505703E+00  9.885E-02
1.507703E+00  9.861E-02
1.509703E+00  9.836E-02
1.511703E+00  9.813E-02
1.513703E+00  9.789E-02
1.515703E+00  9.766E-02
1.517703E+00  9.743E-02
1.519703E+00  9.721E-02
1.521703E+00  9.698E-02
1.523703E+00  9.676E-02
1.525703E+00  9.654E-02
1.527703E+00  9.633E-02
1.529703E+00  9.611E-02
1.531703E+00  9.590E-02
1.533703E+00  9.569E-02
1.535703E+00  9.549E-02
1.537703E+00  9.528E-02
1.539703E+00  9.508E-02
1.541703E+00  9.487E-02
1.543703E+00  9.467E-02
1.545703E+00  9.447E-02
1.547703E+00  9.428E-02
1.549703E+00  9.408E-02
1.551703E+00  9.388E-02
1.553703E+00  9.369E-02
1.555703E+00  9.350E-02
1.557703E+00  9.330E-02
1.559703E+00  9.311E-02
1.561703E+00  9.292E-02
1.563703E+00  9.273E-02
1.565703E+00  9.254E-02
1.567703E+00  9.235E-02
1.569703E+00  9.216E-02
1.571703E+00  9.197E-02
1.573703E+00  9.178E-02
1.575703E+00  9.159E-02
1.577703E+00  9.140E-02
1.579703E+00  9.121E-02
1.581703E+00  9.102E-02
1.583703E+00  9.083E-02
1.585703E+00  9.064E-02
1.587703E+00  9.045E-02
1.589703E+00  9.026E-02
1.591703E+00  9.006E-02
1.593703E+00  8.987E-02
1.595703E+00  8.968E-02
1.597703E+00  8.948E-02
1.599703E+00  8.929E-02
1.601703E+00  8.909E-02
1.603703E+00  8.889E-02
1.605703E+00  8.869E-02
1.607703E+00  8.849E-02
1.609703E+00  8.829E-02
1.611703E+00  8.809E-02
1.613703E+00  8.789E-02
1.615703E+00  8.768E-02
1.617703E+00  8.747E-02
1.619703E+00  8.727E-02
1.621703E+00  8.706E-02
1.623703E+00  8.684E-02
1.625703E+00  8.663E-02
1.627703E+00  8.642E-02
1.629703E+00  8.620E-02
1.631703E+00  8.598E-02
1.633703E+00  8.576E-02
1.635703E+00  8.554E-02
1.637703E+00  8.532E-02
1.639703E+00  8.510E-02
1.641703E+00  8.487E-02
1.643703E+00  8.464E-02
1.645703E+00  8.441E-02
1.647703E+00  8.418E-02
1.649703E+00  8.395E-02
1.651703E+00  8.371E-02
1.653703E+00  8.347E-02
1.655703E+00  8.323E-02
1.657703E+00  8.299E-02
1.659703E+00  8.275E-02
1.661703E+00  8.251E-02
1.663703E+00  8.226E-02
1.665703E+00  8.201E-02
1.667703E+00  8.176E-02
1.669703E+00  8.151E-02
1.671703E+00  8.125E-02
1.673703E+00  8.100E-02
1.675703E+00  8.074E-02
1.677703E+00  8.048E-02
1.679703E+00  8.022E-02
1.681703E+00  7.996E-02
1.683703E+00  7.970E-02
1.685703E+00  7.943E-02
1.687703E+00  7.916E-02
1.689703E+00  7.889E-02
1.691703E+00  7.862E-02
1.693703E+00  7.835E-02
1.695703E+00  7.808E-02
1.697703E+00  7.780E-02
1.699703E+00  7.753E-02
1.701703E+00  7.725E-02
1.703703E+00  7.697E-02
1.705703E+00  7.669E-02
1.707703E+00  7.641E-02
1.709703E+00  7.613E-02
1.711703E+00  7.585E-02
1.713703E+00  7.557E-02
1.715703E+00  7.528E-02
1.717703E+00  7.499E-02
1.719703E+00  7.471E-02
1.721703E+00  7.442E-02
1.723703E+00  7.413E-02
1.725703E+00  7.384E-02
1.727703E+00  7.356E-02
1.729703E+00  7.327E-02
1.731703E+00  7.298E-02
1.733703E+00  7.268E-02
1.735703E+00  7.239E-02
1.737703E+00  7.210E-02
1.739703E+00  7.181E-02
1.741703E+00  7.152E-02
1.743703E+00  7.123E-02
1.745703E+00  7.094E-02
1.747703E+00  7.064E-02
1.749703E+00  7.035E-02
1.751703E+00  7.006E-02
1.753703E+00  6.977E-02
1.755703E+00  6.948E-02
1.757703E+00  6.919E-02
1.759703E+00  6.889E-02
1.761703E+00  6.860E-02
1.763703E+00  6.832E-02
1.765703E+00  6.803E-02
1.767703E+00  6.774E-02
1.769703E+00  6.745E-02
1.771703E+00  6.716E-02
1.773703E+00  6.688E-02
1.775703E+00  6.659E-02
1.777703E+00  6.631E-02
1.779703E+00  6.602E-02
1.781703E+00  6.574E-02
1.783703E+00  6.546E-02
1.785703E+00  6.518E-02
1.787703E+00  6.490E-02
1.789703E+00  6.462E-02
1.791703E+00  6.435E-02
1.793703E+00  6.407E-02
1.795703E+00  6.380E-02
1.797703E+00  6.353E-02
1.799703E+00  6.325E-02
1.801703E+00  6.298E-02
1.803703E+00  6.272E-02
1.805703E+00  6.245E-02
1.807703E+00  6.219E-02
1.809703E+00  6.192E-02
1.811703E+00  6.166E-02
1.813703E+00  6.140E-02
1.815703E+00  6.115E-02
1.817703E+00  6.089E-02
1.819703E+00  6.064E-02
1.821703E+00  6.039E-02
1.823703E+00  6.014E-02
1.825703E+00  5.989E-02
1.827703E+00  5.964E-02
1.829703E+00  5.940E-02
1.831703E+00  5.916E-02
1.833703E+00  5.892E-02
1.835703E+00  5.868E-02
1.837703E+00  5.845E-02
1.839703E+00  5.822E-02
1.841703E+00  5.799E-02
1.843703E+00  5.776E-02
1.845703E+00  5.753E-02
1.847703E+00  5.731E-02
1.849703E+00  5.709E-02
1.851703E+00  5.687E-02
1.853703E+00  5.665E-02
1.855703E+00  5.644E-02
1.857703E+00  5.623E-02
1.859703E+00  5.602E-02
1.861703E+00  5.581E-02
1.863703E+00  5.560E-02
1.865703E+00  5.540E-02
1.867703E+00  5.520E-02
1.869703E+00  5.500E-02
1.871703E+00  5.481E-02
1.873703E+00  5.462E-02
1.875703E+00  5.443E-02
1.877703E+00  5.424E-02
1.879703E+00  5.405E-02
1.881703E+00  5.387E-02
1.883703E+00  5.369E-02
1.885703E+00  5.351E-02
1.887703E+00  5.333E-02
1.889703E+00  5.316E-02
1.891703E+00  5.299E-02
1.893703E+00  5.282E-02
1.895703E+00  5.265E-02
1.897703E+00  5.249E-02
1.899703E+00  5.233E-02
1.901703E+00  5.217E-02
1.903703E+00  5.201E-02
1.905703E+00  5.185E-02
1.907703E+00  5.170E-02
1.909703E+00  5.155E-02
1.911703E+00  5.140E-02
1.913703E+00  5.125E-02
1.915703E+00  5.111E-02
1.917703E+00  5.097E-02
1.919703E+00  5.083E-02
1.921703E+00  5.069E-02
1.923703E+00  5.055E-02
1.925703E+00  5.042E-02
1.927703E+00  5.029E-02
1.929703E+00  5.016E-02
1.931703E+00  5.003E-02
1.933703E+00  4.990E-02
1.935703E+00  4.978E-02
1.937703E+00  4.965E-02
1.939703E+00  4.953E-02
1.941703E+00  4.941E-02
1.943703E+00  4.930E-02
1.945703E+00  4.918E-02
1.947703E+00  4.907E-02
1.949703E+00  4.895E-02
1.951703E+00  4.884E-02
1.953703E+00  4.873E-02
1.955703E+00  4.863E-02
1.957703E+00  4.852E-02
1.959703E+00  4.841E-02
1.961703E+00  4.831E-02
1.963703E+00  4.821E-02
1.965703E+00  4.811E-02
1.967703E+00  4.801E-02
1.969703E+00  4.791E-02
1.971703E+00  4.781E-02
1.973703E+00  4.771E-02
1.975703E+00  4.762E-02
1.977703E+00  4.752E-02
1.979703E+00  4.743E-02
1.981703E+00  4.734E-02
1.983703E+00  4.725E-02
1.985703E+00  4.716E-02
1.987703E+00  4.707E-02
1.989703E+00  4.698E-02
1.991703E+00  4.689E-02
1.993703E+00  4.680E-02
1.995703E+00  4.672E-02
1.997703E+00  4.663E-02
1.999703E+00  4.654E-02
2.001703E+00  4.646E-02
2.003703E+00  4.637E-02
2.005703E+00  4.629E-02
2.007703E+00  4.621E-02
2.009703E+00  4.612E-02
2.011703E+00  4.604E-02
2.013703E+00  4.596E-02
2.015703E+00  4.587E-02
2.017703E+00  4.579E-02
2.019703E+00  4.571E-02
2.021703E+00  4.563E-02
2.023703E+00  4.554E-02
2.025703E+00  4.546E-02
2.027703E+00  4.538E-02
2.029703E+00  4.530E-02
2.031703E+00  4.521E-02
2.033703E+00  4.513E-02
2.035703E+00  4.505E-02
2.037703E+00  4.497E-02
2.039703E+00  4.488E-02
2.041703E+00  4.480E-02
2.043703E+00  4.471E-02
2.045703E+00  4.463E-02
2.047703E+00  4.455E-02
2.049703E+00  4.446E-02
2.051703E+00  4.437E-02
2.053703E+00  4.429E-02
2.055703E+00  4.420E-02
2.057703E+00  4.411E-02
2.059703E+00  4.403E-02
2.061703E+00  4.394E-02
2.063703E+00  4.385E-02
2.065703E+00  4.376E-02
2.067703E+00  4.367E-02
2.069703E+00  4.358E-02
2.071703E+00  4.348E-02
2.073703E+00  4.339E-02
2.075703E+00  4.330E-02
2.077703E+00  4.320E-02
2.079703E+00  4.311E-02
2.081703E+00  4.301E-02
2.083703E+00  4.291E-02
2.085703E+00  4.281E-02
2.087703E+00  4.271E-02
2.089703E+00  4.261E-02
2.091703E+00  4.251E-02
2.093703E+00  4.241E-02
2.095703E+00  4.231E-02
2.097703E+00  4.220E-02
2.099703E+00  4.210E-02
2.101703E+00  4.199E-02
2.103703E+00  4.188E-02
2.105703E+00  4.177E-02
2.107703E+00  4.166E-02
2.109703E+00  4.155E-02
2.111703E+00  4.144E-02
2.113703E+00  4.132E-02
2.115703E+00  4.121E-02
2.117703E+00  4.109E-02
2.119703E+00  4.098E-02
2.131703E+00  4.025E-02
2.151105E+00  3.899E-02
2.240061E+00  3.219E-02
2.331557E+00  2.507E-02
2.397346E+00  2.089E-02
2.525324E+00  1.423E-02
2.560514E+00  1.207E-02
2.584902E+00  1.028E-02
2.607734E+00  8.300E-03
2.622155E+00  6.868E-03
2.635978E+00  5.350E-03
2.649235E+00  3.768E-03
2.661957E+00  2.188E-03
2.668126E+00  1.445E-03
2.674172E+00  7.808E-04
2.680097E+00  2.635E-04
2.685906E+00  5.671E-06
2.691601E+00  2.050E-04
2.697185E+00  1.221E-03
2.702661E+00  3.743E-03
2.708031E+00  9.194E-03
2.713299E+00  2.080E-02
2.718467E+00  4.690E-02
2.723538E+00  1.140E-01
2.728513E+00  3.390E-01
2.733396E+00  1.757E+00
2.738188E+00  1.728E+01
2.742893E+00  1.664E+00
2.747511E+00  5.698E-01
2.752045E+00  3.060E-01
2.756498E+00  2.003E-01
2.760870E+00  1.461E-01
2.765164E+00  1.140E-01
2.769382E+00  9.314E-02
2.773526E+00  7.856E-02
2.777597E+00  6.784E-02
2.781597E+00  5.966E-02
2.785528E+00  5.320E-02
2.789391E+00  4.796E-02
2.793188E+00  4.363E-02
2.796920E+00  3.999E-02
2.800589E+00  3.686E-02
2.807742E+00  3.176E-02
2.814659E+00  2.775E-02
2.824614E+00  2.306E-02
2.834093E+00  1.939E-02
2.843125E+00  1.641E-02
2.854520E+00  1.315E-02
2.865231E+00  1.048E-02
2.875310E+00  8.246E-03
2.884806E+00  6.395E-03
2.891573E+00  5.251E-03
2.895924E+00  4.615E-03
2.900153E+00  4.098E-03
2.902223E+00  3.893E-03
2.904264E+00  3.730E-03
2.906277E+00  3.620E-03
2.908262E+00  3.576E-03
2.910220E+00  3.620E-03
2.912151E+00  3.788E-03
2.914055E+00  4.146E-03
2.915934E+00  4.818E-03
2.917787E+00  6.061E-03
2.919616E+00  8.477E-03
2.921420E+00  1.371E-02
2.923200E+00  2.756E-02
2.924956E+00  8.209E-02
2.926689E+00  8.079E-01
2.928399E+00  1.046E+00
2.930087E+00  1.363E-01
2.931753E+00  6.061E-02
2.933397E+00  3.902E-02
2.935020E+00  3.017E-02
2.936622E+00  2.600E-02
2.938204E+00  2.405E-02
2.939765E+00  2.334E-02
2.941307E+00  2.345E-02
2.942829E+00  2.415E-02
2.944332E+00  2.534E-02
2.945816E+00  2.695E-02
2.947281E+00  2.898E-02
2.948728E+00  3.141E-02
2.950158E+00  3.426E-02
2.951569E+00  3.757E-02
2.952963E+00  4.137E-02
2.954341E+00  4.571E-02
2.955701E+00  5.065E-02
2.957045E+00  5.626E-02
2.958372E+00  6.264E-02
2.959684E+00  6.989E-02
2.960980E+00  7.813E-02
2.962260E+00  8.751E-02
2.963526E+00  9.821E-02
2.964776E+00  1.105E-01
2.966011E+00  1.245E-01
2.967232E+00  1.406E-01
2.968439E+00  1.592E-01
2.969631E+00  1.808E-01
2.970810E+00  2.059E-01
2.971975E+00  2.353E-01
2.973126E+00  2.698E-01
2.974265E+00  3.107E-01
2.975390E+00  3.594E-01
2.976502E+00  4.179E-01
2.977602E+00  4.887E-01
2.978689E+00  5.754E-01
2.979764E+00  6.828E-01
2.980827E+00  8.173E-01
2.981879E+00  9.885E-01
2.982918E+00  1.210E+00
2.983946E+00  1.503E+00
2.984962E+00  1.900E+00
2.985968E+00  2.454E+00
2.986962E+00  3.257E+00
2.987945E+00  4.475E+00
2.988918E+00  6.443E+00
2.989880E+00  9.902E+00
2.990831E+00  1.678E+01
2.991773E+00  3.346E+01
2.992704E+00  9.170E+01
2.993625E+00  5.803E+02
2.994537E+00  6.636E+02
2.995438E+00  1.053E+02
2.996331E+00  4.000E+01
2.997213E+00  2.111E+01
2.998087E+00  1.315E+01
2.998951E+00  9.048E+00
2.999806E+00  6.654E+00
3.000653E+00  5.131E+00
3.001490E+00  4.098E+00
3.002319E+00  3.365E+00
3.003140E+00  2.823E+00
3.003952E+00  2.411E+00
3.004755E+00  2.090E+00
3.005551E+00  1.834E+00
3.006338E+00  1.627E+00
3.007117E+00  1.456E+00
3.007889E+00  1.313E+00
3.008653E+00  1.193E+00
3.009409E+00  1.090E+00
3.010157E+00  1.001E+00
3.011632E+00  8.557E-01
3.013078E+00  7.423E-01
3.014495E+00  6.513E-01
3.016570E+00  5.433E-01
3.018585E+00  4.574E-01
3.023067E+00  2.900E-01
3.024294E+00  2.368E-01
3.024899E+00  2.059E-01
3.025498E+00  1.701E-01
3.026092E+00  1.272E-01
3.026680E+00  7.426E-02
3.027263E+00  1.310E-02
3.027840E+00  3.258E-03
3.028413E+00  1.168E+00
3.028980E+00  1.980E+01
3.029542E+00  2.260E+00
3.030098E+00  1.218E+00
3.030650E+00  8.869E-01
3.031197E+00  7.273E-01
3.031739E+00  6.333E-01
3.032276E+00  5.710E-01
3.032808E+00  5.264E-01
3.033336E+00  4.928E-01
3.033858E+00  4.663E-01
3.034890E+00  4.272E-01
3.036404E+00  3.884E-01
3.037879E+00  3.630E-01
3.039786E+00  3.413E-01
3.042080E+00  3.275E-01
3.044280E+00  3.267E-01
3.045974E+00  3.375E-01
3.047208E+00  3.560E-01
3.048015E+00  3.764E-01
3.048808E+00  4.073E-01
3.049200E+00  4.288E-01
3.049589E+00  4.561E-01
3.049974E+00  4.915E-01
3.050357E+00  5.388E-01
3.050736E+00  6.042E-01
3.051113E+00  6.990E-01
3.051486E+00  8.461E-01
3.051857E+00  1.098E+00
3.052224E+00  1.601E+00
3.052589E+00  2.923E+00
3.052951E+00  9.235E+00
3.053310E+00  3.187E+01
3.053666E+00  2.597E+00
3.054019E+00  5.166E-01
3.054370E+00  1.382E-01
3.054718E+00  3.597E-02
3.055063E+00  6.092E-03
3.055406E+00  8.906E-06
3.055745E+00  2.577E-03
3.056083E+00  8.279E-03
3.056750E+00  2.156E-02
3.057079E+00  2.784E-02
3.057407E+00  3.361E-02
3.057731E+00  3.885E-02
3.058373E+00  4.777E-02
3.059006E+00  5.490E-02
3.059629E+00  6.057E-02
3.060546E+00  6.689E-02
3.061443E+00  7.114E-02
3.062609E+00  7.413E-02
3.063461E+00  7.443E-02
3.064295E+00  7.265E-02
3.064841E+00  6.980E-02
3.065111E+00  6.765E-02
3.065379E+00  6.483E-02
3.065645E+00  6.118E-02
3.065910E+00  5.656E-02
3.066172E+00  5.142E-02
3.066433E+00  5.756E-02
3.066692E+00  2.002E-03
3.066949E+00  4.140E-03
3.067204E+00  1.114E+00
3.067458E+00  1.184E+00
3.067709E+00  3.815E-01
3.067959E+00  2.555E-01
3.068207E+00  2.077E-01
3.068454E+00  1.832E-01
3.068699E+00  1.685E-01
3.068942E+00  1.589E-01
3.069183E+00  1.522E-01
3.069661E+00  1.436E-01
3.070366E+00  1.370E-01
3.071284E+00  1.335E-01
3.072615E+00  1.338E-01
3.073894E+00  1.389E-01
3.074719E+00  1.456E-01
3.075523E+00  1.568E-01
3.076112E+00  1.705E-01
3.076499E+00  1.843E-01
3.076690E+00  1.933E-01
3.076881E+00  2.045E-01
3.077070E+00  2.187E-01
3.077258E+00  2.369E-01
3.077444E+00  2.614E-01
3.077630E+00  2.956E-01
3.077814E+00  3.465E-01
3.077998E+00  4.286E-01
3.078180E+00  5.794E-01
3.078361E+00  9.223E-01
3.078541E+00  2.113E+00
3.078719E+00  1.159E+01
3.078897E+00  1.913E+00
3.079073E+00  2.555E-01
3.079249E+00  4.919E-02
3.079423E+00  7.158E-03
3.079596E+00  1.690E-05
3.079769E+00  2.373E-03
3.079940E+00  7.394E-03
3.080110E+00  1.292E-02
3.080279E+00  1.824E-02
3.080447E+00  2.311E-02
3.080614E+00  2.749E-02
3.080780E+00  3.141E-02
3.081109E+00  3.803E-02
3.081434E+00  4.334E-02
3.081914E+00  4.950E-02
3.082541E+00  5.537E-02
3.083154E+00  5.936E-02
3.083752E+00  6.171E-02
3.084192E+00  6.177E-02
3.084336E+00  6.096E-02
3.084480E+00  5.895E-02
3.084623E+00  5.315E-02
3.084766E+00  1.267E-02
3.084907E+00  9.601E-02
3.085048E+00  7.983E-02
3.085188E+00  7.576E-02
3.085465E+00  7.271E-02
3.085876E+00  6.964E-02
3.086011E+00  6.806E-02
3.086145E+00  6.567E-02
3.086279E+00  6.167E-02
3.086412E+00  5.383E-02
3.086544E+00  3.326E-02
3.086675E+00  4.225E+01
3.086806E+00  1.519E-01
3.086936E+00  1.141E-01
3.087065E+00  1.032E-01
3.087194E+00  9.817E-02
3.087321E+00  9.545E-02
3.087575E+00  9.287E-02
3.088074E+00  9.189E-02
3.088801E+00  9.403E-02
3.089506E+00  9.879E-02
3.090075E+00  1.055E-01
3.090410E+00  1.115E-01
3.090739E+00  1.203E-01
3.090956E+00  1.287E-01
3.091171E+00  1.408E-01
3.091277E+00  1.490E-01
3.091383E+00  1.593E-01
3.091488E+00  1.728E-01
3.091593E+00  1.911E-01
3.091697E+00  2.171E-01
3.091801E+00  2.570E-01
3.091904E+00  3.243E-01
3.092006E+00  4.578E-01
3.092108E+00  8.108E-01
3.092210E+00  2.560E+00
3.092311E+00  4.206E+00
3.092411E+00  3.188E-01
3.092511E+00  4.507E-02
3.092611E+00  4.507E-03
3.092710E+00  1.298E-04
3.092808E+00  3.659E-03
3.093004E+00  1.403E-02
3.093100E+00  1.877E-02
3.093197E+00  2.297E-02
3.093293E+00  2.666E-02
3.093388E+00  2.991E-02
3.093483E+00  3.277E-02
3.093672E+00  3.755E-02
3.093951E+00  4.299E-02
3.094227E+00  4.698E-02
3.094587E+00  5.076E-02
3.094941E+00  5.311E-02
3.095201E+00  5.365E-02
3.095373E+00  5.266E-02
3.095458E+00  5.102E-02
3.095543E+00  4.706E-02
3.095627E+00  3.273E-02
3.095711E+00  1.749E-01
3.095795E+00  7.998E-02
3.095878E+00  7.141E-02
3.095961E+00  6.834E-02
3.096125E+00  6.583E-02
3.096449E+00  6.293E-02
3.096529E+00  6.171E-02
3.096609E+00  5.979E-02
3.096688E+00  5.638E-02
3.096767E+00  4.910E-02
3.096846E+00  2.550E-02
3.096924E+00  2.852E-01
3.097002E+00  1.072E-01
3.097079E+00  9.133E-02
3.097156E+00  8.571E-02
3.097233E+00  8.299E-02
3.097385E+00  8.064E-02
3.097686E+00  7.991E-02
3.098198E+00  8.244E-02
3.098624E+00  8.693E-02
3.098971E+00  9.307E-02
3.099243E+00  1.010E-01
3.099443E+00  1.106E-01
3.099575E+00  1.202E-01
3.099641E+00  1.267E-01
3.099706E+00  1.349E-01
3.099771E+00  1.454E-01
3.099836E+00  1.597E-01
3.099901E+00  1.798E-01
3.099965E+00  2.102E-01
3.100029E+00  2.608E-01
3.100092E+00  3.587E-01
3.100156E+00  6.064E-01
3.100219E+00  1.719E+00
3.100282E+00  3.857E+00
3.100344E+00  2.670E-01
3.100407E+00  3.200E-02
3.100469E+00  1.963E-03
3.100530E+00  7.457E-04
3.100592E+00  5.135E-03
3.100653E+00  1.037E-02
3.100714E+00  1.529E-02
3.100774E+00  1.965E-02
3.100835E+00  2.345E-02
3.100895E+00  2.675E-02
3.100955E+00  2.963E-02
3.101074E+00  3.437E-02
3.101192E+00  3.808E-02
3.101367E+00  4.231E-02
3.101597E+00  4.623E-02
3.101823E+00  4.867E-02
3.101990E+00  4.943E-02
3.102100E+00  4.900E-02
3.102155E+00  4.817E-02
3.102209E+00  4.647E-02
3.102264E+00  4.269E-02
3.102318E+00  3.161E-02
3.102372E+00  2.770E+03
3.102425E+00  8.905E-02
3.102479E+00  7.258E-02
3.102532E+00  6.768E-02
3.102585E+00  6.544E-02
3.102690E+00  6.340E-02
3.102949E+00  6.076E-02
3.103001E+00  5.975E-02
3.103052E+00  5.802E-02
3.103102E+00  5.462E-02
3.103153E+00  4.558E-02
3.103203E+00  2.499E-03
3.103254E+00  1.045E-01
3.103304E+00  8.359E-02
3.103353E+00  7.817E-02
3.103403E+00  7.585E-02
3.103502E+00  7.405E-02
3.103696E+00  7.378E-02
3.104030E+00  7.637E-02
3.104354E+00  8.147E-02
3.104580E+00  8.762E-02
3.104714E+00  9.328E-02
3.104846E+00  1.018E-01
3.104933E+00  1.104E-01
3.104976E+00  1.161E-01
3.105020E+00  1.234E-01
3.105063E+00  1.327E-01
3.105105E+00  1.453E-01
3.105148E+00  1.630E-01
3.105191E+00  1.896E-01
3.105233E+00  2.337E-01
3.105275E+00  3.184E-01
3.105317E+00  5.307E-01
3.105359E+00  1.463E+00
3.105401E+00  3.336E+00
3.105442E+00  2.236E-01
3.105484E+00  2.427E-02
3.105525E+00  9.051E-04
3.105566E+00  1.343E-03
3.105607E+00  6.073E-03
3.105647E+00  1.123E-02
3.105688E+00  1.594E-02
3.105729E+00  2.006E-02
3.105769E+00  2.361E-02
3.105809E+00  2.668E-02
3.105849E+00  2.934E-02
3.105928E+00  3.371E-02
3.106007E+00  3.712E-02
3.106125E+00  4.097E-02
3.106279E+00  4.447E-02
3.106431E+00  4.650E-02
3.106544E+00  4.678E-02
3.106618E+00  4.569E-02
3.106655E+00  4.420E-02
3.106692E+00  4.116E-02
3.106728E+00  3.382E-02
3.106765E+00  5.610E-03
3.106801E+00  1.305E-01
3.106838E+00  7.877E-02
3.106874E+00  6.955E-02
3.106910E+00  6.590E-02
3.106946E+00  6.404E-02
3.107017E+00  6.228E-02
3.107228E+00  6.012E-02
3.107263E+00  5.931E-02
3.107298E+00  5.777E-02
3.107332E+00  5.410E-02
3.107367E+00  3.837E-02
3.107401E+00  1.096E-01
3.107435E+00  7.751E-02
3.107469E+00  7.264E-02
3.107503E+00  7.086E-02
3.107570E+00  6.969E-02
3.107737E+00  7.018E-02
3.107997E+00  7.380E-02
3.108188E+00  7.851E-02
3.108343E+00  8.490E-02
3.108435E+00  9.089E-02
3.108496E+00  9.655E-02
3.108557E+00  1.045E-01
3.108587E+00  1.098E-01
3.108617E+00  1.165E-01
3.108647E+00  1.251E-01
3.108676E+00  1.367E-01
3.108706E+00  1.529E-01
3.108736E+00  1.772E-01
3.108765E+00  2.174E-01
3.108795E+00  2.942E-01
3.108824E+00  4.848E-01
3.108853E+00  1.305E+00
3.108882E+00  3.106E+00
3.108911E+00  2.036E-01
3.108940E+00  2.062E-02
3.108969E+00  5.043E-04
3.108997E+00  1.733E-03
3.109026E+00  6.594E-03
3.109054E+00  1.167E-02
3.109083E+00  1.625E-02
3.109111E+00  2.020E-02
3.109139E+00  2.361E-02
3.109167E+00  2.654E-02
3.109195E+00  2.907E-02
3.109251E+00  3.321E-02
3.109334E+00  3.777E-02
3.109416E+00  4.101E-02
3.109524E+00  4.387E-02
3.109631E+00  4.518E-02
3.109684E+00  4.493E-02
3.109710E+00  4.437E-02
3.109737E+00  4.326E-02
3.109763E+00  4.114E-02
3.109789E+00  3.671E-02
3.109815E+00  2.482E-02
3.109841E+00  6.048E-01
3.109866E+00  1.006E-01
3.109892E+00  7.501E-02
3.109918E+00  6.798E-02
3.109943E+00  6.487E-02
3.109994E+00  6.221E-02
3.110095E+00  6.078E-02
3.110194E+00  6.000E-02
3.110219E+00  5.938E-02
3.110243E+00  5.796E-02
3.110268E+00  5.302E-02
3.110292E+00  1.792E-01
3.110316E+00  7.223E-02
3.110341E+00  6.833E-02
3.110365E+00  6.717E-02
3.110437E+00  6.667E-02
3.110626E+00  6.919E-02
3.110810E+00  7.411E-02
3.110923E+00  7.917E-02
3.111012E+00  8.553E-02
3.111078E+00  9.304E-02
3.111121E+00  1.006E-01
3.111143E+00  1.056E-01
3.111165E+00  1.119E-01
3.111186E+00  1.200E-01
3.111208E+00  1.308E-01
3.111229E+00  1.460E-01
3.111251E+00  1.688E-01
3.111272E+00  2.061E-01
3.111293E+00  2.770E-01
3.111314E+00  4.508E-01
3.111336E+00  1.179E+00
3.111357E+00  3.057E+00
3.111378E+00  1.982E-01
3.111399E+00  1.909E-02
3.111420E+00  3.493E-04
3.111440E+00  1.950E-03
3.111461E+00  6.863E-03
3.111482E+00  1.189E-02
3.111502E+00  1.637E-02
3.111523E+00  2.023E-02
3.111543E+00  2.354E-02
3.111584E+00  2.883E-02
3.111625E+00  3.283E-02
3.111665E+00  3.592E-02
3.111723E+00  3.929E-02
3.116742E+00  5.551E-02
3.129893E+00  4.949E-02
3.145739E+00  4.386E-02
3.160906E+00  3.985E-02
3.182468E+00  3.565E-02
3.209178E+00  3.173E-02
3.239630E+00  2.843E-02
3.306194E+00  2.320E-02
3.362218E+00  1.905E-02
3.385587E+00  1.679E-02
3.397791E+00  1.520E-02
3.406449E+00  1.377E-02
3.414710E+00  1.201E-02
3.420010E+00  1.058E-02
3.425150E+00  8.900E-03
3.430138E+00  6.968E-03
3.434980E+00  5.007E-03
3.437347E+00  4.303E-03
3.439680E+00  4.220E-03
3.441979E+00  5.524E-03
3.444245E+00  9.621E-03
3.446478E+00  1.849E-02
3.448680E+00  3.300E-02
3.450850E+00  4.931E-02
3.452989E+00  6.030E-02
3.455098E+00  6.349E-02
3.457178E+00  6.170E-02
3.463244E+00  5.056E-02
3.467150E+00  4.489E-02
3.470950E+00  4.083E-02
3.476459E+00  3.671E-02
3.481751E+00  3.398E-02
3.490117E+00  3.109E-02
3.499466E+00  2.903E-02
3.512228E+00  2.731E-02
3.529511E+00  2.610E-02
3.541255E+00  2.545E-02
3.544215E+00  2.486E-02
3.545180E+00  2.445E-02
3.546135E+00  2.377E-02
3.547080E+00  2.254E-02
3.548014E+00  1.991E-02
3.548938E+00  1.233E-02
3.549853E+00  1.330E+00
3.550757E+00  5.884E-02
3.551652E+00  4.819E-02
3.552538E+00  4.805E-02
3.553414E+00  5.281E-02
3.554281E+00  6.395E-02
3.555139E+00  8.700E-02
3.555988E+00  1.308E-01
3.556828E+00  1.832E-01
3.557660E+00  1.815E-01
3.558483E+00  1.387E-01
3.559297E+00  1.046E-01
3.560103E+00  8.424E-02
3.560901E+00  7.229E-02
3.561691E+00  6.503E-02
3.562473E+00  6.047E-02
3.563247E+00  5.759E-02
3.564013E+00  5.582E-02
3.564771E+00  5.482E-02
3.566265E+00  5.447E-02
3.567729E+00  5.579E-02
3.569165E+00  5.861E-02
3.570573E+00  6.310E-02
3.571953E+00  6.975E-02
3.572633E+00  7.414E-02
3.573307E+00  7.944E-02
3.573974E+00  8.581E-02
3.574634E+00  9.349E-02
3.575289E+00  1.027E-01
3.575937E+00  1.134E-01
3.577845E+00  1.500E-01
3.578468E+00  1.568E-01
3.579087E+00  1.553E-01
3.579699E+00  1.436E-01
3.580305E+00  1.240E-01
3.580906E+00  1.014E-01
3.581502E+00  8.046E-02
3.582092E+00  6.317E-02
3.582676E+00  4.987E-02
3.583255E+00  3.997E-02
3.583829E+00  3.268E-02
3.584397E+00  2.730E-02
3.584961E+00  2.324E-02
3.585519E+00  2.000E-02
3.586072E+00  1.724E-02
3.586620E+00  4.968E-02
3.587164E+00  2.019E-02
3.587702E+00  1.764E-02
3.588236E+00  1.645E-02
3.588765E+00  1.571E-02
3.589808E+00  1.486E-02
3.591339E+00  1.435E-02
3.593804E+00  1.427E-02
3.603077E+00  1.539E-02
3.604667E+00  1.530E-02
3.605443E+00  1.498E-02
3.605827E+00  1.461E-02
3.606207E+00  1.384E-02
3.606584E+00  1.172E-02
3.606958E+00  9.208E-04
3.607330E+00  2.449E-02
3.607698E+00  2.024E-02
3.608064E+00  1.908E-02
3.608426E+00  1.857E-02
3.609143E+00  1.815E-02
3.611227E+00  1.803E-02
3.615427E+00  1.839E-02
3.616339E+00  1.812E-02
3.616936E+00  1.758E-02
3.617231E+00  1.711E-02
3.617524E+00  1.645E-02
3.618104E+00  1.456E-02
3.618391E+00  1.407E-02
3.618675E+00  1.668E-02
3.618958E+00  2.746E-02
3.619239E+00  4.077E-02
3.619517E+00  4.331E-02
3.619794E+00  3.883E-02
3.620068E+00  3.229E-02
3.620341E+00  2.537E-02
3.620611E+00  1.905E-02
3.620880E+00  1.407E-02
3.621147E+00  1.072E-02
3.621412E+00  8.804E-03
3.621675E+00  7.941E-03
3.621936E+00  7.741E-03
3.622195E+00  7.922E-03
3.622453E+00  8.306E-03
3.623713E+00  1.086E-02
3.624206E+00  1.196E-02
3.624449E+00  1.263E-02
3.624691E+00  1.360E-02
3.624931E+00  1.561E-02
3.625170E+00  2.795E-02
3.625407E+00  7.174E-03
3.625642E+00  9.602E-03
3.625876E+00  1.074E-02
3.626108E+00  1.137E-02
3.626568E+00  1.213E-02
3.627468E+00  1.297E-02
3.628988E+00  1.374E-02
3.630031E+00  1.389E-02
3.630236E+00  1.374E-02
3.630439E+00  1.277E-02
3.630641E+00  1.614E-02
3.630842E+00  1.502E-02
3.631239E+00  1.479E-02
3.634773E+00  1.505E-02
3.634948E+00  1.544E-02
3.635121E+00  5.958E-02
3.635294E+00  1.747E-02
3.635465E+00  1.581E-02
3.635635E+00  1.547E-02
3.636962E+00  1.476E-02
3.637443E+00  1.415E-02
3.637601E+00  1.376E-02
3.637758E+00  1.315E-02
3.637915E+00  1.215E-02
3.638071E+00  1.038E-02
3.638225E+00  7.147E-03
3.638379E+00  2.259E-03
3.638532E+00  5.455E-04
3.638684E+00  5.030E-03
3.638835E+00  9.155E-03
3.638985E+00  1.135E-02
3.639135E+00  1.244E-02
3.639283E+00  1.296E-02
3.639431E+00  1.319E-02
3.639723E+00  1.313E-02
3.640012E+00  1.260E-02
3.640156E+00  1.216E-02
3.640298E+00  1.158E-02
3.640440E+00  1.085E-02
3.640581E+00  9.942E-03
3.640721E+00  8.830E-03
3.640860E+00  7.528E-03
3.640999E+00  6.116E-03
3.641136E+00  4.796E-03
3.641273E+00  3.919E-03
3.641409E+00  3.916E-03
3.641545E+00  5.080E-03
3.641679E+00  7.411E-03
3.641813E+00  1.076E-02
3.641946E+00  1.532E-02
3.642079E+00  2.264E-02
3.642210E+00  4.119E-02
3.642341E+00  1.843E-01
3.642471E+00  1.086E-01
3.642601E+00  1.929E-02
3.642729E+00  1.298E-02
3.642857E+00  1.221E-02
3.642985E+00  1.240E-02
3.643610E+00  1.440E-02
3.643733E+00  1.493E-02
3.643856E+00  1.591E-02
3.643978E+00  2.187E-02
3.644099E+00  1.140E-02
3.644219E+00  1.323E-02
3.644339E+00  1.383E-02
3.644577E+00  1.437E-02
3.645159E+00  1.496E-02
3.647548E+00  1.603E-02
3.647953E+00  1.651E-02
3.648153E+00  1.704E-02
3.648252E+00  1.749E-02
3.648350E+00  1.820E-02
3.648449E+00  1.948E-02
3.648546E+00  2.232E-02
3.648643E+00  3.251E-02
3.648740E+00  4.251E-01
3.648836E+00  1.276E-02
3.648931E+00  1.075E-02
3.649026E+00  1.134E-02
3.649121E+00  1.178E-02
3.649215E+00  1.203E-02
3.649402E+00  1.215E-02
3.649495E+00  1.204E-02
3.649587E+00  1.181E-02
3.649679E+00  1.141E-02
3.649770E+00  1.076E-02
3.649861E+00  9.710E-03
3.649952E+00  7.969E-03
3.650042E+00  5.154E-03
3.650131E+00  1.614E-03
3.650221E+00  5.953E-04
3.650309E+00  3.885E-03
3.650398E+00  7.458E-03
3.650485E+00  9.592E-03
3.650573E+00  1.069E-02
3.650660E+00  1.121E-02
3.650746E+00  1.140E-02
3.650832E+00  1.138E-02
3.650918E+00  1.122E-02
3.651003E+00  1.093E-02
3.651088E+00  1.052E-02
3.651173E+00  9.998E-03
3.651257E+00  9.340E-03
3.651340E+00  8.533E-03
3.651424E+00  7.561E-03
3.651507E+00  6.420E-03
3.651671E+00  3.812E-03
3.651753E+00  2.663E-03
3.651834E+00  2.068E-03
3.651915E+00  2.491E-03
3.651995E+00  4.259E-03
3.652076E+00  7.359E-03
3.652155E+00  1.159E-02
3.652235E+00  1.723E-02
3.652314E+00  2.691E-02
3.652392E+00  6.093E-02
3.652470E+00  4.551E-01
3.652548E+00  2.586E-02
3.652626E+00  1.396E-02
3.652703E+00  1.319E-02
3.652780E+00  1.358E-02
3.653008E+00  1.504E-02
3.653233E+00  1.628E-02
3.653307E+00  1.686E-02
3.653381E+00  1.786E-02
3.653455E+00  2.086E-02
3.653528E+00  1.979E-02
3.653601E+00  1.186E-02
3.653674E+00  1.365E-02
3.653746E+00  1.435E-02
3.653889E+00  1.499E-02
3.654173E+00  1.549E-02
3.655058E+00  1.592E-02
3.655831E+00  1.632E-02
3.656080E+00  1.683E-02
3.656203E+00  1.742E-02
3.656264E+00  1.794E-02
3.656325E+00  1.877E-02
3.656385E+00  2.026E-02
3.656445E+00  2.350E-02
3.656505E+00  3.417E-02
3.656565E+00  2.053E-01
3.656624E+00  2.102E-02
3.656683E+00  1.041E-02
3.656742E+00  1.035E-02
3.656801E+00  1.057E-02
3.656859E+00  1.061E-02
3.656917E+00  1.041E-02
3.656975E+00  9.883E-03
3.657033E+00  8.888E-03
3.657090E+00  7.149E-03
3.657148E+00  4.369E-03
3.657204E+00  1.183E-03
3.657261E+00  5.333E-04
3.657318E+00  3.289E-03
3.657374E+00  6.329E-03
3.657430E+00  8.310E-03
3.657485E+00  9.431E-03
3.657541E+00  1.003E-02
3.657596E+00  1.030E-02
3.657651E+00  1.038E-02
3.657706E+00  1.030E-02
3.657761E+00  1.010E-02
3.657815E+00  9.797E-03
3.657869E+00  9.386E-03
3.657923E+00  8.861E-03
3.657977E+00  8.212E-03
3.658030E+00  7.423E-03
3.658083E+00  6.479E-03
3.658136E+00  5.374E-03
3.658189E+00  4.128E-03
3.658242E+00  2.826E-03
3.658294E+00  1.667E-03
3.658346E+00  1.040E-03
3.658398E+00  1.515E-03
3.658450E+00  3.674E-03
3.658501E+00  7.868E-03
3.658552E+00  1.460E-02
3.658604E+00  2.767E-02
3.658654E+00  9.566E-02
3.658705E+00  1.192E-01
3.658755E+00  1.743E-02
3.658806E+00  1.391E-02
3.658856E+00  1.422E-02
3.658955E+00  1.546E-02
3.659103E+00  1.669E-02
3.659249E+00  1.765E-02
3.659297E+00  1.812E-02
3.659345E+00  1.890E-02
3.659393E+00  2.077E-02
3.659441E+00  3.237E-02
3.659488E+00  9.294E-03
3.659535E+00  1.339E-02
3.659582E+00  1.457E-02
3.659629E+00  1.512E-02
3.659723E+00  1.564E-02
3.659953E+00  1.605E-02
3.660954E+00  1.635E-02
3.661160E+00  1.678E-02
3.661242E+00  1.724E-02
3.661282E+00  1.762E-02
3.661322E+00  1.822E-02
3.661363E+00  1.921E-02
3.661403E+00  2.110E-02
3.661443E+00  2.565E-02
3.661482E+00  4.466E-02
3.661522E+00  6.548E-01
3.661561E+00  1.633E-02
3.661600E+00  1.044E-02
3.661679E+00  9.546E-03
3.661717E+00  8.694E-03
3.661756E+00  7.042E-03
3.661795E+00  4.286E-03
3.661833E+00  1.126E-03
3.661871E+00  4.217E-04
3.661909E+00  2.857E-03
3.661947E+00  5.646E-03
3.661985E+00  7.558E-03
3.662023E+00  8.704E-03
3.662060E+00  9.360E-03
3.662098E+00  9.707E-03
3.662135E+00  9.851E-03
3.662172E+00  9.848E-03
3.662209E+00  9.730E-03
3.662246E+00  9.512E-03
3.662283E+00  9.198E-03
3.662319E+00  8.788E-03
3.662356E+00  8.272E-03
3.662392E+00  7.641E-03
3.662428E+00  6.879E-03
3.662464E+00  5.972E-03
3.662500E+00  4.912E-03
3.662536E+00  3.711E-03
3.662572E+00  2.435E-03
3.662607E+00  1.255E-03
3.662643E+00  5.372E-04
3.662678E+00  9.287E-04
3.662713E+00  3.401E-03
3.662748E+00  9.642E-03
3.662783E+00  2.789E-02
3.662818E+00  3.495E-01
3.662852E+00  3.154E-02
3.662887E+00  1.452E-02
3.662921E+00  1.428E-02
3.662990E+00  1.603E-02
3.663024E+00  1.668E-02
3.663091E+00  1.752E-02
3.663259E+00  1.872E-02
3.663292E+00  1.909E-02
3.663325E+00  1.971E-02
3.663357E+00  2.103E-02
3.663390E+00  2.587E-02
3.663423E+00  6.961E-03
3.663455E+00  1.263E-02
3.663488E+00  1.459E-02
3.663520E+00  1.536E-02
3.663552E+00  1.576E-02
3.663648E+00  1.626E-02
3.663898E+00  1.645E-02
3.664466E+00  1.645E-02
3.664610E+00  1.682E-02
3.664667E+00  1.724E-02
3.664695E+00  1.761E-02
3.664723E+00  1.818E-02
3.664751E+00  1.915E-02
3.664779E+00  2.102E-02
3.664807E+00  2.559E-02
3.664834E+00  4.489E-02
3.664862E+00  6.293E-01
3.664890E+00  1.872E-02
3.664917E+00  1.060E-02
3.664945E+00  9.198E-03
3.664972E+00  7.715E-03
3.664999E+00  5.219E-03
3.665026E+00  1.884E-03
3.665053E+00  1.807E-04
3.665080E+00  1.885E-03
3.665107E+00  4.639E-03
3.665134E+00  6.727E-03
3.665160E+00  8.045E-03
3.665187E+00  8.836E-03
3.665213E+00  9.290E-03
3.665240E+00  9.522E-03
3.665266E+00  9.598E-03
3.665292E+00  9.554E-03
3.665344E+00  9.179E-03
3.665370E+00  8.859E-03
3.665396E+00  8.447E-03
3.665422E+00  7.938E-03
3.665448E+00  7.319E-03
3.665473E+00  6.576E-03
3.665499E+00  5.697E-03
3.665524E+00  4.671E-03
3.665550E+00  3.507E-03
3.665575E+00  2.257E-03
3.665600E+00  1.072E-03
3.665625E+00  2.948E-04
3.665651E+00  6.487E-04
3.665676E+00  3.778E-03
3.665700E+00  1.749E-02
3.665725E+00  5.555E-01
3.665750E+00  2.318E-02
3.665775E+00  1.330E-02
3.665799E+00  1.407E-02
3.665824E+00  1.548E-02
3.665848E+00  1.663E-02
3.665872E+00  1.745E-02
3.665921E+00  1.841E-02
3.666017E+00  1.915E-02
3.666088E+00  1.976E-02
3.666112E+00  2.025E-02
3.666135E+00  2.125E-02
3.666159E+00  2.417E-02
3.666182E+00  4.816E-02
3.666205E+00  1.135E-02
3.666228E+00  1.447E-02
3.666252E+00  1.552E-02
3.666275E+00  1.601E-02
3.666320E+00  1.645E-02
3.666434E+00  1.670E-02
3.666934E+00  1.650E-02
3.667038E+00  1.676E-02
3.667100E+00  1.734E-02
3.667120E+00  1.775E-02
3.667141E+00  1.841E-02
3.667161E+00  1.958E-02
3.667181E+00  2.203E-02
3.667201E+00  2.906E-02
3.667222E+00  7.561E-02
3.667242E+00  1.165E-01
3.667262E+00  1.417E-02
3.667279E+00  9.788E-03
3.668993E+00  1.221E-02
3.682300E+00  1.241E-02
3.691810E+00  1.291E-02
3.699199E+00  1.365E-02
3.704787E+00  1.460E-02
3.708802E+00  1.565E-02
3.712674E+00  1.717E-02
3.715179E+00  1.859E-02
3.717625E+00  2.053E-02
3.718827E+00  2.179E-02
3.720014E+00  2.331E-02
3.721188E+00  2.517E-02
3.722349E+00  2.748E-02
3.723495E+00  3.041E-02
3.724629E+00  3.418E-02
3.725750E+00  3.913E-02
3.726858E+00  4.574E-02
3.727954E+00  5.464E-02
3.729037E+00  6.650E-02
3.730108E+00  8.145E-02
3.731166E+00  9.734E-02
3.732214E+00  1.077E-01
3.733249E+00  1.046E-01
3.734273E+00  8.877E-02
3.735285E+00  6.931E-02
3.736287E+00  5.285E-02
3.737277E+00  4.088E-02
3.738257E+00  3.262E-02
3.739226E+00  2.697E-02
3.740184E+00  2.306E-02
3.741132E+00  2.033E-02
3.742070E+00  1.839E-02
3.742998E+00  1.700E-02
3.743916E+00  1.599E-02
3.744824E+00  1.527E-02
3.745723E+00  1.475E-02
3.747491E+00  1.415E-02
3.749223E+00  1.394E-02
3.751753E+00  1.413E-02
3.754205E+00  1.478E-02
3.756583E+00  1.587E-02
3.758890E+00  1.747E-02
3.762583E+00  2.091E-02
3.763300E+00  2.143E-02
3.764010E+00  2.173E-02
3.764713E+00  2.172E-02
3.765409E+00  2.134E-02
3.766098E+00  2.061E-02
3.767457E+00  1.838E-02
3.768789E+00  1.595E-02
3.769446E+00  1.489E-02
3.770096E+00  1.399E-02
3.770740E+00  1.325E-02
3.771378E+00  1.265E-02
3.772637E+00  1.183E-02
3.773871E+00  1.137E-02
3.775681E+00  1.110E-02
3.778016E+00  1.122E-02
3.780267E+00  1.166E-02
3.781902E+00  1.223E-02
3.782438E+00  1.251E-02
3.782968E+00  1.292E-02
3.783494E+00  1.370E-02
3.784016E+00  1.707E-02
3.784532E+00  9.028E-03
3.785044E+00  1.133E-02
3.785552E+00  1.207E-02
3.786554E+00  1.287E-02
3.789457E+00  1.481E-02
3.791311E+00  1.643E-02
3.792660E+00  1.803E-02
3.793976E+00  2.017E-02
3.794835E+00  2.203E-02
3.795680E+00  2.441E-02
3.796511E+00  2.753E-02
3.796921E+00  2.944E-02
3.797328E+00  3.166E-02
3.797732E+00  3.422E-02
3.798132E+00  3.716E-02
3.798924E+00  4.418E-02
3.799702E+00  5.191E-02
3.800087E+00  5.521E-02
3.800847E+00  6.043E-02
3.801222E+00  5.407E-02
3.801595E+00  4.442E-02
3.801964E+00  3.971E-02
3.802694E+00  2.964E-02
3.803055E+00  2.547E-02
3.803413E+00  2.207E-02
3.803769E+00  1.937E-02
3.804121E+00  1.727E-02
3.804471E+00  1.565E-02
3.804818E+00  1.439E-02
3.805162E+00  1.343E-02
3.805504E+00  1.270E-02
3.805843E+00  1.214E-02
3.806514E+00  1.140E-02
3.807174E+00  1.101E-02
3.808146E+00  1.081E-02
3.809407E+00  1.096E-02
3.810933E+00  1.151E-02
3.812690E+00  1.250E-02
3.814097E+00  1.362E-02
3.815454E+00  1.508E-02
3.817528E+00  1.795E-02
3.818276E+00  1.851E-02
3.819009E+00  1.836E-02
3.819727E+00  1.808E-02
3.819963E+00  1.821E-02
3.820197E+00  1.870E-02
3.820430E+00  2.030E-02
3.820661E+00  2.973E-02
3.820891E+00  1.275E-02
3.821119E+00  1.395E-02
3.821346E+00  1.475E-02
3.821794E+00  1.561E-02
3.823741E+00  1.853E-02
3.823950E+00  2.042E-02
3.824158E+00  2.014E-02
3.824570E+00  2.091E-02
3.825377E+00  2.337E-02
3.826164E+00  2.667E-02
3.826931E+00  3.089E-02
3.827679E+00  3.529E-02
3.828046E+00  3.645E-02
3.828228E+00  3.686E-02
3.828408E+00  3.819E-02
3.828588E+00  4.170E-02
3.828944E+00  5.217E-02
3.829120E+00  5.626E-02
3.829295E+00  5.914E-02
3.829642E+00  6.257E-02
3.829814E+00  6.331E-02
3.829984E+00  4.480E-02
3.830154E+00  3.483E-02
3.830323E+00  3.591E-02
3.830491E+00  3.472E-02
3.830657E+00  3.250E-02
3.831152E+00  2.504E-02
3.831314E+00  2.290E-02
3.831476E+00  2.101E-02
3.831637E+00  1.937E-02
3.831797E+00  1.796E-02
3.831955E+00  1.676E-02
3.832270E+00  1.488E-02
3.832581E+00  1.355E-02
3.832889E+00  1.263E-02
3.833193E+00  1.200E-02
3.833642E+00  1.143E-02
3.834373E+00  1.102E-02
3.834943E+00  1.089E-02
3.835362E+00  1.112E-02
3.836045E+00  1.220E-02
3.837480E+00  1.501E-02
3.837606E+00  1.506E-02
3.837732E+00  1.470E-02
3.837981E+00  1.165E-02
3.838349E+00  1.052E-02
3.838470E+00  1.032E-02
3.838591E+00  1.032E-02
3.838711E+00  1.049E-02
3.839068E+00  1.146E-02
3.839418E+00  1.242E-02
3.839649E+00  1.273E-02
3.839763E+00  1.264E-02
3.839877E+00  1.216E-02
3.839990E+00  1.078E-02
3.840103E+00  6.572E-03
3.840215E+00  6.156E-02
3.840326E+00  3.214E-02
3.840437E+00  2.626E-02
3.840547E+00  2.474E-02
3.840657E+00  2.441E-02
3.840766E+00  2.459E-02
3.840982E+00  2.577E-02
3.841196E+00  2.725E-02
3.841303E+00  2.699E-02
3.841408E+00  2.276E-02
3.841513E+00  1.446E-02
3.841618E+00  1.587E-02
3.841722E+00  2.087E-02
3.841825E+00  2.487E-02
3.841928E+00  2.810E-02
3.842234E+00  3.678E-02
3.842435E+00  4.333E-02
3.842634E+00  5.121E-02
3.843027E+00  6.955E-02
3.843123E+00  7.287E-02
3.843220E+00  7.430E-02
3.843315E+00  7.297E-02
3.843411E+00  6.838E-02
3.843506E+00  6.071E-02
3.843600E+00  5.086E-02
3.843787E+00  2.972E-02
3.843880E+00  2.157E-02
3.843973E+00  1.931E-02
3.844065E+00  2.700E-02
3.844157E+00  3.596E-02
3.844248E+00  3.608E-02
3.844429E+00  2.733E-02
3.844519E+00  2.360E-02
3.844608E+00  2.067E-02
3.844697E+00  1.841E-02
3.844785E+00  1.665E-02
3.844873E+00  1.528E-02
3.844961E+00  1.422E-02
3.845048E+00  1.338E-02
3.845221E+00  1.221E-02
3.845393E+00  1.151E-02
3.845647E+00  1.098E-02
3.845897E+00  1.083E-02
3.846225E+00  1.103E-02
3.846627E+00  1.180E-02
3.847096E+00  1.315E-02
3.847402E+00  1.409E-02
3.847478E+00  1.418E-02
3.847553E+00  1.403E-02
3.847628E+00  1.337E-02
3.847702E+00  1.171E-02
3.847776E+00  9.413E-03
3.847850E+00  1.016E-02
3.847924E+00  1.270E-02
3.847997E+00  1.372E-02
3.848069E+00  1.360E-02
3.848214E+00  1.254E-02
3.848286E+00  1.218E-02
3.848357E+00  1.201E-02
3.848499E+00  1.211E-02
3.848848E+00  1.302E-02
3.848986E+00  1.303E-02
3.849054E+00  1.271E-02
3.849122E+00  1.185E-02
3.849190E+00  9.622E-03
3.849257E+00  3.422E-03
3.849324E+00  5.943E-02
3.849391E+00  3.235E-02
3.849457E+00  2.758E-02
3.849524E+00  2.620E-02
3.849589E+00  2.592E-02
3.849655E+00  2.616E-02
3.849850E+00  2.813E-02
3.849914E+00  2.752E-02
3.849979E+00  2.081E-02
3.850042E+00  1.389E-02
3.850169E+00  2.381E-02
3.850232E+00  2.729E-02
3.850482E+00  3.853E-02
3.850605E+00  4.519E-02
3.850727E+00  5.337E-02
3.850967E+00  7.278E-02
3.851027E+00  7.618E-02
3.851086E+00  7.727E-02
3.851145E+00  7.497E-02
3.851204E+00  6.873E-02
3.851263E+00  5.895E-02
3.851379E+00  3.514E-02
3.851437E+00  2.512E-02
3.851494E+00  1.943E-02
3.851552E+00  2.086E-02
3.851609E+00  2.918E-02
3.851665E+00  3.657E-02
3.851722E+00  3.724E-02
3.851778E+00  3.369E-02
3.851834E+00  2.925E-02
3.851890E+00  2.526E-02
3.851946E+00  2.200E-02
3.852001E+00  1.943E-02
3.852056E+00  1.742E-02
3.852111E+00  1.585E-02
3.852166E+00  1.461E-02
3.852221E+00  1.364E-02
3.852275E+00  1.288E-02
3.852329E+00  1.227E-02
3.852436E+00  1.144E-02
3.852543E+00  1.096E-02
3.852648E+00  1.076E-02
3.852805E+00  1.085E-02
3.853011E+00  1.131E-02
3.853314E+00  1.245E-02
3.853560E+00  1.356E-02
3.853609E+00  1.364E-02
3.853658E+00  1.352E-02
3.853706E+00  1.298E-02
3.853754E+00  1.169E-02
3.853802E+00  9.743E-03
3.853850E+00  9.122E-03
3.853945E+00  1.283E-02
3.853992E+00  1.360E-02
3.854039E+00  1.353E-02
3.854133E+00  1.273E-02
3.854179E+00  1.247E-02
3.854225E+00  1.237E-02
3.854317E+00  1.251E-02
3.854544E+00  1.331E-02
3.854589E+00  1.333E-02
3.854634E+00  1.318E-02
3.854678E+00  1.270E-02
3.854722E+00  1.153E-02
3.854767E+00  8.512E-03
3.854810E+00  2.295E-03
3.854854E+00  4.954E-02
3.854898E+00  3.186E-02
3.854941E+00  2.801E-02
3.854985E+00  2.681E-02
3.855028E+00  2.654E-02
3.855113E+00  2.703E-02
3.855156E+00  2.700E-02
3.855199E+00  2.497E-02
3.855241E+00  1.718E-02
3.855283E+00  1.428E-02
3.855325E+00  1.978E-02
3.855367E+00  2.419E-02
3.855408E+00  2.737E-02
3.855573E+00  3.760E-02
3.855655E+00  4.357E-02
3.855696E+00  4.705E-02
3.855776E+00  5.519E-02
3.855936E+00  7.434E-02
3.855975E+00  7.766E-02
3.856015E+00  7.871E-02
3.856054E+00  7.639E-02
3.856093E+00  7.003E-02
3.856132E+00  5.993E-02
3.856209E+00  3.490E-02
3.856248E+00  2.469E-02
3.856286E+00  1.977E-02
3.856324E+00  2.249E-02
3.856362E+00  3.055E-02
3.856400E+00  3.649E-02
3.856438E+00  3.685E-02
3.856475E+00  3.381E-02
3.856550E+00  2.609E-02
3.856588E+00  2.291E-02
3.856625E+00  2.031E-02
3.856662E+00  1.822E-02
3.856698E+00  1.654E-02
3.856735E+00  1.518E-02
3.856772E+00  1.409E-02
3.856808E+00  1.320E-02
3.856844E+00  1.249E-02
3.856880E+00  1.192E-02
3.856916E+00  1.149E-02
3.856988E+00  1.098E-02
3.857059E+00  1.080E-02
3.857165E+00  1.089E-02
3.857338E+00  1.151E-02
3.857610E+00  1.312E-02
3.857676E+00  1.323E-02
3.857709E+00  1.293E-02
3.857743E+00  1.207E-02
3.857775E+00  1.039E-02
3.857808E+00  8.841E-03
3.857841E+00  9.654E-03
3.857873E+00  1.162E-02
3.857906E+00  1.281E-02
3.857938E+00  1.314E-02
3.858035E+00  1.252E-02
3.858098E+00  1.244E-02
3.858193E+00  1.288E-02
3.858287E+00  1.340E-02
3.858348E+00  1.348E-02
3.858379E+00  1.327E-02
3.858410E+00  1.270E-02
3.858440E+00  1.133E-02
3.858471E+00  7.805E-03
3.858501E+00  4.033E-03
3.858532E+00  4.658E-02
3.858562E+00  3.194E-02
3.858592E+00  2.838E-02
3.858622E+00  2.720E-02
3.858681E+00  2.672E-02
3.858711E+00  2.623E-02
3.858741E+00  2.375E-02
3.858770E+00  1.671E-02
3.858799E+00  1.406E-02
3.858829E+00  1.908E-02
3.858858E+00  2.343E-02
3.858887E+00  2.655E-02
3.859031E+00  3.864E-02
3.859087E+00  4.451E-02
3.859116E+00  4.793E-02
3.859172E+00  5.591E-02
3.859283E+00  7.467E-02
3.859311E+00  7.808E-02
3.859338E+00  7.947E-02
3.859366E+00  7.776E-02
3.859393E+00  7.217E-02
3.859421E+00  6.273E-02
3.859448E+00  5.050E-02
3.859475E+00  3.752E-02
3.859502E+00  2.647E-02
3.859529E+00  2.058E-02
3.859555E+00  2.236E-02
3.859582E+00  2.963E-02
3.859609E+00  3.552E-02
3.859635E+00  3.655E-02
3.859662E+00  3.423E-02
3.859714E+00  2.720E-02
3.859741E+00  2.406E-02
3.859767E+00  2.142E-02
3.859793E+00  1.922E-02
3.859819E+00  1.740E-02
3.859845E+00  1.588E-02
3.859870E+00  1.462E-02
3.859896E+00  1.358E-02
3.859922E+00  1.275E-02
3.859947E+00  1.210E-02
3.859973E+00  1.163E-02
3.860023E+00  1.108E-02
3.860098E+00  1.085E-02
3.860198E+00  1.109E-02
3.860320E+00  1.185E-02
3.860464E+00  1.297E-02
3.860488E+00  1.298E-02
3.860512E+00  1.275E-02
3.860535E+00  1.200E-02
3.860559E+00  1.038E-02
3.860582E+00  8.673E-03
3.860606E+00  9.382E-03
3.860629E+00  1.124E-02
3.860652E+00  1.233E-02
3.860676E+00  1.267E-02
3.860768E+00  1.231E-02
3.860836E+00  1.265E-02
3.860926E+00  1.343E-02
3.860970E+00  1.360E-02
3.860993E+00  1.350E-02
3.861015E+00  1.313E-02
3.861037E+00  1.225E-02
3.861059E+00  1.012E-02
3.861081E+00  4.467E-03
3.861103E+00  5.553E-02
3.861124E+00  3.782E-02
3.861146E+00  3.035E-02
3.861168E+00  2.805E-02
3.861189E+00  2.717E-02
3.861211E+00  2.667E-02
3.861232E+00  2.573E-02
3.861254E+00  2.263E-02
3.861275E+00  1.583E-02
3.861296E+00  1.438E-02
3.861317E+00  1.915E-02
3.861339E+00  2.325E-02
3.861360E+00  2.625E-02
3.861422E+00  3.309E-02
3.861485E+00  4.036E-02
3.861526E+00  4.641E-02
3.861567E+00  5.382E-02
3.861668E+00  7.629E-02
3.861688E+00  7.912E-02
3.861708E+00  7.972E-02
3.861723E+00  7.801E-02
3.871703E+00  1.964E-02
3.921703E+00  1.917E-02
3.971703E+00  1.832E-02
4.021703E+00  1.723E-02
4.071703E+00  1.572E-02
4.171703E+00  1.327E-02
4.221703E+00  1.232E-02
4.271703E+00  1.176E-02
4.321703E+00  1.133E-02
4.371703E+00  1.121E-02
4.571703E+00  1.135E-02
4.671703E+00  1.082E-02
4.721703E+00  1.040E-02
4.821703E+00  9.329E-03
4.921703E+00  8.467E-03
4.971703E+00  8.145E-03
5.021703E+00  7.964E-03
5.121703E+00  7.939E-03
5.321703E+00  8.317E-03
5.371703E+00  8.265E-03
5.421703E+00  8.115E-03
5.471703E+00  7.875E-03
5.571703E+00  7.174E-03
5.671703E+00  6.450E-03
5.721703E+00  6.185E-03
5.771703E+00  5.997E-03
5.821703E+00  5.884E-03
5.871703E+00  5.853E-03
5.971703E+00  5.993E-03
6.071703E+00  6.197E-03
6.171703E+00  6.242E-03
6.221703E+00  6.174E-03
6.271703E+00  6.036E-03
6.371703E+00  5.577E-03
6.521703E+00  4.804E-03
6.571703E+00  4.609E-03
6.621703E+00  4.464E-03
6.671703E+00  4.376E-03
6.721703E+00  4.346E-03
6.821703E+00  4.437E-03
6.971703E+00  4.684E-03
7.071703E+00  4.713E-03
7.121703E+00  4.653E-03
7.171703E+00  4.539E-03
7.271703E+00  4.186E-03
7.421703E+00  3.593E-03
7.471703E+00  3.443E-03
7.521703E+00  3.331E-03
7.571703E+00  3.260E-03
7.621703E+00  3.233E-03
7.671703E+00  3.245E-03
7.771703E+00  3.359E-03
7.921703E+00  3.565E-03
7.971703E+00  3.590E-03
8.021703E+00  3.578E-03
8.071703E+00  3.527E-03
8.171703E+00  3.318E-03
8.371703E+00  2.725E-03
8.421703E+00  2.605E-03
8.471703E+00  2.513E-03
8.521703E+00  2.453E-03
8.571703E+00  2.423E-03
8.621703E+00  2.424E-03
8.721703E+00  2.496E-03
8.921703E+00  2.725E-03
8.971703E+00  2.747E-03
9.021703E+00  2.740E-03
9.071703E+00  2.704E-03
9.171703E+00  2.548E-03
9.371703E+00  2.101E-03
9.471703E+00  1.926E-03
9.521703E+00  1.869E-03
9.571703E+00  1.835E-03
9.621703E+00  1.825E-03
9.721703E+00  1.865E-03
9.921703E+00  2.058E-03
1.002170E+01  2.113E-03
1.007170E+01  2.112E-03
1.058809E+01  1.681E-03
1.113095E+01  1.332E-03
1.170165E+01  1.050E-03
1.230161E+01  8.232E-04
1.293233E+01  6.423E-04
1.359539E+01  4.987E-04
1.429244E+01  3.853E-04
1.502523E+01  2.962E-04
1.579560E+01  2.265E-04
1.660546E+01  1.724E-04
1.745684E+01  1.306E-04
1.835188E+01  9.837E-05
1.929280E+01  7.375E-05
2.028197E+01  5.502E-05
2.132185E+01  4.084E-05
2.241505E+01  3.016E-05
2.356430E+01  2.216E-05
2.477247E+01  1.621E-05
2.604259E+01  1.179E-05
2.737782E+01  8.536E-06
2.878152E+01  6.149E-06
3.025718E+01  4.407E-06
3.180851E+01  3.143E-06
3.343937E+01  2.230E-06
3.515385E+01  1.575E-06
3.695624E+01  1.106E-06
3.885103E+01  7.733E-07
