# photon energy(Ry), cross section(Mb)
1.112608E-01  1.843E+01
1.132608E-01  1.735E+01
1.152608E-01  1.635E+01
1.172608E-01  1.542E+01
1.192608E-01  1.456E+01
1.212608E-01  1.375E+01
1.232608E-01  1.300E+01
1.252608E-01  1.230E+01
1.272608E-01  1.165E+01
1.292608E-01  1.104E+01
1.312608E-01  1.047E+01
1.332608E-01  9.937E+00
1.352608E-01  9.436E+00
1.372608E-01  8.965E+00
1.392608E-01  8.523E+00
1.412608E-01  8.108E+00
1.432608E-01  7.717E+00
1.452608E-01  7.348E+00
1.472608E-01  7.001E+00
1.492608E-01  6.674E+00
1.512608E-01  6.365E+00
1.532608E-01  6.074E+00
1.552608E-01  5.798E+00
1.572608E-01  5.537E+00
1.592608E-01  5.291E+00
1.612608E-01  5.058E+00
1.632608E-01  4.837E+00
1.652608E-01  4.627E+00
1.672608E-01  4.429E+00
1.692608E-01  4.241E+00
1.712608E-01  4.062E+00
1.732608E-01  3.893E+00
1.752608E-01  3.732E+00
1.772608E-01  3.579E+00
1.792608E-01  3.434E+00
1.812608E-01  3.296E+00
1.832608E-01  3.165E+00
1.852608E-01  3.040E+00
1.872608E-01  2.921E+00
1.892608E-01  2.808E+00
1.912608E-01  2.701E+00
1.932608E-01  2.598E+00
1.952608E-01  2.501E+00
1.972608E-01  2.408E+00
1.992608E-01  2.319E+00
2.012608E-01  2.234E+00
2.032608E-01  2.154E+00
2.052608E-01  2.077E+00
2.072608E-01  2.003E+00
2.092608E-01  1.933E+00
2.112608E-01  1.866E+00
2.132608E-01  1.802E+00
2.152608E-01  1.741E+00
2.172608E-01  1.682E+00
2.192608E-01  1.626E+00
2.212608E-01  1.572E+00
2.232608E-01  1.521E+00
2.252608E-01  1.472E+00
2.272608E-01  1.424E+00
2.292608E-01  1.379E+00
2.312608E-01  1.336E+00
2.332608E-01  1.294E+00
2.352608E-01  1.254E+00
2.372608E-01  1.216E+00
2.392608E-01  1.179E+00
2.412608E-01  1.143E+00
2.432608E-01  1.109E+00
2.452608E-01  1.076E+00
2.472608E-01  1.045E+00
2.492608E-01  1.014E+00
2.512608E-01  9.852E-01
2.532608E-01  9.569E-01
2.552608E-01  9.297E-01
2.572608E-01  9.034E-01
2.592608E-01  8.780E-01
2.612608E-01  8.535E-01
2.632608E-01  8.298E-01
2.652608E-01  8.070E-01
2.672608E-01  7.848E-01
2.692608E-01  7.634E-01
2.712608E-01  7.427E-01
2.732608E-01  7.227E-01
2.752608E-01  7.033E-01
2.772608E-01  6.845E-01
2.792608E-01  6.663E-01
2.812608E-01  6.487E-01
2.832608E-01  6.316E-01
2.852608E-01  6.150E-01
2.872608E-01  5.989E-01
2.892608E-01  5.833E-01
2.912608E-01  5.681E-01
2.932608E-01  5.534E-01
2.952608E-01  5.391E-01
2.972608E-01  5.253E-01
2.992608E-01  5.118E-01
3.012608E-01  4.987E-01
3.032608E-01  4.860E-01
3.052608E-01  4.737E-01
3.072608E-01  4.617E-01
3.092608E-01  4.500E-01
3.112608E-01  4.387E-01
3.132608E-01  4.277E-01
3.152608E-01  4.169E-01
3.172608E-01  4.065E-01
3.192608E-01  3.964E-01
3.212608E-01  3.866E-01
3.232608E-01  3.770E-01
3.252608E-01  3.677E-01
3.272608E-01  3.587E-01
3.292608E-01  3.499E-01
3.312608E-01  3.414E-01
3.332608E-01  3.331E-01
3.352608E-01  3.251E-01
3.372608E-01  3.172E-01
3.392608E-01  3.096E-01
3.412608E-01  3.022E-01
3.432608E-01  2.950E-01
3.452608E-01  2.880E-01
3.472608E-01  2.813E-01
3.492608E-01  2.747E-01
3.512608E-01  2.683E-01
3.532608E-01  2.620E-01
3.552608E-01  2.560E-01
3.572608E-01  2.501E-01
3.592608E-01  2.444E-01
3.612608E-01  2.389E-01
3.632608E-01  2.335E-01
3.652608E-01  2.283E-01
3.672608E-01  2.232E-01
3.692608E-01  2.183E-01
3.712608E-01  2.135E-01
3.732608E-01  2.089E-01
3.752608E-01  2.043E-01
3.772608E-01  2.000E-01
3.792608E-01  1.957E-01
3.812608E-01  1.916E-01
3.832608E-01  1.876E-01
3.852608E-01  1.837E-01
3.872608E-01  1.799E-01
3.892608E-01  1.762E-01
3.912608E-01  1.726E-01
3.932608E-01  1.692E-01
3.952608E-01  1.658E-01
3.972608E-01  1.625E-01
3.992608E-01  1.593E-01
4.012608E-01  1.562E-01
4.032608E-01  1.532E-01
4.052608E-01  1.503E-01
4.072608E-01  1.475E-01
4.092608E-01  1.447E-01
4.112608E-01  1.420E-01
4.132608E-01  1.394E-01
4.152608E-01  1.368E-01
4.172608E-01  1.343E-01
4.192608E-01  1.319E-01
4.212608E-01  1.296E-01
4.232608E-01  1.273E-01
4.252608E-01  1.250E-01
4.272608E-01  1.228E-01
4.292608E-01  1.207E-01
4.312608E-01  1.186E-01
4.332608E-01  1.166E-01
4.352608E-01  1.146E-01
4.372608E-01  1.127E-01
4.392608E-01  1.108E-01
4.412608E-01  1.089E-01
4.432608E-01  1.071E-01
4.452608E-01  1.053E-01
4.472608E-01  1.036E-01
4.492608E-01  1.019E-01
4.512608E-01  1.002E-01
4.532608E-01  9.862E-02
4.552608E-01  9.702E-02
4.572608E-01  9.545E-02
4.592608E-01  9.392E-02
4.612608E-01  9.241E-02
4.632608E-01  9.093E-02
4.652608E-01  8.947E-02
4.672608E-01  8.805E-02
4.692608E-01  8.664E-02
4.712608E-01  8.526E-02
4.732608E-01  8.391E-02
4.752608E-01  8.257E-02
4.772608E-01  8.126E-02
4.792608E-01  7.997E-02
4.812608E-01  7.870E-02
4.832608E-01  7.745E-02
4.852608E-01  7.622E-02
4.872608E-01  7.500E-02
4.892608E-01  7.381E-02
4.912608E-01  7.263E-02
4.932608E-01  7.147E-02
4.952608E-01  7.033E-02
4.972608E-01  6.920E-02
4.992608E-01  6.809E-02
5.012608E-01  6.699E-02
5.032608E-01  6.592E-02
5.052608E-01  6.485E-02
5.072608E-01  6.380E-02
5.092608E-01  6.277E-02
5.112608E-01  6.175E-02
5.132608E-01  6.075E-02
5.152608E-01  5.976E-02
5.172608E-01  5.878E-02
5.192608E-01  5.782E-02
5.212608E-01  5.687E-02
5.232608E-01  5.594E-02
5.252608E-01  5.502E-02
5.272608E-01  5.411E-02
5.292608E-01  5.322E-02
5.312608E-01  5.234E-02
5.332608E-01  5.147E-02
5.352608E-01  5.062E-02
5.372608E-01  4.978E-02
5.392608E-01  4.895E-02
5.412608E-01  4.814E-02
5.432608E-01  4.734E-02
5.452608E-01  4.655E-02
5.472608E-01  4.578E-02
5.492608E-01  4.502E-02
5.512608E-01  4.427E-02
5.532608E-01  4.353E-02
5.552608E-01  4.281E-02
5.572608E-01  4.210E-02
5.592608E-01  4.140E-02
5.612608E-01  4.071E-02
5.632608E-01  4.004E-02
5.652608E-01  3.938E-02
5.672608E-01  3.873E-02
5.692608E-01  3.810E-02
5.712608E-01  3.747E-02
5.732608E-01  3.686E-02
5.752608E-01  3.626E-02
5.772608E-01  3.567E-02
5.792608E-01  3.509E-02
5.812608E-01  3.453E-02
5.832608E-01  3.398E-02
5.852608E-01  3.343E-02
5.872608E-01  3.290E-02
5.892608E-01  3.238E-02
5.912608E-01  3.187E-02
5.932608E-01  3.138E-02
5.952608E-01  3.089E-02
5.972608E-01  3.041E-02
5.992608E-01  2.995E-02
6.012608E-01  2.949E-02
6.032608E-01  2.904E-02
6.052608E-01  2.861E-02
6.072608E-01  2.818E-02
6.092608E-01  2.777E-02
6.112608E-01  2.736E-02
6.132608E-01  2.696E-02
6.152608E-01  2.657E-02
6.172608E-01  2.620E-02
6.192608E-01  2.583E-02
6.212608E-01  2.546E-02
6.232608E-01  2.511E-02
6.252608E-01  2.477E-02
6.272608E-01  2.443E-02
6.292608E-01  2.410E-02
6.312608E-01  2.378E-02
6.332608E-01  2.347E-02
6.352608E-01  2.316E-02
6.372608E-01  2.286E-02
6.392608E-01  2.257E-02
6.412608E-01  2.229E-02
6.432608E-01  2.201E-02
6.452608E-01  2.174E-02
6.472608E-01  2.147E-02
6.492608E-01  2.121E-02
6.512608E-01  2.096E-02
6.532608E-01  2.071E-02
6.552608E-01  2.047E-02
6.572608E-01  2.024E-02
6.592608E-01  2.001E-02
6.612608E-01  1.978E-02
6.632608E-01  1.956E-02
6.652608E-01  1.934E-02
6.672608E-01  1.913E-02
6.692608E-01  1.892E-02
6.712608E-01  1.872E-02
6.732608E-01  1.852E-02
6.752608E-01  1.833E-02
6.772608E-01  1.814E-02
6.792608E-01  1.795E-02
6.812608E-01  1.777E-02
6.832608E-01  1.759E-02
6.852608E-01  1.741E-02
6.872608E-01  1.723E-02
6.892608E-01  1.706E-02
6.912608E-01  1.689E-02
6.932608E-01  1.673E-02
6.952608E-01  1.657E-02
6.972608E-01  1.640E-02
6.992608E-01  1.625E-02
7.012608E-01  1.609E-02
7.032608E-01  1.593E-02
7.052608E-01  1.578E-02
7.072608E-01  1.563E-02
7.092608E-01  1.548E-02
7.112608E-01  1.533E-02
7.132608E-01  1.519E-02
7.152608E-01  1.504E-02
7.172608E-01  1.490E-02
7.192608E-01  1.476E-02
7.212608E-01  1.462E-02
7.232608E-01  1.448E-02
7.252608E-01  1.434E-02
7.272608E-01  1.420E-02
7.292608E-01  1.406E-02
7.312608E-01  1.393E-02
7.332608E-01  1.379E-02
7.352608E-01  1.366E-02
7.372608E-01  1.352E-02
7.392608E-01  1.339E-02
7.412608E-01  1.326E-02
7.432608E-01  1.313E-02
7.452608E-01  1.300E-02
7.472608E-01  1.286E-02
7.492608E-01  1.273E-02
7.512608E-01  1.260E-02
7.532608E-01  1.247E-02
7.552608E-01  1.234E-02
7.572608E-01  1.222E-02
7.592608E-01  1.209E-02
7.612608E-01  1.196E-02
7.632608E-01  1.183E-02
7.652608E-01  1.170E-02
7.672608E-01  1.158E-02
7.692608E-01  1.145E-02
7.712608E-01  1.133E-02
7.732608E-01  1.120E-02
7.752608E-01  1.107E-02
7.772608E-01  1.095E-02
7.792608E-01  1.083E-02
7.812608E-01  1.070E-02
7.832608E-01  1.058E-02
7.852608E-01  1.046E-02
7.872608E-01  1.033E-02
7.892608E-01  1.021E-02
7.912608E-01  1.009E-02
7.932608E-01  9.969E-03
7.952608E-01  9.849E-03
7.972608E-01  9.730E-03
7.992608E-01  9.611E-03
8.012608E-01  9.493E-03
8.032608E-01  9.376E-03
8.052608E-01  9.259E-03
8.072608E-01  9.143E-03
8.092608E-01  9.029E-03
8.112608E-01  8.914E-03
8.132608E-01  8.801E-03
8.152608E-01  8.689E-03
8.172608E-01  8.577E-03
8.192608E-01  8.467E-03
8.212608E-01  8.357E-03
8.232608E-01  8.249E-03
8.252608E-01  8.141E-03
8.272608E-01  8.035E-03
8.292608E-01  7.930E-03
8.312608E-01  7.825E-03
8.332608E-01  7.722E-03
8.352608E-01  7.620E-03
8.372608E-01  7.520E-03
8.392608E-01  7.420E-03
8.412608E-01  7.322E-03
8.432608E-01  7.224E-03
8.452608E-01  7.129E-03
8.472608E-01  7.034E-03
8.492608E-01  6.940E-03
8.512608E-01  6.848E-03
8.532608E-01  6.758E-03
8.552608E-01  6.668E-03
8.572608E-01  6.580E-03
8.592608E-01  6.493E-03
8.612608E-01  6.408E-03
8.632608E-01  6.323E-03
8.652608E-01  6.241E-03
8.672608E-01  6.159E-03
8.692608E-01  6.079E-03
8.712608E-01  6.000E-03
8.732608E-01  5.923E-03
8.752608E-01  5.847E-03
8.772608E-01  5.773E-03
8.792608E-01  5.699E-03
8.812608E-01  5.628E-03
8.832608E-01  5.557E-03
8.852608E-01  5.488E-03
8.872608E-01  5.420E-03
8.892608E-01  5.354E-03
8.912608E-01  5.289E-03
8.932608E-01  5.225E-03
8.952608E-01  5.162E-03
8.972608E-01  5.101E-03
8.992608E-01  5.041E-03
9.012608E-01  4.983E-03
9.032608E-01  4.926E-03
9.052608E-01  4.870E-03
9.072608E-01  4.815E-03
9.092608E-01  4.762E-03
9.112608E-01  4.709E-03
9.132608E-01  4.658E-03
9.152608E-01  4.609E-03
9.172608E-01  4.560E-03
9.192608E-01  4.513E-03
9.212608E-01  4.466E-03
9.232608E-01  4.421E-03
9.252608E-01  4.377E-03
9.272608E-01  4.334E-03
9.292608E-01  4.292E-03
9.312608E-01  4.252E-03
9.332608E-01  4.212E-03
9.352608E-01  4.173E-03
9.372608E-01  4.135E-03
9.392608E-01  4.099E-03
9.412608E-01  4.063E-03
9.432608E-01  4.028E-03
9.452608E-01  3.994E-03
9.472608E-01  3.961E-03
9.492608E-01  3.929E-03
9.512608E-01  3.898E-03
9.532608E-01  3.867E-03
9.552608E-01  3.838E-03
9.572608E-01  3.809E-03
9.592608E-01  3.781E-03
9.612608E-01  3.754E-03
9.632608E-01  3.727E-03
9.652608E-01  3.701E-03
9.672608E-01  3.676E-03
9.692608E-01  3.651E-03
9.712608E-01  3.627E-03
9.732608E-01  3.604E-03
9.752608E-01  3.581E-03
9.772608E-01  3.559E-03
9.792608E-01  3.537E-03
9.812608E-01  3.516E-03
9.832608E-01  3.496E-03
9.852608E-01  3.475E-03
9.872608E-01  3.456E-03
9.892608E-01  3.436E-03
9.912608E-01  3.417E-03
9.932608E-01  3.399E-03
9.952608E-01  3.380E-03
9.972608E-01  3.363E-03
9.992608E-01  3.345E-03
1.001261E+00  3.328E-03
1.003261E+00  3.311E-03
1.005261E+00  3.294E-03
1.007261E+00  3.277E-03
1.009261E+00  3.261E-03
1.011261E+00  3.245E-03
1.013261E+00  3.229E-03
1.015261E+00  3.213E-03
1.017261E+00  3.197E-03
1.019261E+00  3.181E-03
1.021261E+00  3.166E-03
1.023261E+00  3.150E-03
1.025261E+00  3.135E-03
1.027261E+00  3.119E-03
1.029261E+00  3.104E-03
1.031261E+00  3.089E-03
1.033261E+00  3.073E-03
1.035261E+00  3.058E-03
1.037261E+00  3.042E-03
1.039261E+00  3.027E-03
1.041261E+00  3.011E-03
1.043261E+00  2.995E-03
1.045261E+00  2.979E-03
1.047261E+00  2.964E-03
1.049261E+00  2.947E-03
1.051261E+00  2.931E-03
1.053261E+00  2.915E-03
1.055261E+00  2.899E-03
1.057261E+00  2.882E-03
1.059261E+00  2.865E-03
1.061261E+00  2.848E-03
1.063261E+00  2.831E-03
1.065261E+00  2.814E-03
1.067261E+00  2.797E-03
1.069261E+00  2.779E-03
1.071261E+00  2.761E-03
1.073261E+00  2.743E-03
1.075261E+00  2.725E-03
1.077261E+00  2.707E-03
1.079261E+00  2.688E-03
1.081261E+00  2.670E-03
1.083261E+00  2.651E-03
1.085261E+00  2.632E-03
1.087261E+00  2.612E-03
1.089261E+00  2.593E-03
1.091261E+00  2.573E-03
1.093261E+00  2.553E-03
1.095261E+00  2.533E-03
1.097261E+00  2.513E-03
1.099261E+00  2.493E-03
1.101261E+00  2.472E-03
1.103261E+00  2.452E-03
1.105261E+00  2.431E-03
1.107261E+00  2.410E-03
1.109261E+00  2.389E-03
1.111261E+00  2.368E-03
1.113261E+00  2.347E-03
1.115261E+00  2.325E-03
1.117261E+00  2.304E-03
1.119261E+00  2.282E-03
1.121261E+00  2.260E-03
1.123261E+00  2.238E-03
1.125261E+00  2.217E-03
1.127261E+00  2.195E-03
1.129261E+00  2.173E-03
1.131261E+00  2.151E-03
1.133261E+00  2.129E-03
1.135261E+00  2.107E-03
1.137261E+00  2.085E-03
1.139261E+00  2.063E-03
1.141261E+00  2.041E-03
1.143261E+00  2.019E-03
1.145261E+00  1.997E-03
1.147261E+00  1.975E-03
1.149261E+00  1.953E-03
1.151261E+00  1.931E-03
1.153261E+00  1.909E-03
1.155261E+00  1.887E-03
1.157261E+00  1.866E-03
1.159261E+00  1.844E-03
1.161261E+00  1.823E-03
1.163261E+00  1.802E-03
1.165261E+00  1.780E-03
1.167261E+00  1.759E-03
1.169261E+00  1.738E-03
1.171261E+00  1.718E-03
1.173261E+00  1.697E-03
1.175261E+00  1.677E-03
1.177261E+00  1.656E-03
1.179261E+00  1.636E-03
1.181261E+00  1.616E-03
1.183261E+00  1.596E-03
1.185261E+00  1.577E-03
1.187261E+00  1.558E-03
1.189261E+00  1.538E-03
1.191261E+00  1.519E-03
1.193261E+00  1.501E-03
1.195261E+00  1.482E-03
1.197261E+00  1.464E-03
1.199261E+00  1.446E-03
1.201261E+00  1.428E-03
1.203261E+00  1.410E-03
1.205261E+00  1.393E-03
1.207261E+00  1.376E-03
1.209261E+00  1.359E-03
1.211261E+00  1.342E-03
1.213261E+00  1.326E-03
1.215261E+00  1.310E-03
1.217261E+00  1.294E-03
1.219261E+00  1.278E-03
1.221261E+00  1.263E-03
1.223261E+00  1.248E-03
1.225261E+00  1.233E-03
1.227261E+00  1.219E-03
1.229261E+00  1.204E-03
1.231261E+00  1.190E-03
1.233261E+00  1.177E-03
1.235261E+00  1.163E-03
1.237261E+00  1.150E-03
1.239261E+00  1.137E-03
1.241261E+00  1.124E-03
1.243261E+00  1.112E-03
1.245261E+00  1.099E-03
1.247261E+00  1.087E-03
1.249261E+00  1.076E-03
1.251261E+00  1.064E-03
1.253261E+00  1.053E-03
1.255261E+00  1.042E-03
1.257261E+00  1.032E-03
1.259261E+00  1.021E-03
1.261261E+00  1.011E-03
1.263261E+00  1.001E-03
1.265261E+00  9.917E-04
1.267261E+00  9.824E-04
1.269261E+00  9.732E-04
1.271261E+00  9.643E-04
1.273261E+00  9.557E-04
1.275261E+00  9.473E-04
1.277261E+00  9.391E-04
1.279261E+00  9.312E-04
1.281261E+00  9.235E-04
1.283261E+00  9.160E-04
1.285261E+00  9.088E-04
1.287261E+00  9.018E-04
1.289261E+00  8.950E-04
1.291261E+00  8.884E-04
1.293261E+00  8.820E-04
1.295261E+00  8.759E-04
1.297261E+00  8.699E-04
1.299261E+00  8.642E-04
1.301261E+00  8.587E-04
1.303261E+00  8.533E-04
1.305261E+00  8.482E-04
1.307261E+00  8.433E-04
1.309261E+00  8.385E-04
1.311261E+00  8.340E-04
1.313261E+00  8.296E-04
1.315261E+00  8.254E-04
1.317261E+00  8.214E-04
1.319261E+00  8.175E-04
1.321261E+00  8.138E-04
1.323261E+00  8.103E-04
1.325261E+00  8.070E-04
1.327261E+00  8.037E-04
1.329261E+00  8.007E-04
1.331261E+00  7.978E-04
1.333261E+00  7.950E-04
1.335261E+00  7.924E-04
1.337261E+00  7.899E-04
1.339261E+00  7.875E-04
1.341261E+00  7.853E-04
1.343261E+00  7.832E-04
1.345261E+00  7.812E-04
1.347261E+00  7.793E-04
1.349261E+00  7.775E-04
1.351261E+00  7.758E-04
1.353261E+00  7.742E-04
1.355261E+00  7.728E-04
1.357261E+00  7.713E-04
1.359261E+00  7.700E-04
1.361261E+00  7.688E-04
1.363261E+00  7.676E-04
1.365261E+00  7.665E-04
1.367261E+00  7.654E-04
1.369261E+00  7.644E-04
1.371261E+00  7.635E-04
1.373261E+00  7.626E-04
1.375261E+00  7.617E-04
1.377261E+00  7.609E-04
1.379261E+00  7.601E-04
1.381261E+00  7.593E-04
1.383261E+00  7.586E-04
1.385261E+00  7.579E-04
1.387261E+00  7.572E-04
1.389261E+00  7.564E-04
1.391261E+00  7.557E-04
1.393261E+00  7.550E-04
1.395261E+00  7.543E-04
1.397261E+00  7.535E-04
1.399261E+00  7.528E-04
1.401261E+00  7.520E-04
1.403261E+00  7.512E-04
1.405261E+00  7.503E-04
1.407261E+00  7.495E-04
1.409261E+00  7.485E-04
1.411261E+00  7.476E-04
1.413261E+00  7.466E-04
1.415261E+00  7.455E-04
1.417261E+00  7.444E-04
1.419261E+00  7.432E-04
1.421261E+00  7.419E-04
1.423261E+00  7.406E-04
1.425261E+00  7.392E-04
1.427261E+00  7.378E-04
1.429261E+00  7.363E-04
1.431261E+00  7.346E-04
1.433261E+00  7.330E-04
1.435261E+00  7.312E-04
1.437261E+00  7.293E-04
1.439261E+00  7.274E-04
1.441261E+00  7.253E-04
1.443261E+00  7.232E-04
1.445261E+00  7.210E-04
1.447261E+00  7.187E-04
1.449261E+00  7.162E-04
1.451261E+00  7.137E-04
1.453261E+00  7.111E-04
1.455261E+00  7.084E-04
1.457261E+00  7.056E-04
1.459261E+00  7.027E-04
1.461261E+00  6.997E-04
1.463261E+00  6.966E-04
1.465261E+00  6.934E-04
1.467261E+00  6.901E-04
1.469261E+00  6.867E-04
1.471261E+00  6.832E-04
1.473261E+00  6.796E-04
1.475261E+00  6.759E-04
1.477261E+00  6.721E-04
1.479261E+00  6.682E-04
1.481261E+00  6.642E-04
1.483261E+00  6.602E-04
1.485261E+00  6.560E-04
1.487261E+00  6.518E-04
1.489261E+00  6.474E-04
1.491261E+00  6.430E-04
1.493261E+00  6.385E-04
1.495261E+00  6.339E-04
1.497261E+00  6.293E-04
1.499261E+00  6.246E-04
1.501261E+00  6.198E-04
1.503261E+00  6.149E-04
1.505261E+00  6.100E-04
1.507261E+00  6.050E-04
1.509261E+00  5.999E-04
1.511261E+00  5.948E-04
1.513261E+00  5.897E-04
1.515261E+00  5.845E-04
1.517261E+00  5.792E-04
1.519261E+00  5.739E-04
1.521261E+00  5.685E-04
1.523261E+00  5.632E-04
1.525261E+00  5.577E-04
1.527261E+00  5.523E-04
1.529261E+00  5.468E-04
1.531261E+00  5.413E-04
1.533261E+00  5.358E-04
1.535261E+00  5.302E-04
1.537261E+00  5.247E-04
1.539261E+00  5.191E-04
1.541261E+00  5.135E-04
1.543261E+00  5.079E-04
1.545261E+00  5.023E-04
1.547261E+00  4.967E-04
1.549261E+00  4.912E-04
1.551261E+00  4.856E-04
1.553261E+00  4.800E-04
1.555261E+00  4.744E-04
1.557261E+00  4.689E-04
1.559261E+00  4.634E-04
1.561261E+00  4.579E-04
1.563261E+00  4.524E-04
1.565261E+00  4.469E-04
1.567261E+00  4.415E-04
1.569261E+00  4.361E-04
1.571261E+00  4.307E-04
1.573261E+00  4.254E-04
1.575261E+00  4.201E-04
1.577261E+00  4.148E-04
1.579261E+00  4.096E-04
1.581261E+00  4.045E-04
1.583261E+00  3.993E-04
1.585261E+00  3.942E-04
1.587261E+00  3.892E-04
1.589261E+00  3.842E-04
1.591261E+00  3.793E-04
1.593261E+00  3.744E-04
1.595261E+00  3.696E-04
1.597261E+00  3.648E-04
1.599261E+00  3.601E-04
1.601261E+00  3.554E-04
1.603261E+00  3.508E-04
1.605261E+00  3.463E-04
1.607261E+00  3.418E-04
1.609261E+00  3.374E-04
1.611261E+00  3.330E-04
1.613261E+00  3.288E-04
1.615261E+00  3.245E-04
1.617261E+00  3.203E-04
1.619261E+00  3.162E-04
1.621261E+00  3.122E-04
1.623261E+00  3.082E-04
1.625261E+00  3.043E-04
1.627261E+00  3.004E-04
1.629261E+00  2.967E-04
1.631261E+00  2.929E-04
1.633261E+00  2.893E-04
1.635261E+00  2.857E-04
1.637261E+00  2.822E-04
1.639261E+00  2.787E-04
1.641261E+00  2.753E-04
1.643261E+00  2.720E-04
1.645261E+00  2.687E-04
1.647261E+00  2.655E-04
1.649261E+00  2.623E-04
1.651261E+00  2.593E-04
1.653261E+00  2.562E-04
1.655261E+00  2.533E-04
1.657261E+00  2.504E-04
1.659261E+00  2.476E-04
1.661261E+00  2.448E-04
1.663261E+00  2.421E-04
1.665261E+00  2.395E-04
1.667261E+00  2.369E-04
1.669261E+00  2.344E-04
1.671261E+00  2.319E-04
1.673261E+00  2.295E-04
1.675261E+00  2.272E-04
1.677261E+00  2.249E-04
1.679261E+00  2.227E-04
1.681261E+00  2.205E-04
1.683261E+00  2.184E-04
1.685261E+00  2.164E-04
1.687261E+00  2.144E-04
1.689261E+00  2.125E-04
1.691261E+00  2.106E-04
1.693261E+00  2.088E-04
1.695261E+00  2.070E-04
1.697261E+00  2.053E-04
1.699261E+00  2.037E-04
1.701261E+00  2.021E-04
1.703261E+00  2.006E-04
1.705261E+00  1.991E-04
1.707261E+00  1.977E-04
1.709261E+00  1.963E-04
1.711261E+00  1.950E-04
1.713261E+00  1.937E-04
1.715261E+00  1.925E-04
1.717261E+00  1.913E-04
1.719261E+00  1.902E-04
1.721261E+00  1.892E-04
1.723261E+00  1.882E-04
1.725261E+00  1.872E-04
1.727261E+00  1.863E-04
1.729261E+00  1.855E-04
1.731261E+00  1.847E-04
1.733261E+00  1.839E-04
1.735261E+00  1.832E-04
1.737261E+00  1.825E-04
1.739261E+00  1.819E-04
1.741261E+00  1.814E-04
1.743261E+00  1.809E-04
1.745261E+00  1.804E-04
1.747261E+00  1.800E-04
1.749261E+00  1.796E-04
1.751261E+00  1.793E-04
1.753261E+00  1.790E-04
1.755261E+00  1.787E-04
1.757261E+00  1.785E-04
1.759261E+00  1.784E-04
1.761261E+00  1.782E-04
1.763261E+00  1.782E-04
1.765261E+00  1.781E-04
1.767261E+00  1.781E-04
1.769261E+00  1.781E-04
1.771261E+00  1.782E-04
1.773261E+00  1.783E-04
1.775261E+00  1.784E-04
1.777261E+00  1.786E-04
1.779261E+00  1.788E-04
1.781261E+00  1.790E-04
1.783261E+00  1.793E-04
1.785261E+00  1.796E-04
1.787261E+00  1.799E-04
1.789261E+00  1.802E-04
1.791261E+00  1.806E-04
1.793261E+00  1.810E-04
1.795261E+00  1.814E-04
1.797261E+00  1.818E-04
1.799261E+00  1.822E-04
1.801261E+00  1.827E-04
1.803261E+00  1.832E-04
1.805261E+00  1.837E-04
1.807261E+00  1.842E-04
1.809261E+00  1.847E-04
1.811261E+00  1.852E-04
1.813261E+00  1.858E-04
1.815261E+00  1.863E-04
1.817261E+00  1.869E-04
1.819261E+00  1.874E-04
1.821261E+00  1.880E-04
1.823261E+00  1.885E-04
1.825261E+00  1.891E-04
1.827261E+00  1.896E-04
1.829261E+00  1.902E-04
1.831261E+00  1.907E-04
1.833261E+00  1.913E-04
1.835261E+00  1.918E-04
1.837261E+00  1.923E-04
1.839261E+00  1.928E-04
1.841261E+00  1.933E-04
1.843261E+00  1.938E-04
1.845261E+00  1.942E-04
1.847261E+00  1.947E-04
1.849261E+00  1.951E-04
1.851261E+00  1.955E-04
1.853261E+00  1.959E-04
1.855261E+00  1.962E-04
1.857261E+00  1.966E-04
1.859261E+00  1.969E-04
1.861261E+00  1.971E-04
1.863261E+00  1.974E-04
1.865261E+00  1.976E-04
1.867261E+00  1.978E-04
1.869261E+00  1.980E-04
1.871261E+00  1.981E-04
1.873261E+00  1.982E-04
1.875261E+00  1.982E-04
1.877261E+00  1.983E-04
1.879261E+00  1.983E-04
1.881261E+00  1.982E-04
1.883261E+00  1.981E-04
1.885261E+00  1.980E-04
1.887261E+00  1.978E-04
1.889261E+00  1.976E-04
1.891261E+00  1.974E-04
1.893261E+00  1.971E-04
1.895261E+00  1.968E-04
1.897261E+00  1.964E-04
1.899261E+00  1.960E-04
1.901261E+00  1.955E-04
1.903261E+00  1.951E-04
1.905261E+00  1.945E-04
1.907261E+00  1.940E-04
1.909261E+00  1.933E-04
1.911261E+00  1.927E-04
1.913261E+00  1.920E-04
1.915261E+00  1.913E-04
1.917261E+00  1.905E-04
1.919261E+00  1.897E-04
1.921261E+00  1.888E-04
1.923261E+00  1.879E-04
1.925261E+00  1.870E-04
1.927261E+00  1.860E-04
1.929261E+00  1.850E-04
1.931261E+00  1.840E-04
1.933261E+00  1.829E-04
1.935261E+00  1.818E-04
1.937261E+00  1.806E-04
1.939261E+00  1.794E-04
1.941261E+00  1.782E-04
1.943261E+00  1.770E-04
1.945261E+00  1.757E-04
1.947261E+00  1.744E-04
1.949261E+00  1.730E-04
1.951261E+00  1.717E-04
1.953261E+00  1.703E-04
1.955261E+00  1.689E-04
1.957261E+00  1.674E-04
1.959261E+00  1.660E-04
1.961261E+00  1.645E-04
1.963261E+00  1.630E-04
1.965261E+00  1.615E-04
1.967261E+00  1.599E-04
1.969261E+00  1.583E-04
1.971261E+00  1.568E-04
1.973261E+00  1.552E-04
1.975261E+00  1.536E-04
1.977261E+00  1.520E-04
1.979261E+00  1.503E-04
1.981261E+00  1.487E-04
1.983261E+00  1.470E-04
1.985261E+00  1.454E-04
1.987261E+00  1.437E-04
1.989261E+00  1.421E-04
1.991261E+00  1.404E-04
1.993261E+00  1.387E-04
1.995261E+00  1.370E-04
1.997261E+00  1.354E-04
1.999261E+00  1.337E-04
2.001261E+00  1.320E-04
2.003261E+00  1.304E-04
2.005261E+00  1.287E-04
2.007261E+00  1.270E-04
2.009261E+00  1.254E-04
2.011261E+00  1.237E-04
2.013261E+00  1.221E-04
2.015261E+00  1.205E-04
2.017261E+00  1.189E-04
2.019261E+00  1.172E-04
2.021261E+00  1.157E-04
2.023261E+00  1.141E-04
2.025261E+00  1.125E-04
2.027261E+00  1.109E-04
2.029261E+00  1.094E-04
2.031261E+00  1.079E-04
2.033261E+00  1.063E-04
2.035261E+00  1.048E-04
2.037261E+00  1.034E-04
2.039261E+00  1.019E-04
2.041261E+00  1.005E-04
2.043261E+00  9.902E-05
2.045261E+00  9.761E-05
2.047261E+00  9.621E-05
2.049261E+00  9.484E-05
2.051261E+00  9.348E-05
2.053261E+00  9.214E-05
2.055261E+00  9.082E-05
2.057261E+00  8.952E-05
2.059261E+00  8.824E-05
2.061261E+00  8.698E-05
2.063261E+00  8.574E-05
2.065261E+00  8.451E-05
2.067261E+00  8.331E-05
2.069261E+00  8.213E-05
2.071261E+00  8.097E-05
2.073261E+00  7.982E-05
2.075261E+00  7.870E-05
2.077261E+00  7.759E-05
2.079261E+00  7.651E-05
2.081261E+00  7.544E-05
2.083261E+00  7.439E-05
2.085261E+00  7.336E-05
2.087261E+00  7.235E-05
2.089261E+00  7.135E-05
2.091261E+00  7.037E-05
2.093261E+00  6.941E-05
2.095261E+00  6.847E-05
2.097261E+00  6.754E-05
2.099261E+00  6.663E-05
2.101261E+00  6.574E-05
2.103261E+00  6.486E-05
2.105261E+00  6.400E-05
2.107261E+00  6.315E-05
2.109261E+00  6.232E-05
2.121261E+00  5.762E-05
2.140663E+00  5.094E-05
2.159500E+00  4.536E-05
2.177794E+00  4.067E-05
2.195566E+00  3.681E-05
2.212835E+00  3.375E-05
2.229620E+00  3.154E-05
2.245939E+00  3.015E-05
2.261809E+00  2.957E-05
2.277246E+00  2.968E-05
2.292266E+00  3.035E-05
2.348466E+00  3.481E-05
2.361612E+00  3.549E-05
2.374420E+00  3.574E-05
2.386904E+00  3.548E-05
2.399073E+00  3.471E-05
2.410938E+00  3.343E-05
2.422508E+00  3.167E-05
2.433795E+00  2.951E-05
2.444806E+00  2.700E-05
2.455551E+00  2.422E-05
2.476275E+00  1.819E-05
2.505567E+00  8.938E-06
2.514882E+00  6.114E-06
2.523983E+00  3.655E-06
2.532878E+00  1.917E-06
2.541572E+00  1.695E-06
2.550072E+00  4.922E-06
2.558383E+00  1.683E-05
2.566510E+00  5.413E-05
2.574460E+00  1.873E-04
2.582237E+00  9.417E-04
2.589846E+00  4.481E-02
2.597292E+00  4.071E-03
2.604580E+00  1.057E-03
2.611714E+00  5.593E-04
2.618698E+00  3.816E-04
2.625536E+00  2.957E-04
2.632234E+00  2.472E-04
2.638794E+00  2.169E-04
2.645219E+00  1.968E-04
2.651515E+00  1.829E-04
2.657684E+00  1.730E-04
2.663730E+00  1.658E-04
2.675464E+00  1.569E-04
2.692219E+00  1.512E-04
2.713096E+00  1.511E-04
2.732451E+00  1.559E-04
2.750428E+00  1.645E-04
2.767155E+00  1.768E-04
2.782746E+00  1.936E-04
2.797300E+00  2.158E-04
2.807591E+00  2.369E-04
2.817383E+00  2.627E-04
2.826710E+00  2.942E-04
2.835599E+00  3.325E-04
2.844078E+00  3.794E-04
2.852172E+00  4.369E-04
2.859904E+00  5.075E-04
2.867295E+00  5.948E-04
2.872042E+00  6.646E-04
2.876653E+00  7.457E-04
2.881131E+00  8.404E-04
2.885482E+00  9.515E-04
2.889711E+00  1.083E-03
2.893822E+00  1.239E-03
2.897820E+00  1.426E-03
2.901709E+00  1.654E-03
2.905492E+00  1.934E-03
2.907346E+00  2.099E-03
2.909174E+00  2.284E-03
2.910978E+00  2.492E-03
2.912758E+00  2.730E-03
2.914514E+00  3.001E-03
2.916247E+00  3.313E-03
2.917957E+00  3.676E-03
2.919645E+00  4.103E-03
2.921311E+00  4.609E-03
2.922955E+00  5.219E-03
2.924578E+00  5.965E-03
2.926181E+00  6.896E-03
2.927762E+00  8.085E-03
2.929323E+00  9.645E-03
2.930865E+00  1.176E-02
2.932387E+00  1.477E-02
2.933890E+00  1.930E-02
2.935374E+00  2.663E-02
2.936839E+00  3.990E-02
2.938286E+00  6.832E-02
2.939716E+00  1.503E-01
2.941127E+00  6.274E-01
2.942522E+00  3.325E+01
2.943899E+00  3.820E-01
2.945259E+00  9.926E-02
2.946603E+00  4.302E-02
2.947931E+00  2.303E-02
2.949242E+00  1.377E-02
2.950538E+00  9.820E-03
2.951819E+00  2.126E-02
2.953084E+00  3.028E+00
2.954334E+00  1.450E-01
2.955569E+00  5.826E-02
2.956790E+00  4.161E-02
2.957997E+00  3.616E-02
2.959189E+00  3.463E-02
2.960368E+00  3.517E-02
2.961533E+00  3.716E-02
2.962684E+00  4.045E-02
2.963823E+00  4.510E-02
2.964948E+00  5.133E-02
2.966060E+00  5.956E-02
2.967160E+00  7.042E-02
2.968248E+00  8.492E-02
2.969323E+00  1.046E-01
2.970386E+00  1.321E-01
2.971437E+00  1.718E-01
2.972476E+00  2.318E-01
2.973504E+00  3.279E-01
2.974520E+00  4.955E-01
2.975526E+00  8.254E-01
2.976520E+00  1.615E+00
2.977503E+00  4.344E+00
2.978476E+00  3.113E+01
2.979438E+00  7.541E+01
2.980390E+00  6.183E+00
2.981331E+00  2.146E+00
2.982262E+00  1.093E+00
2.983183E+00  6.681E-01
2.984095E+00  4.541E-01
2.984997E+00  3.310E-01
2.985889E+00  2.536E-01
2.986771E+00  2.017E-01
2.987645E+00  1.650E-01
2.988509E+00  1.381E-01
2.989365E+00  1.178E-01
2.990211E+00  1.021E-01
2.991048E+00  8.958E-02
2.991877E+00  7.952E-02
2.992698E+00  7.128E-02
2.993510E+00  6.445E-02
2.994313E+00  5.871E-02
2.995109E+00  5.385E-02
2.995896E+00  4.969E-02
2.997447E+00  4.298E-02
2.998967E+00  3.787E-02
3.000456E+00  3.389E-02
3.002636E+00  2.943E-02
3.004751E+00  2.624E-02
3.006806E+00  2.400E-02
3.008801E+00  2.262E-02
3.010100E+00  2.229E-02
3.010740E+00  2.244E-02
3.011375E+00  2.299E-02
3.012003E+00  2.439E-02
3.012625E+00  2.819E-02
3.013241E+00  4.469E-02
3.013852E+00  3.087E+00
3.014457E+00  2.776E-02
3.015056E+00  1.679E-02
3.015650E+00  1.575E-02
3.016238E+00  1.564E-02
3.018538E+00  1.615E-02
3.020208E+00  1.703E-02
3.021297E+00  1.817E-02
3.021834E+00  1.907E-02
3.022366E+00  2.036E-02
3.022894E+00  2.231E-02
3.023416E+00  2.547E-02
3.023935E+00  3.124E-02
3.024448E+00  4.389E-02
3.024957E+00  8.303E-02
3.025462E+00  3.854E-01
3.025962E+00  1.524E+00
3.026458E+00  9.473E-02
3.026950E+00  3.715E-02
3.027437E+00  2.423E-02
3.027920E+00  1.974E-02
3.028399E+00  1.792E-02
3.028874E+00  1.722E-02
3.029344E+00  1.711E-02
3.029811E+00  1.744E-02
3.030274E+00  1.826E-02
3.030733E+00  2.001E-02
3.031187E+00  2.457E-02
3.031639E+00  4.568E-02
3.032086E+00  1.339E+00
3.032529E+00  1.044E-01
3.032969E+00  4.198E-02
3.033405E+00  3.317E-02
3.033838E+00  3.129E-02
3.034267E+00  3.162E-02
3.034692E+00  3.314E-02
3.035114E+00  3.560E-02
3.035532E+00  3.907E-02
3.035947E+00  4.377E-02
3.036358E+00  5.019E-02
3.036767E+00  5.916E-02
3.037171E+00  7.219E-02
3.037573E+00  9.225E-02
3.037971E+00  1.258E-01
3.038366E+00  1.896E-01
3.038758E+00  3.384E-01
3.039147E+00  8.597E-01
3.039532E+00  7.496E+00
3.039915E+00  5.266E+00
3.040294E+00  5.598E-01
3.040671E+00  1.795E-01
3.041044E+00  8.010E-02
3.041415E+00  4.177E-02
3.041782E+00  2.375E-02
3.042147E+00  1.419E-02
3.042509E+00  8.715E-03
3.042868E+00  5.402E-03
3.043224E+00  3.327E-03
3.043577E+00  2.000E-03
3.043928E+00  1.145E-03
3.044276E+00  6.001E-04
3.044621E+00  2.667E-04
3.044964E+00  8.324E-05
3.045304E+00  1.209E-05
3.045641E+00  3.224E-05
3.045976E+00  1.367E-04
3.046308E+00  3.346E-04
3.046638E+00  6.609E-04
3.046965E+00  1.209E-03
3.047289E+00  2.240E-03
3.047612E+00  4.706E-03
3.047931E+00  1.471E-02
3.048249E+00  5.134E-01
3.048564E+00  2.096E-02
3.048877E+00  2.991E-03
3.049187E+00  7.560E-04
3.049495E+00  1.930E-04
3.049801E+00  3.411E-05
3.050104E+00  1.209E-05
3.050405E+00  4.585E-05
3.050704E+00  1.050E-04
3.051001E+00  1.765E-04
3.051296E+00  2.543E-04
3.051879E+00  4.188E-04
3.052453E+00  5.914E-04
3.052737E+00  6.827E-04
3.053019E+00  7.818E-04
3.053299E+00  8.989E-04
3.053577E+00  1.071E-03
3.053853E+00  1.565E-03
3.054127E+00  3.140E-01
3.054399E+00  1.119E-03
3.054669E+00  1.095E-03
3.055468E+00  1.345E-03
3.056507E+00  1.708E-03
3.057267E+00  2.027E-03
3.057766E+00  2.291E-03
3.058012E+00  2.451E-03
3.058257E+00  2.641E-03
3.058500E+00  2.876E-03
3.058741E+00  3.183E-03
3.058981E+00  3.615E-03
3.059219E+00  4.291E-03
3.059456E+00  5.520E-03
3.059691E+00  8.365E-03
3.059924E+00  1.889E-02
3.060156E+00  2.129E-01
3.060386E+00  5.910E-02
3.060615E+00  1.079E-02
3.060842E+00  5.724E-03
3.061067E+00  4.407E-03
3.061291E+00  3.982E-03
3.061514E+00  3.879E-03
3.061735E+00  3.931E-03
3.061955E+00  4.083E-03
3.062173E+00  4.326E-03
3.062390E+00  4.689E-03
3.062605E+00  5.280E-03
3.062819E+00  6.471E-03
3.063031E+00  1.014E-02
3.063242E+00  4.252E-02
3.063452E+00  1.765E-01
3.063660E+00  1.899E-02
3.063867E+00  1.177E-02
3.064073E+00  1.038E-02
3.064277E+00  1.033E-02
3.064480E+00  1.087E-02
3.064681E+00  1.182E-02
3.064882E+00  1.319E-02
3.065081E+00  1.507E-02
3.065279E+00  1.766E-02
3.065475E+00  2.131E-02
3.065670E+00  2.667E-02
3.065864E+00  3.504E-02
3.066057E+00  4.931E-02
3.066249E+00  7.711E-02
3.066439E+00  1.447E-01
3.066628E+00  4.013E-01
3.066816E+00  5.146E+00
3.067003E+00  1.551E+00
3.067188E+00  2.144E-01
3.067373E+00  7.492E-02
3.067556E+00  3.551E-02
3.067738E+00  1.957E-02
3.067919E+00  1.177E-02
3.068099E+00  7.478E-03
3.068277E+00  4.925E-03
3.068455E+00  3.319E-03
3.068631E+00  2.265E-03
3.068807E+00  1.554E-03
3.068981E+00  1.063E-03
3.069154E+00  7.185E-04
3.069327E+00  4.758E-04
3.069498E+00  3.045E-04
3.069668E+00  1.847E-04
3.069837E+00  1.029E-04
3.070005E+00  4.988E-05
3.070172E+00  1.998E-05
3.070338E+00  1.110E-05
3.070503E+00  2.969E-05
3.070667E+00  1.351E-04
3.070830E+00  5.444E-03
3.070992E+00  1.063E-04
3.071153E+00  4.956E-06
3.071313E+00  1.462E-05
3.071472E+00  3.621E-05
3.071631E+00  6.120E-05
3.071944E+00  1.133E-04
3.072100E+00  1.358E-04
3.072254E+00  1.407E-04
3.072408E+00  7.616E-04
3.072560E+00  3.045E-04
3.072712E+00  3.169E-04
3.072863E+00  3.459E-04
3.073013E+00  4.241E-04
3.073162E+00  4.726E-04
3.073310E+00  4.520E-04
3.073458E+00  4.810E-04
3.074038E+00  6.223E-04
3.074746E+00  8.173E-04
3.075434E+00  1.037E-03
3.075970E+00  1.241E-03
3.076364E+00  1.421E-03
3.076752E+00  1.641E-03
3.077007E+00  1.826E-03
3.077133E+00  1.939E-03
3.077259E+00  2.075E-03
3.077384E+00  2.251E-03
3.077508E+00  2.513E-03
3.077632E+00  3.032E-03
3.077755E+00  5.218E-03
3.077877E+00  3.339E-02
3.077999E+00  2.484E-03
3.078120E+00  2.438E-03
3.078240E+00  2.658E-03
3.078359E+00  2.938E-03
3.078478E+00  3.285E-03
3.078597E+00  3.750E-03
3.078714E+00  4.438E-03
3.078832E+00  5.622E-03
3.078948E+00  8.170E-03
3.079064E+00  1.632E-02
3.079179E+00  8.878E-02
3.079294E+00  2.945E-01
3.079407E+00  2.531E-02
3.079521E+00  1.222E-02
3.079634E+00  9.278E-03
3.079746E+00  8.510E-03
3.079857E+00  8.563E-03
3.079968E+00  9.085E-03
3.080079E+00  9.990E-03
3.080188E+00  1.131E-02
3.080298E+00  1.316E-02
3.080406E+00  1.577E-02
3.080514E+00  1.956E-02
3.080622E+00  2.534E-02
3.080729E+00  3.486E-02
3.080835E+00  5.228E-02
3.080941E+00  9.015E-02
3.081046E+00  2.023E-01
3.081151E+00  9.130E-01
3.081255E+00  2.235E+01
3.081359E+00  4.197E-01
3.081462E+00  1.134E-01
3.081564E+00  4.951E-02
3.081666E+00  2.665E-02
3.081768E+00  1.613E-02
3.081869E+00  1.054E-02
3.081969E+00  7.261E-03
3.082069E+00  5.212E-03
3.082169E+00  3.870E-03
3.082268E+00  2.965E-03
3.082366E+00  2.348E-03
3.082464E+00  1.935E-03
3.082562E+00  1.689E-03
3.082659E+00  1.625E-03
3.082755E+00  1.901E-03
3.082851E+00  3.787E-03
3.082947E+00  3.784E+01
3.083042E+00  8.153E-04
3.083136E+00  1.069E-04
3.083230E+00  3.360E-05
3.083324E+00  1.889E-05
3.083417E+00  1.459E-05
3.083509E+00  1.295E-05
3.083602E+00  1.206E-05
3.083693E+00  1.095E-05
3.083785E+00  8.809E-06
3.083876E+00  5.627E-06
3.083966E+00  7.958E-06
3.084056E+00  8.988E-05
3.084145E+00  3.137E-03
3.084234E+00  3.839E-03
3.084323E+00  1.006E-03
3.084411E+00  1.208E-03
3.084499E+00  5.523E-04
3.084586E+00  4.872E-04
3.084673E+00  4.684E-04
3.084760E+00  4.657E-04
3.084846E+00  4.719E-04
3.085016E+00  4.993E-04
3.085270E+00  5.612E-04
3.085601E+00  6.666E-04
3.085927E+00  7.936E-04
3.086246E+00  9.451E-04
3.086482E+00  1.081E-03
3.086714E+00  1.245E-03
3.086867E+00  1.379E-03
3.087019E+00  1.548E-03
3.087094E+00  1.656E-03
3.087169E+00  1.794E-03
3.087244E+00  1.998E-03
3.087318E+00  2.426E-03
3.087392E+00  5.277E-03
3.087465E+00  2.832E-03
3.087539E+00  1.902E-03
3.087611E+00  2.087E-03
3.087684E+00  2.320E-03
3.087756E+00  2.596E-03
3.087828E+00  2.951E-03
3.087900E+00  3.451E-03
3.087971E+00  4.249E-03
3.088042E+00  5.766E-03
3.088112E+00  9.589E-03
3.088183E+00  2.651E-02
3.088253E+00  1.001E+00
3.088322E+00  5.585E-02
3.088391E+00  1.496E-02
3.088460E+00  9.171E-03
3.088529E+00  7.620E-03
3.088597E+00  7.289E-03
3.088666E+00  7.518E-03
3.088733E+00  8.125E-03
3.088801E+00  9.087E-03
3.088868E+00  1.047E-02
3.088935E+00  1.243E-02
3.089001E+00  1.525E-02
3.089067E+00  1.950E-02
3.089133E+00  2.632E-02
3.089199E+00  3.832E-02
3.089264E+00  6.273E-02
3.089330E+00  1.264E-01
3.089394E+00  4.073E-01
3.089459E+00  1.572E+01
3.089523E+00  7.596E-01
3.089587E+00  1.454E-01
3.089651E+00  5.710E-02
3.089714E+00  2.935E-02
3.089777E+00  1.739E-02
3.089840E+00  1.127E-02
3.089902E+00  7.780E-03
3.089965E+00  5.635E-03
3.090027E+00  4.252E-03
3.090088E+00  3.338E-03
3.090150E+00  2.736E-03
3.090211E+00  2.369E-03
3.090272E+00  2.228E-03
3.090333E+00  2.425E-03
3.090393E+00  3.661E-03
3.090453E+00  1.934E-02
3.090513E+00  6.141E-03
3.090573E+00  3.742E-04
3.090632E+00  7.506E-05
3.090691E+00  2.881E-05
3.090750E+00  1.812E-05
3.090809E+00  1.457E-05
3.090867E+00  1.280E-05
3.090925E+00  1.156E-05
3.090983E+00  1.048E-05
3.091040E+00  9.670E-06
3.091098E+00  1.093E-05
3.091155E+00  2.404E-05
3.091212E+00  1.128E-04
3.091268E+00  1.198E-03
3.091325E+00  3.108E-02
3.091381E+00  2.789E-03
3.091437E+00  8.312E-04
3.091493E+00  5.968E-04
3.091548E+00  5.064E-04
3.091603E+00  4.658E-04
3.091658E+00  4.483E-04
3.091713E+00  4.434E-04
3.091768E+00  4.462E-04
3.091876E+00  4.657E-04
3.092037E+00  5.152E-04
3.092196E+00  5.799E-04
3.092404E+00  6.848E-04
3.092559E+00  7.781E-04
3.092711E+00  8.871E-04
3.092862E+00  1.017E-03
3.093011E+00  1.180E-03
3.093109E+00  1.321E-03
3.093158E+00  1.408E-03
3.093206E+00  1.517E-03
3.093255E+00  1.670E-03
3.093303E+00  1.947E-03
3.093351E+00  3.093E-03
3.093399E+00  5.189E-03
3.093446E+00  1.654E-03
3.093494E+00  1.799E-03
3.093541E+00  1.996E-03
3.093588E+00  2.228E-03
3.093635E+00  2.519E-03
3.093682E+00  2.921E-03
3.093728E+00  3.539E-03
3.093774E+00  4.656E-03
3.093821E+00  7.237E-03
3.093866E+00  1.664E-02
3.093912E+00  1.566E-01
3.093958E+00  1.013E-01
3.094003E+00  1.665E-02
3.094049E+00  8.962E-03
3.094094E+00  7.054E-03
3.094138E+00  6.578E-03
3.094183E+00  6.694E-03
3.094228E+00  7.178E-03
3.094272E+00  7.987E-03
3.094316E+00  9.167E-03
3.094360E+00  1.084E-02
3.094404E+00  1.326E-02
3.094448E+00  1.688E-02
3.094491E+00  2.263E-02
3.094535E+00  3.264E-02
3.094578E+00  5.261E-02
3.094621E+00  1.028E-01
3.094664E+00  3.050E-01
3.094706E+00  5.384E+00
3.094749E+00  9.391E-01
3.094791E+00  1.512E-01
3.094833E+00  5.672E-02
3.094875E+00  2.858E-02
3.094917E+00  1.677E-02
3.094959E+00  1.081E-02
3.095000E+00  7.445E-03
3.095042E+00  5.391E-03
3.095083E+00  4.073E-03
3.095124E+00  3.205E-03
3.095165E+00  2.635E-03
3.095206E+00  2.292E-03
3.095246E+00  2.166E-03
3.095287E+00  2.368E-03
3.095327E+00  3.573E-03
3.095367E+00  1.804E-02
3.095407E+00  6.750E-03
3.095447E+00  3.969E-04
3.095487E+00  7.924E-05
3.095526E+00  3.051E-05
3.095565E+00  1.949E-05
3.095605E+00  1.599E-05
3.095644E+00  1.434E-05
3.095683E+00  1.328E-05
3.095722E+00  1.259E-05
3.095760E+00  1.272E-05
3.095799E+00  1.609E-05
3.095837E+00  3.422E-05
3.095875E+00  1.370E-04
3.095913E+00  1.285E-03
3.095951E+00  5.422E-02
3.095989E+00  1.663E-03
3.096027E+00  7.866E-04
3.096064E+00  5.615E-04
3.096102E+00  4.723E-04
3.096139E+00  4.315E-04
3.096176E+00  4.131E-04
3.096213E+00  4.068E-04
3.096250E+00  4.081E-04
3.096323E+00  4.241E-04
3.096396E+00  4.511E-04
3.096504E+00  5.045E-04
3.096646E+00  5.940E-04
3.096787E+00  7.037E-04
3.096925E+00  8.388E-04
3.097027E+00  9.642E-04
3.097095E+00  1.065E-03
3.097162E+00  1.189E-03
3.097195E+00  1.265E-03
3.097229E+00  1.358E-03
3.097262E+00  1.482E-03
3.097295E+00  1.689E-03
3.097328E+00  2.354E-03
3.097361E+00  1.725E-02
3.097393E+00  1.516E-03
3.097426E+00  1.636E-03
3.097459E+00  1.812E-03
3.097491E+00  2.016E-03
3.097523E+00  2.270E-03
3.097555E+00  2.613E-03
3.097587E+00  3.130E-03
3.097619E+00  4.030E-03
3.097651E+00  5.991E-03
3.097683E+00  1.235E-02
3.097714E+00  7.058E-02
3.097746E+00  2.086E-01
3.097777E+00  1.876E-02
3.097808E+00  8.964E-03
3.097839E+00  6.742E-03
3.097870E+00  6.159E-03
3.097901E+00  6.203E-03
3.097932E+00  6.613E-03
3.097963E+00  7.331E-03
3.097994E+00  8.389E-03
3.098024E+00  9.896E-03
3.098054E+00  1.207E-02
3.098085E+00  1.530E-02
3.098115E+00  2.043E-02
3.098145E+00  2.925E-02
3.098175E+00  4.662E-02
3.098205E+00  8.913E-02
3.098235E+00  2.506E-01
3.098264E+00  3.046E+00
3.098294E+00  1.142E+00
3.098323E+00  1.571E-01
3.098353E+00  5.673E-02
3.098382E+00  2.811E-02
3.098411E+00  1.634E-02
3.098440E+00  1.048E-02
3.098469E+00  7.187E-03
3.098498E+00  5.190E-03
3.098527E+00  3.914E-03
3.098556E+00  3.075E-03
3.098584E+00  2.524E-03
3.098613E+00  2.190E-03
3.098641E+00  2.061E-03
3.098669E+00  2.236E-03
3.098697E+00  3.310E-03
3.098726E+00  1.519E-02
3.098754E+00  7.318E-03
3.098782E+00  3.901E-04
3.098809E+00  7.565E-05
3.098837E+00  2.938E-05
3.098865E+00  1.941E-05
3.098892E+00  1.641E-05
3.098920E+00  1.505E-05
3.098947E+00  1.425E-05
3.098974E+00  1.395E-05
3.099002E+00  1.476E-05
3.099029E+00  1.951E-05
3.099056E+00  4.087E-05
3.099083E+00  1.551E-04
3.099109E+00  1.501E-03
3.099136E+00  2.554E-02
3.099163E+00  1.520E-03
3.099189E+00  7.287E-04
3.099216E+00  5.213E-04
3.099242E+00  4.386E-04
3.099268E+00  4.007E-04
3.099295E+00  3.835E-04
3.099321E+00  3.776E-04
3.099347E+00  3.788E-04
3.099399E+00  3.937E-04
3.099476E+00  4.341E-04
3.099552E+00  4.881E-04
3.099628E+00  5.526E-04
3.099703E+00  6.275E-04
3.099801E+00  7.470E-04
3.099875E+00  8.562E-04
3.099947E+00  9.912E-04
3.099995E+00  1.104E-03
3.100019E+00  1.173E-03
3.100043E+00  1.255E-03
3.100066E+00  1.361E-03
3.100090E+00  1.527E-03
3.100114E+00  1.969E-03
3.100137E+00  5.001E-02
3.100161E+00  1.431E-03
3.100184E+00  1.532E-03
3.100207E+00  1.695E-03
3.100230E+00  1.882E-03
3.100254E+00  2.112E-03
3.100277E+00  2.419E-03
3.100300E+00  2.871E-03
3.100322E+00  3.638E-03
3.100345E+00  5.237E-03
3.100368E+00  1.000E-02
3.100391E+00  4.312E-02
3.100413E+00  5.917E-01
3.100436E+00  2.162E-02
3.100458E+00  9.152E-03
3.100481E+00  6.588E-03
3.100503E+00  5.904E-03
3.100525E+00  5.890E-03
3.100548E+00  6.245E-03
3.100570E+00  6.899E-03
3.100592E+00  7.873E-03
3.100614E+00  9.265E-03
3.100636E+00  1.127E-02
3.100658E+00  1.424E-02
3.100679E+00  1.893E-02
3.100701E+00  2.694E-02
3.100723E+00  4.251E-02
3.100744E+00  7.979E-02
3.100766E+00  2.145E-01
3.100787E+00  2.019E+00
3.100809E+00  1.431E+00
3.100830E+00  1.658E-01
3.100851E+00  5.765E-02
3.100873E+00  2.810E-02
3.100894E+00  1.619E-02
3.100915E+00  1.032E-02
3.100936E+00  7.049E-03
3.100957E+00  5.075E-03
3.100978E+00  3.817E-03
3.100998E+00  2.991E-03
3.101019E+00  2.450E-03
3.101040E+00  2.119E-03
3.101061E+00  1.985E-03
3.101081E+00  2.137E-03
3.101102E+00  3.120E-03
3.101122E+00  1.362E-02
3.101142E+00  7.285E-03
3.101163E+00  3.636E-04
3.101183E+00  6.872E-05
3.101203E+00  2.726E-05
3.101223E+00  1.885E-05
3.101243E+00  1.646E-05
3.101263E+00  1.539E-05
3.101281E+00  1.486E-05
3.106300E+00  7.015E-04
3.111261E+00  6.361E-04
3.119451E+00  5.425E-04
3.127461E+00  4.652E-04
3.135297E+00  4.018E-04
3.142963E+00  3.503E-04
3.150464E+00  3.083E-04
3.157805E+00  2.735E-04
3.164991E+00  2.444E-04
3.172026E+00  2.197E-04
3.178914E+00  1.985E-04
3.185659E+00  1.802E-04
3.192265E+00  1.646E-04
3.198736E+00  1.511E-04
3.211287E+00  1.295E-04
3.223340E+00  1.135E-04
3.234921E+00  1.015E-04
3.246054E+00  9.253E-05
3.261964E+00  8.328E-05
3.276988E+00  7.798E-05
3.291190E+00  7.595E-05
3.304631E+00  7.693E-05
3.317363E+00  8.094E-05
3.325482E+00  8.546E-05
3.333321E+00  9.170E-05
3.340893E+00  1.000E-04
3.348209E+00  1.110E-04
3.351776E+00  1.177E-04
3.358731E+00  1.344E-04
3.362123E+00  1.447E-04
3.365459E+00  1.568E-04
3.368741E+00  1.710E-04
3.371969E+00  1.878E-04
3.375145E+00  2.079E-04
3.378270E+00  2.322E-04
3.381345E+00  2.623E-04
3.384371E+00  3.002E-04
3.387349E+00  3.492E-04
3.390281E+00  4.147E-04
3.393166E+00  5.060E-04
3.396007E+00  6.411E-04
3.398804E+00  8.569E-04
3.401557E+00  1.240E-03
3.404268E+00  2.026E-03
3.406938E+00  3.913E-03
3.409568E+00  7.809E-03
3.412157E+00  7.166E-03
3.414708E+00  3.631E-03
3.417221E+00  2.173E-03
3.419696E+00  1.659E-03
3.422135E+00  1.517E-03
3.424538E+00  1.567E-03
3.426905E+00  1.761E-03
3.429238E+00  2.104E-03
3.431537E+00  2.645E-03
3.433803E+00  3.491E-03
3.436036E+00  4.862E-03
3.438238E+00  7.242E-03
3.440408E+00  1.185E-02
3.442547E+00  2.250E-02
3.444656E+00  5.664E-02
3.446736E+00  3.090E-01
3.448786E+00  3.376E+00
3.450808E+00  1.261E-01
3.452802E+00  3.960E-02
3.454768E+00  1.945E-02
3.456708E+00  1.168E-02
3.458621E+00  7.870E-03
3.460508E+00  5.711E-03
3.462369E+00  4.365E-03
3.464205E+00  3.468E-03
3.466017E+00  2.838E-03
3.467805E+00  2.378E-03
3.469568E+00  2.031E-03
3.471309E+00  1.762E-03
3.473026E+00  1.549E-03
3.474721E+00  1.378E-03
3.476394E+00  1.238E-03
3.478045E+00  1.122E-03
3.479675E+00  1.025E-03
3.481283E+00  9.433E-04
3.482871E+00  8.740E-04
3.484439E+00  8.156E-04
3.485987E+00  7.670E-04
3.487515E+00  7.288E-04
3.489024E+00  7.043E-04
3.490514E+00  7.065E-04
3.491985E+00  7.860E-04
3.493438E+00  9.941E-04
3.494873E+00  7.441E-04
3.496290E+00  5.741E-04
3.497689E+00  5.108E-04
3.499072E+00  4.759E-04
3.501786E+00  4.312E-04
3.505737E+00  3.855E-04
3.510786E+00  3.423E-04
3.516772E+00  3.048E-04
3.522419E+00  2.799E-04
3.527753E+00  2.650E-04
3.532798E+00  2.601E-04
3.535693E+00  2.632E-04
3.538496E+00  2.732E-04
3.540315E+00  2.857E-04
3.542096E+00  3.057E-04
3.542972E+00  3.199E-04
3.543839E+00  3.380E-04
3.544697E+00  3.615E-04
3.545546E+00  3.926E-04
3.546387E+00  4.344E-04
3.547218E+00  4.921E-04
3.548041E+00  5.744E-04
3.548855E+00  6.952E-04
3.549662E+00  8.773E-04
3.550459E+00  1.146E-03
3.551249E+00  1.458E-03
3.552031E+00  1.351E-03
3.552805E+00  4.313E-04
3.553571E+00  1.933E-01
3.554329E+00  8.944E-03
3.555080E+00  3.097E-03
3.555823E+00  1.740E-03
3.556559E+00  1.193E-03
3.557288E+00  9.200E-04
3.558009E+00  7.686E-04
3.558723E+00  6.807E-04
3.559430E+00  6.307E-04
3.560131E+00  6.058E-04
3.560824E+00  5.999E-04
3.561511E+00  6.101E-04
3.562191E+00  6.363E-04
3.562865E+00  6.800E-04
3.563532E+00  7.457E-04
3.564193E+00  8.409E-04
3.564847E+00  9.795E-04
3.565495E+00  1.187E-03
3.566137E+00  1.512E-03
3.566773E+00  2.062E-03
3.567403E+00  3.106E-03
3.568027E+00  5.500E-03
3.568645E+00  1.336E-02
3.569257E+00  8.327E-02
3.569864E+00  2.371E-01
3.570465E+00  1.625E-02
3.571060E+00  5.214E-03
3.571650E+00  2.511E-03
3.572234E+00  1.478E-03
3.572813E+00  9.906E-04
3.573387E+00  7.346E-04
3.573956E+00  6.000E-04
3.574519E+00  5.497E-04
3.575077E+00  5.987E-04
3.575630E+00  9.191E-04
3.576179E+00  4.140E-03
3.576722E+00  5.437E-03
3.577260E+00  4.077E-04
3.577794E+00  1.491E-04
3.578323E+00  8.997E-05
3.578847E+00  6.781E-05
3.579366E+00  5.683E-05
3.579881E+00  5.035E-05
3.580392E+00  4.606E-05
3.580898E+00  4.300E-05
3.581399E+00  4.074E-05
3.582389E+00  3.770E-05
3.583362E+00  3.602E-05
3.584318E+00  3.547E-05
3.584790E+00  3.568E-05
3.585257E+00  3.634E-05
3.585721E+00  3.764E-05
3.586181E+00  3.998E-05
3.586637E+00  4.412E-05
3.587089E+00  5.173E-05
3.587538E+00  6.693E-05
3.587982E+00  1.019E-04
3.588423E+00  2.057E-04
3.588860E+00  7.375E-04
3.589294E+00  1.574E-02
3.589724E+00  1.382E-03
3.590150E+00  4.073E-04
3.590573E+00  2.267E-04
3.590992E+00  1.652E-04
3.591408E+00  1.320E-04
3.591820E+00  7.287E-05
3.592229E+00  6.237E-05
3.593038E+00  6.798E-05
3.593437E+00  7.275E-05
3.593833E+00  8.588E-05
3.594225E+00  2.154E-04
3.594615E+00  3.465E-05
3.595001E+00  4.602E-05
3.595385E+00  5.300E-05
3.596517E+00  6.858E-05
3.596888E+00  7.488E-05
3.597256E+00  8.255E-05
3.597622E+00  9.218E-05
3.597984E+00  1.046E-04
3.598344E+00  1.211E-04
3.598701E+00  1.435E-04
3.599055E+00  1.752E-04
3.599407E+00  2.218E-04
3.599755E+00  2.934E-04
3.600101E+00  4.089E-04
3.600444E+00  6.016E-04
3.600785E+00  9.073E-04
3.601123E+00  1.240E-03
3.601459E+00  1.244E-03
3.601792E+00  9.248E-04
3.602122E+00  6.636E-04
3.602450E+00  5.733E-04
3.602775E+00  6.884E-04
3.603098E+00  1.259E-03
3.603418E+00  4.051E-03
3.603737E+00  6.641E-02
3.604052E+00  2.533E-02
3.604365E+00  1.148E-02
3.604676E+00  2.368E-03
3.604985E+00  1.505E-03
3.605291E+00  1.146E-03
3.605596E+00  9.674E-04
3.605897E+00  8.757E-04
3.606197E+00  8.359E-04
3.606494E+00  8.331E-04
3.606790E+00  8.623E-04
3.607083E+00  9.244E-04
3.607374E+00  1.026E-03
3.607662E+00  1.181E-03
3.607949E+00  1.414E-03
3.608234E+00  1.776E-03
3.608516E+00  2.366E-03
3.608797E+00  3.416E-03
3.609075E+00  5.558E-03
3.609352E+00  1.108E-02
3.609626E+00  3.446E-02
3.609899E+00  8.223E-01
3.610169E+00  8.889E-02
3.610438E+00  1.582E-02
3.610705E+00  6.215E-03
3.610970E+00  3.247E-03
3.611233E+00  1.967E-03
3.611494E+00  1.306E-03
3.611753E+00  9.217E-04
3.612011E+00  6.795E-04
3.612266E+00  5.171E-04
3.612520E+00  4.028E-04
3.612773E+00  3.190E-04
3.613023E+00  2.552E-04
3.613272E+00  2.048E-04
3.613519E+00  1.633E-04
3.613764E+00  1.275E-04
3.614007E+00  9.475E-05
3.614249E+00  6.425E-05
3.614489E+00  5.613E-05
3.614728E+00  1.674E-03
3.614965E+00  1.032E-03
3.615200E+00  3.368E-04
3.615434E+00  2.152E-04
3.615666E+00  1.647E-04
3.615897E+00  1.361E-04
3.616126E+00  1.171E-04
3.616353E+00  1.034E-04
3.616579E+00  9.297E-05
3.616804E+00  8.464E-05
3.617027E+00  7.785E-05
3.617248E+00  7.222E-05
3.617468E+00  6.750E-05
3.617904E+00  6.020E-05
3.618333E+00  5.523E-05
3.618758E+00  5.229E-05
3.618968E+00  9.293E-05
3.619176E+00  9.137E-05
3.619384E+00  1.014E-04
3.619590E+00  1.892E-04
3.619794E+00  1.066E-03
3.619997E+00  1.424E-03
3.620199E+00  2.491E-04
3.620400E+00  1.286E-04
3.620599E+00  9.627E-05
3.620797E+00  9.075E-05
3.620994E+00  1.160E-04
3.621190E+00  1.181E-04
3.621384E+00  8.917E-05
3.621577E+00  7.987E-05
3.621769E+00  7.915E-05
3.621960E+00  8.416E-05
3.622149E+00  9.756E-05
3.622337E+00  1.349E-04
3.622524E+00  3.520E-04
3.622710E+00  6.693E-04
3.622895E+00  3.213E-05
3.623078E+00  2.997E-05
3.623622E+00  4.755E-05
3.623801E+00  5.366E-05
3.623979E+00  6.059E-05
3.624156E+00  6.906E-05
3.624331E+00  8.020E-05
3.624506E+00  9.617E-05
3.624679E+00  1.217E-04
3.624852E+00  1.691E-04
3.625023E+00  2.784E-04
3.625194E+00  6.441E-04
3.625363E+00  3.580E-03
3.625531E+00  3.756E-02
3.625698E+00  2.221E-03
3.625865E+00  1.041E-03
3.626030E+00  8.116E-04
3.626194E+00  8.099E-04
3.626357E+00  9.453E-04
3.626520E+00  1.241E-03
3.626681E+00  1.779E-03
3.626841E+00  2.608E-03
3.627001E+00  3.341E-03
3.627159E+00  3.195E-03
3.627317E+00  2.467E-03
3.627473E+00  1.849E-03
3.627629E+00  1.482E-03
3.627783E+00  1.317E-03
3.627937E+00  1.337E-03
3.628090E+00  1.688E-03
3.628242E+00  3.630E-03
3.628393E+00  3.439E-02
3.628543E+00  1.207E-03
3.628693E+00  3.479E-04
3.628841E+00  1.381E-04
3.628989E+00  4.579E-03
3.629135E+00  1.448E-03
3.629281E+00  1.014E-03
3.629426E+00  9.823E-04
3.629570E+00  1.048E-03
3.629714E+00  1.173E-03
3.629856E+00  1.358E-03
3.629998E+00  1.619E-03
3.630139E+00  1.987E-03
3.630279E+00  2.519E-03
3.630418E+00  3.317E-03
3.630557E+00  4.586E-03
3.630694E+00  6.769E-03
3.630831E+00  1.099E-02
3.630968E+00  2.079E-02
3.631103E+00  5.281E-02
3.631237E+00  3.091E-01
3.631371E+00  1.961E+00
3.631504E+00  1.097E-01
3.631637E+00  3.241E-02
3.631768E+00  1.621E-02
3.631899E+00  9.902E-03
3.632029E+00  6.817E-03
3.632159E+00  5.095E-03
3.632287E+00  4.055E-03
3.632415E+00  3.404E-03
3.632543E+00  3.003E-03
3.632669E+00  2.790E-03
3.632795E+00  2.752E-03
3.632920E+00  2.935E-03
3.633045E+00  3.518E-03
3.633168E+00  5.181E-03
3.633292E+00  1.235E-02
3.633414E+00  5.198E-01
3.633536E+00  9.401E-03
3.633657E+00  1.317E-03
3.633777E+00  3.711E-04
3.633897E+00  1.463E-04
3.634016E+00  7.718E-05
3.634135E+00  5.358E-05
3.634253E+00  4.553E-05
3.634370E+00  4.319E-05
3.634486E+00  4.302E-05
3.634602E+00  4.375E-05
3.634718E+00  4.496E-05
3.634832E+00  4.672E-05
3.634946E+00  4.940E-05
3.635060E+00  5.388E-05
3.635173E+00  6.222E-05
3.635285E+00  8.005E-05
3.635397E+00  1.282E-04
3.635508E+00  3.332E-04
3.635618E+00  9.249E-04
3.635728E+00  2.308E-04
3.635838E+00  9.143E-05
3.635946E+00  5.659E-05
3.636055E+00  4.369E-05
3.636162E+00  3.792E-05
3.636269E+00  3.558E-05
3.636376E+00  3.667E-05
3.636482E+00  4.829E-05
3.636587E+00  1.559E-04
3.636692E+00  3.642E-04
3.636796E+00  1.108E-04
3.636900E+00  7.296E-05
3.637003E+00  6.220E-05
3.637106E+00  5.877E-05
3.637208E+00  5.868E-05
3.637310E+00  6.139E-05
3.637411E+00  7.045E-05
3.637511E+00  1.346E-04
3.637611E+00  1.543E-03
3.637711E+00  1.415E-04
3.637810E+00  1.096E-04
3.637909E+00  1.081E-04
3.638007E+00  1.142E-04
3.638104E+00  1.245E-04
3.638201E+00  1.385E-04
3.638298E+00  1.564E-04
3.638394E+00  1.793E-04
3.638490E+00  2.161E-04
3.638585E+00  1.078E-03
3.638679E+00  8.182E-04
3.638773E+00  6.541E-04
3.638867E+00  7.995E-04
3.638960E+00  1.112E-03
3.639053E+00  1.702E-03
3.639145E+00  2.798E-03
3.639237E+00  4.429E-03
3.639329E+00  5.101E-03
3.639420E+00  3.872E-03
3.639510E+00  2.567E-03
3.639600E+00  1.798E-03
3.639690E+00  1.393E-03
3.639779E+00  1.197E-03
3.639867E+00  1.145E-03
3.639956E+00  1.251E-03
3.640044E+00  1.706E-03
3.640131E+00  4.221E-03
3.640218E+00  1.540E-02
3.640304E+00  1.052E-03
3.640391E+00  5.662E-04
3.640476E+00  5.529E-04
3.640562E+00  6.193E-04
3.640646E+00  7.213E-04
3.640731E+00  8.554E-04
3.640815E+00  1.029E-03
3.640899E+00  1.255E-03
3.640982E+00  1.549E-03
3.641065E+00  1.907E-03
3.641147E+00  9.366E-04
3.641229E+00  4.075E-03
3.641311E+00  5.656E-03
3.641392E+00  8.694E-03
3.641473E+00  1.508E-02
3.641554E+00  3.211E-02
3.641634E+00  1.052E-01
3.641713E+00  2.514E+00
3.641793E+00  3.212E-01
3.641872E+00  5.980E-02
3.641950E+00  2.490E-02
3.642029E+00  1.385E-02
3.642106E+00  8.976E-03
3.642184E+00  6.406E-03
3.642261E+00  4.897E-03
3.642338E+00  3.948E-03
3.642414E+00  3.331E-03
3.642490E+00  2.931E-03
3.642566E+00  2.692E-03
3.642641E+00  2.595E-03
3.642716E+00  2.657E-03
3.642791E+00  2.965E-03
3.642865E+00  3.809E-03
3.642939E+00  6.478E-03
3.643013E+00  2.561E-02
3.643086E+00  7.468E-02
3.643159E+00  2.741E-03
3.643232E+00  5.489E-04
3.643304E+00  1.776E-04
3.643376E+00  8.468E-05
3.643448E+00  5.911E-05
3.643519E+00  5.333E-05
3.643590E+00  5.378E-05
3.643660E+00  5.624E-05
3.643731E+00  5.954E-05
3.643801E+00  6.375E-05
3.643870E+00  6.985E-05
3.643940E+00  8.030E-05
3.644009E+00  1.016E-04
3.644078E+00  1.566E-04
3.644146E+00  3.653E-04
3.644214E+00  1.128E-03
3.644282E+00  5.352E-04
3.644349E+00  1.543E-04
3.644417E+00  8.428E-05
3.644484E+00  6.061E-05
3.644550E+00  4.979E-05
3.644616E+00  4.414E-05
3.644682E+00  4.143E-05
3.644748E+00  4.179E-05
3.644814E+00  4.995E-05
3.644879E+00  1.076E-04
3.644944E+00  3.680E-04
3.645008E+00  1.110E-04
3.645072E+00  6.752E-05
3.645136E+00  5.704E-05
3.645200E+00  5.643E-05
3.645264E+00  7.226E-05
3.645327E+00  1.660E-03
3.645390E+00  7.966E-05
3.645452E+00  5.738E-05
3.645514E+00  5.644E-05
3.645577E+00  5.897E-05
3.645638E+00  6.311E-05
3.645700E+00  6.858E-05
3.645761E+00  7.540E-05
3.645822E+00  8.379E-05
3.645883E+00  9.407E-05
3.645943E+00  1.067E-04
3.646003E+00  1.223E-04
3.646063E+00  1.419E-04
3.646123E+00  1.686E-04
3.646182E+00  2.457E-04
3.646241E+00  4.644E-03
3.646300E+00  5.726E-04
3.646359E+00  6.087E-04
3.646417E+00  7.986E-04
3.646476E+00  1.167E-03
3.646533E+00  1.884E-03
3.646591E+00  3.301E-03
3.646649E+00  5.445E-03
3.646706E+00  5.839E-03
3.646763E+00  3.970E-03
3.646819E+00  2.503E-03
3.646876E+00  1.728E-03
3.646932E+00  1.334E-03
3.646988E+00  1.145E-03
3.647044E+00  1.088E-03
3.647099E+00  1.162E-03
3.647154E+00  1.479E-03
3.647209E+00  2.818E-03
3.647264E+00  1.823E-02
3.647319E+00  1.769E-03
3.647373E+00  6.719E-04
3.647427E+00  6.067E-04
3.647481E+00  6.669E-04
3.647535E+00  7.605E-04
3.647588E+00  8.386E-04
3.647641E+00  5.236E-04
3.647694E+00  2.590E-03
3.647747E+00  2.552E-03
3.647800E+00  3.198E-03
3.647852E+00  4.997E-03
3.647904E+00  6.203E-03
3.647956E+00  9.766E-03
3.648008E+00  1.752E-02
3.648059E+00  3.953E-02
3.648111E+00  1.536E-01
3.648162E+00  5.643E+01
3.648213E+00  2.002E-01
3.648263E+00  4.877E-02
3.648314E+00  2.198E-02
3.648364E+00  1.269E-02
3.648414E+00  8.400E-03
3.648464E+00  6.073E-03
3.648513E+00  4.679E-03
3.648563E+00  3.789E-03
3.648612E+00  3.201E-03
3.648661E+00  2.812E-03
3.648710E+00  2.569E-03
3.648758E+00  2.451E-03
3.648807E+00  2.468E-03
3.648855E+00  2.678E-03
3.648903E+00  3.267E-03
3.648951E+00  4.971E-03
3.648999E+00  1.335E-02
3.649046E+00  1.989E+00
3.649093E+00  4.588E-03
3.649141E+00  7.149E-04
3.649187E+00  2.052E-04
3.649234E+00  9.115E-05
3.649281E+00  6.264E-05
3.649327E+00  5.751E-05
3.649373E+00  5.937E-05
3.649419E+00  6.352E-05
3.649465E+00  6.899E-05
3.649511E+00  7.661E-05
3.649556E+00  8.920E-05
3.649601E+00  1.148E-04
3.649646E+00  1.829E-04
3.649691E+00  4.598E-04
3.649736E+00  1.210E-03
3.649781E+00  2.966E-04
3.649825E+00  1.728E-04
3.649869E+00  9.162E-05
3.649913E+00  6.638E-05
3.649957E+00  5.479E-05
3.650001E+00  4.859E-05
3.650044E+00  4.546E-05
3.650088E+00  4.544E-05
3.650131E+00  5.292E-05
3.650174E+00  1.050E-04
3.650217E+00  3.062E-04
3.650260E+00  9.533E-05
3.650302E+00  5.993E-05
3.650344E+00  5.174E-05
3.650387E+00  5.306E-05
3.650429E+00  9.182E-05
3.650471E+00  1.082E-04
3.650512E+00  4.409E-05
3.650554E+00  4.290E-05
3.650595E+00  4.461E-05
3.650636E+00  4.733E-05
3.650678E+00  5.085E-05
3.650718E+00  5.519E-05
3.650759E+00  6.047E-05
3.650800E+00  6.684E-05
3.650840E+00  7.451E-05
3.650881E+00  8.377E-05
3.650921E+00  9.501E-05
3.650961E+00  1.092E-04
3.651001E+00  1.327E-04
3.651040E+00  3.915E-04
3.651080E+00  7.234E-04
3.651119E+00  3.861E-04
3.651159E+00  4.181E-04
3.651198E+00  5.231E-04
3.651237E+00  7.112E-04
3.651275E+00  1.048E-03
3.651314E+00  1.691E-03
3.651353E+00  2.998E-03
3.651391E+00  5.311E-03
3.651429E+00  6.510E-03
3.651467E+00  4.611E-03
3.651505E+00  2.825E-03
3.651543E+00  1.883E-03
3.651581E+00  1.411E-03
3.651618E+00  1.178E-03
3.651656E+00  1.087E-03
3.651693E+00  1.114E-03
3.651730E+00  1.312E-03
3.651767E+00  2.007E-03
3.651804E+00  6.674E-03
3.651841E+00  5.191E-03
3.651877E+00  8.712E-04
3.651914E+00  6.010E-04
3.651950E+00  5.591E-04
3.651986E+00  2.127E-04
3.652022E+00  2.095E-03
3.652058E+00  7.081E-03
3.652094E+00  2.103E-03
3.652130E+00  2.620E-03
3.652165E+00  3.461E-03
3.652201E+00  4.828E-03
3.652236E+00  7.205E-03
3.652271E+00  1.183E-02
3.652306E+00  2.266E-02
3.652341E+00  5.832E-02
3.652376E+00  3.494E-01
3.652411E+00  2.037E+00
3.652445E+00  1.091E-01
3.652479E+00  3.582E-02
3.652514E+00  1.795E-02
3.652548E+00  1.095E-02
3.652582E+00  7.491E-03
3.652616E+00  5.540E-03
3.652650E+00  4.338E-03
3.652683E+00  3.556E-03
3.652717E+00  3.033E-03
3.652750E+00  2.685E-03
3.652784E+00  2.470E-03
3.652817E+00  2.373E-03
3.652850E+00  2.409E-03
3.652883E+00  2.641E-03
3.652916E+00  3.283E-03
3.652948E+00  5.215E-03
3.652981E+00  1.643E-02
3.653013E+00  1.924E-01
3.653046E+00  2.952E-03
3.653078E+00  5.131E-04
3.653110E+00  1.572E-04
3.653142E+00  7.861E-05
3.653174E+00  6.153E-05
3.653206E+00  6.101E-05
3.653238E+00  6.537E-05
3.653269E+00  7.167E-05
3.653301E+00  8.022E-05
3.653332E+00  9.380E-05
3.653363E+00  1.208E-04
3.653395E+00  1.920E-04
3.653426E+00  4.820E-04
3.653457E+00  1.276E-03
3.653487E+00  3.064E-04
3.653518E+00  2.064E-04
3.653549E+00  9.981E-05
3.653579E+00  7.135E-05
3.653610E+00  5.862E-05
3.653640E+00  5.179E-05
3.653670E+00  4.819E-05
3.653700E+00  4.775E-05
3.653730E+00  5.459E-05
3.653760E+00  1.032E-04
3.653790E+00  2.748E-04
3.653820E+00  8.718E-05
3.653849E+00  5.585E-05
3.653879E+00  4.837E-05
3.653908E+00  4.907E-05
3.653937E+00  8.562E-05
3.653966E+00  5.386E-05
3.653996E+00  3.742E-05
3.654025E+00  3.821E-05
3.654053E+00  4.006E-05
3.654082E+00  4.249E-05
3.654111E+00  4.552E-05
3.654140E+00  4.921E-05
3.654168E+00  5.367E-05
3.654196E+00  5.903E-05
3.654225E+00  6.543E-05
3.654253E+00  7.309E-05
3.654281E+00  8.248E-05
3.654309E+00  9.598E-05
3.654337E+00  1.536E-04
3.654365E+00  2.851E-03
3.654393E+00  3.129E-04
3.654420E+00  2.881E-04
3.654448E+00  3.296E-04
3.654475E+00  4.099E-04
3.654503E+00  5.416E-04
3.654530E+00  7.625E-04
3.654557E+00  1.158E-03
3.654584E+00  1.931E-03
3.654611E+00  3.518E-03
3.654638E+00  6.073E-03
3.654665E+00  6.517E-03
3.654692E+00  4.258E-03
3.654718E+00  2.615E-03
3.654745E+00  1.783E-03
3.654771E+00  1.368E-03
3.654798E+00  1.166E-03
3.654824E+00  1.097E-03
3.654850E+00  1.148E-03
3.654877E+00  1.387E-03
3.654903E+00  2.229E-03
3.654929E+00  8.419E-03
3.654954E+00  3.991E-03
3.654980E+00  7.972E-04
3.655006E+00  4.613E-04
3.655032E+00  1.536E-01
3.655057E+00  1.590E-03
3.655083E+00  1.584E-03
3.655108E+00  1.854E-03
3.655133E+00  2.308E-03
3.655159E+00  3.008E-03
3.655184E+00  4.107E-03
3.655209E+00  5.940E-03
3.655234E+00  9.295E-03
3.655259E+00  1.640E-02
3.655283E+00  3.572E-02
3.655308E+00  1.252E-01
3.655333E+00  5.647E+00
3.655357E+00  2.694E-01
3.655382E+00  5.653E-02
3.655406E+00  2.432E-02
3.655431E+00  1.371E-02
3.655455E+00  8.937E-03
3.655479E+00  6.386E-03
3.655503E+00  4.869E-03
3.655527E+00  3.903E-03
3.655551E+00  3.262E-03
3.655575E+00  2.830E-03
3.655599E+00  2.546E-03
3.655623E+00  2.382E-03
3.655646E+00  2.334E-03
3.655670E+00  2.434E-03
3.655693E+00  2.783E-03
3.655717E+00  3.741E-03
3.655740E+00  7.191E-03
3.655763E+00  5.716E-02
3.655787E+00  1.342E-02
3.655810E+00  1.142E-03
3.655833E+00  2.604E-04
3.655856E+00  1.005E-04
3.655879E+00  6.641E-05
3.655901E+00  6.250E-05
3.655924E+00  6.677E-05
3.655947E+00  7.376E-05
3.655970E+00  8.308E-05
3.655992E+00  9.742E-05
3.656015E+00  1.253E-04
3.656037E+00  1.981E-04
3.656059E+00  4.919E-04
3.656082E+00  1.335E-03
3.656104E+00  3.324E-04
3.656126E+00  1.943E-04
3.656148E+00  1.075E-04
3.656170E+00  7.559E-05
3.656192E+00  6.179E-05
3.656214E+00  5.436E-05
3.656236E+00  5.033E-05
3.656257E+00  4.946E-05
3.656279E+00  5.553E-05
3.656301E+00  9.999E-05
3.656322E+00  2.615E-04
3.656344E+00  8.404E-05
3.656365E+00  5.398E-05
3.656386E+00  4.657E-05
3.656408E+00  4.643E-05
3.656429E+00  7.598E-05
3.656450E+00  4.005E-05
3.656471E+00  3.493E-05
3.656492E+00  3.621E-05
3.656513E+00  3.796E-05
3.656534E+00  4.014E-05
3.656555E+00  4.284E-05
3.656576E+00  4.614E-05
3.656596E+00  5.013E-05
3.656617E+00  5.492E-05
3.656637E+00  6.065E-05
3.656658E+00  6.753E-05
3.656678E+00  7.643E-05
3.656699E+00  9.559E-05
3.656719E+00  8.095E-04
3.656739E+00  3.522E-04
3.656760E+00  2.321E-04
3.656780E+00  2.435E-04
3.656800E+00  2.851E-04
3.656820E+00  3.537E-04
3.656837E+00  4.437E-04
3.658551E+00  6.534E-05
3.661916E+00  7.175E-05
3.665197E+00  7.947E-05
3.668520E+00  8.893E-05
3.671858E+00  1.002E-04
3.676705E+00  1.201E-04
3.681369E+00  1.436E-04
3.685857E+00  1.711E-04
3.690180E+00  2.040E-04
3.692974E+00  2.304E-04
3.695700E+00  2.624E-04
3.697038E+00  2.814E-04
3.698360E+00  3.033E-04
3.699666E+00  3.289E-04
3.700957E+00  3.597E-04
3.702232E+00  3.978E-04
3.703492E+00  4.469E-04
3.704737E+00  5.133E-04
3.705967E+00  6.092E-04
3.707183E+00  7.590E-04
3.708385E+00  1.013E-03
3.709572E+00  1.453E-03
3.710746E+00  1.996E-03
3.711907E+00  2.038E-03
3.713054E+00  1.677E-03
3.714187E+00  1.465E-03
3.715308E+00  1.452E-03
3.716416E+00  1.592E-03
3.717512E+00  1.873E-03
3.718595E+00  2.314E-03
3.719666E+00  2.917E-03
3.720725E+00  3.543E-03
3.721772E+00  3.769E-03
3.722807E+00  3.245E-03
3.723831E+00  2.335E-03
3.724844E+00  1.549E-03
3.725845E+00  1.019E-03
3.726835E+00  6.859E-04
3.727815E+00  4.774E-04
3.728784E+00  3.441E-04
3.729743E+00  2.569E-04
3.730691E+00  1.985E-04
3.731628E+00  1.586E-04
3.732556E+00  1.309E-04
3.733474E+00  1.116E-04
3.734382E+00  9.795E-05
3.735281E+00  8.833E-05
3.736170E+00  8.147E-05
3.737049E+00  7.648E-05
3.737919E+00  7.270E-05
3.739633E+00  6.718E-05
3.740476E+00  6.518E-05
3.741311E+00  6.388E-05
3.742137E+00  6.359E-05
3.742954E+00  6.469E-05
3.743763E+00  6.757E-05
3.744564E+00  7.276E-05
3.745357E+00  8.113E-05
3.746918E+00  1.071E-04
3.747687E+00  7.439E-05
3.748448E+00  1.610E-05
3.749202E+00  1.617E-05
3.749948E+00  2.661E-05
3.750686E+00  3.600E-05
3.751417E+00  4.395E-05
3.752858E+00  5.754E-05
3.754271E+00  7.050E-05
3.754967E+00  7.746E-05
3.755656E+00  8.516E-05
3.756339E+00  9.403E-05
3.757015E+00  1.047E-04
3.757684E+00  1.184E-04
3.758347E+00  1.370E-04
3.759004E+00  1.645E-04
3.759654E+00  2.101E-04
3.760298E+00  2.996E-04
3.760937E+00  5.292E-04
3.761569E+00  1.460E-03
3.762195E+00  2.341E-03
3.762815E+00  4.377E-04
3.763429E+00  1.496E-04
3.764038E+00  8.565E-05
3.764641E+00  6.677E-05
3.765239E+00  6.116E-05
3.765831E+00  6.038E-05
3.766417E+00  6.158E-05
3.767574E+00  6.614E-05
3.773052E+00  9.322E-05
3.775613E+00  1.081E-04
3.777097E+00  1.192E-04
3.778064E+00  1.287E-04
3.778542E+00  1.346E-04
3.779015E+00  1.418E-04
3.779485E+00  1.510E-04
3.779950E+00  1.636E-04
3.780411E+00  1.855E-04
3.780869E+00  1.548E-04
3.781322E+00  2.051E-04
3.781772E+00  2.449E-04
3.782661E+00  3.403E-04
3.783099E+00  3.711E-04
3.783534E+00  3.755E-04
3.784393E+00  3.499E-04
3.784817E+00  3.418E-04
3.785238E+00  3.417E-04
3.785655E+00  3.501E-04
3.786069E+00  3.680E-04
3.786479E+00  3.986E-04
3.786886E+00  4.516E-04
3.787290E+00  5.709E-04
3.787690E+00  1.120E-03
3.788088E+00  3.493E-04
3.788482E+00  4.660E-04
3.788873E+00  5.629E-04
3.789260E+00  6.475E-04
3.789645E+00  7.056E-04
3.790026E+00  7.137E-04
3.790405E+00  6.628E-04
3.790780E+00  5.715E-04
3.791153E+00  4.708E-04
3.791522E+00  3.818E-04
3.791889E+00  3.118E-04
3.792253E+00  2.596E-04
3.792613E+00  2.217E-04
3.792972E+00  1.945E-04
3.793327E+00  1.754E-04
3.793679E+00  1.622E-04
3.794029E+00  1.531E-04
3.794376E+00  1.470E-04
3.795062E+00  1.401E-04
3.796072E+00  1.359E-04
3.797382E+00  1.325E-04
3.797704E+00  1.291E-04
3.798023E+00  1.191E-04
3.798339E+00  8.879E-05
3.798654E+00  1.919E-04
3.798966E+00  1.709E-04
3.799275E+00  1.657E-04
3.799887E+00  1.608E-04
3.800190E+00  1.578E-04
3.800491E+00  1.685E-04
3.801671E+00  1.750E-04
3.802248E+00  1.821E-04
3.802534E+00  1.883E-04
3.802817E+00  1.974E-04
3.803378E+00  2.247E-04
3.803655E+00  2.165E-04
3.803930E+00  1.382E-04
3.804204E+00  8.836E-05
3.804475E+00  9.035E-05
3.805012E+00  1.127E-04
3.805278E+00  1.220E-04
3.806064E+00  1.439E-04
3.807086E+00  1.709E-04
3.807587E+00  1.874E-04
3.808080E+00  2.091E-04
3.808324E+00  2.235E-04
3.808567E+00  2.419E-04
3.808808E+00  2.666E-04
3.809047E+00  3.023E-04
3.809285E+00  3.591E-04
3.809521E+00  4.648E-04
3.809755E+00  7.235E-04
3.809988E+00  1.886E-03
3.810219E+00  3.694E-03
3.810449E+00  1.702E-04
3.810677E+00  4.014E-05
3.810904E+00  4.498E-05
3.811353E+00  7.770E-05
3.811575E+00  9.169E-05
3.811795E+00  1.038E-04
3.812014E+00  1.141E-04
3.812232E+00  1.223E-04
3.812448E+00  1.272E-04
3.812663E+00  1.226E-04
3.812877E+00  7.292E-05
3.813089E+00  3.575E-04
3.813299E+00  2.717E-04
3.813508E+00  2.739E-04
3.813716E+00  2.944E-04
3.813923E+00  3.301E-04
3.814128E+00  3.954E-04
3.814332E+00  3.774E-04
3.814534E+00  2.945E-04
3.814736E+00  3.590E-04
3.814936E+00  4.028E-04
3.815134E+00  4.323E-04
3.815332E+00  4.497E-04
3.815528E+00  4.577E-04
3.816108E+00  4.621E-04
3.816490E+00  4.759E-04
3.816678E+00  4.906E-04
3.816866E+00  5.123E-04
3.817052E+00  5.434E-04
3.817237E+00  5.880E-04
3.817421E+00  6.553E-04
3.817604E+00  7.680E-04
3.817786E+00  9.909E-04
3.817967E+00  1.202E-03
3.818146E+00  3.086E-04
3.818324E+00  3.276E-04
3.818502E+00  4.266E-04
3.818678E+00  5.062E-04
3.818853E+00  5.691E-04
3.819027E+00  6.168E-04
3.819200E+00  6.477E-04
3.819372E+00  6.593E-04
3.819543E+00  6.506E-04
3.819712E+00  6.230E-04
3.819881E+00  5.813E-04
3.820216E+00  4.852E-04
3.820381E+00  4.298E-04
3.820546E+00  3.595E-04
3.820710E+00  3.342E-04
3.821034E+00  2.702E-04
3.821195E+00  2.407E-04
3.821355E+00  2.147E-04
3.821671E+00  1.899E-04
3.821984E+00  1.686E-04
3.822294E+00  1.522E-04
3.822751E+00  1.306E-04
3.822902E+00  1.198E-04
3.823051E+00  9.817E-05
3.823200E+00  1.832E-04
3.823348E+00  1.948E-04
3.823495E+00  1.626E-04
3.823641E+00  1.479E-04
3.823787E+00  1.363E-04
3.823931E+00  1.314E-04
3.824218E+00  1.487E-04
3.824501E+00  1.561E-04
3.824642E+00  1.090E-04
3.824781E+00  1.495E-04
3.825196E+00  1.609E-04
3.825332E+00  1.640E-04
3.825468E+00  1.641E-04
3.825603E+00  1.534E-04
3.825737E+00  1.204E-04
3.825870E+00  7.843E-05
3.826003E+00  6.142E-05
3.826135E+00  6.546E-05
3.826397E+00  8.571E-05
3.826656E+00  1.031E-04
3.827165E+00  1.331E-04
3.827290E+00  1.421E-04
3.827415E+00  1.532E-04
3.827539E+00  1.687E-04
3.827662E+00  1.942E-04
3.827785E+00  2.497E-04
3.827907E+00  4.597E-04
3.828029E+00  2.494E-03
3.828149E+00  2.201E-04
3.828269E+00  1.285E-04
3.828389E+00  1.236E-04
3.828508E+00  1.278E-04
3.829092E+00  1.583E-04
3.829435E+00  1.808E-04
3.829661E+00  2.014E-04
3.829773E+00  2.152E-04
3.829884E+00  2.332E-04
3.829995E+00  2.586E-04
3.830105E+00  2.998E-04
3.830215E+00  3.909E-04
3.830324E+00  4.504E-04
3.830432E+00  1.924E-04
3.830540E+00  3.228E-04
3.830648E+00  4.695E-04
3.830754E+00  7.069E-04
3.830861E+00  1.134E-03
3.830966E+00  1.806E-03
3.831071E+00  2.343E-03
3.831176E+00  2.192E-03
3.831280E+00  1.768E-03
3.831486E+00  9.718E-04
3.831589E+00  6.317E-04
3.831691E+00  4.693E-04
3.831792E+00  4.381E-04
3.831893E+00  4.609E-04
3.831993E+00  5.061E-04
3.832093E+00  5.661E-04
3.832192E+00  6.480E-04
3.832291E+00  7.620E-04
3.832390E+00  9.060E-04
3.832585E+00  1.267E-03
3.832681E+00  1.365E-03
3.832778E+00  1.213E-03
3.832874E+00  8.119E-04
3.832969E+00  3.993E-04
3.833064E+00  1.276E-04
3.833158E+00  3.763E-05
3.833252E+00  1.979E-04
3.833346E+00  2.463E-04
3.833439E+00  1.599E-04
3.833531E+00  1.017E-04
3.833623E+00  7.502E-05
3.833715E+00  7.113E-05
3.833806E+00  8.895E-05
3.833897E+00  1.353E-04
3.834077E+00  2.965E-04
3.834166E+00  3.169E-04
3.834255E+00  2.807E-04
3.834343E+00  2.333E-04
3.834431E+00  1.943E-04
3.834519E+00  1.650E-04
3.834606E+00  1.422E-04
3.834693E+00  1.218E-04
3.834779E+00  9.768E-05
3.834865E+00  4.966E-05
3.834951E+00  4.353E-04
3.835036E+00  1.979E-04
3.835121E+00  1.601E-04
3.835205E+00  1.442E-04
3.835289E+00  1.353E-04
3.835372E+00  1.305E-04
3.835455E+00  1.293E-04
3.835538E+00  1.317E-04
3.835620E+00  1.372E-04
3.835702E+00  1.464E-04
3.835783E+00  1.631E-04
3.835865E+00  1.128E-04
3.835945E+00  9.627E-05
3.836026E+00  1.229E-04
3.836105E+00  1.334E-04
3.836264E+00  1.467E-04
3.836343E+00  1.520E-04
3.836421E+00  1.509E-04
3.836499E+00  1.318E-04
3.836577E+00  1.059E-04
3.836655E+00  9.759E-05
3.836731E+00  1.007E-04
3.837036E+00  1.277E-04
3.837186E+00  1.443E-04
3.837260E+00  1.555E-04
3.837334E+00  1.713E-04
3.837408E+00  1.970E-04
3.837482E+00  2.508E-04
3.837555E+00  4.286E-04
3.837628E+00  2.022E-03
3.837700E+00  3.621E-04
3.837772E+00  1.430E-04
3.837844E+00  1.232E-04
3.837915E+00  1.232E-04
3.838128E+00  1.363E-04
3.838680E+00  1.735E-04
3.838748E+00  1.771E-04
3.838815E+00  1.780E-04
3.838882E+00  1.708E-04
3.838949E+00  2.187E-04
3.839016E+00  4.119E-04
3.839082E+00  3.433E-04
3.839148E+00  3.542E-04
3.839213E+00  3.932E-04
3.839278E+00  4.632E-04
3.839343E+00  5.849E-04
3.839408E+00  8.085E-04
3.839473E+00  1.251E-03
3.839537E+00  2.160E-03
3.839601E+00  2.613E-03
3.839664E+00  2.594E-03
3.839727E+00  2.194E-03
3.839853E+00  1.307E-03
3.839916E+00  8.810E-04
3.839978E+00  5.751E-04
3.840040E+00  4.424E-04
3.840101E+00  4.333E-04
3.840163E+00  4.907E-04
3.840224E+00  4.367E-04
3.840285E+00  5.232E-04
3.840345E+00  6.249E-04
3.840406E+00  7.495E-04
3.840466E+00  9.050E-04
3.840526E+00  1.081E-03
3.840585E+00  1.209E-03
3.840644E+00  1.144E-03
3.840703E+00  8.443E-04
3.840762E+00  5.067E-04
3.840821E+00  2.774E-04
3.840879E+00  1.548E-04
3.840937E+00  1.025E-04
3.840995E+00  1.106E-04
3.841052E+00  7.970E-05
3.841110E+00  7.800E-05
3.841167E+00  9.871E-05
3.841224E+00  1.359E-04
3.841280E+00  1.946E-04
3.841336E+00  2.841E-04
3.841393E+00  4.113E-04
3.841448E+00  5.538E-04
3.841504E+00  6.292E-04
3.841559E+00  5.787E-04
3.841615E+00  4.630E-04
3.841670E+00  3.554E-04
3.841724E+00  2.769E-04
3.841779E+00  2.248E-04
3.841833E+00  2.065E-04
3.841887E+00  7.223E-04
3.841941E+00  3.696E-04
3.841994E+00  2.054E-04
3.842048E+00  1.659E-04
3.842101E+00  1.472E-04
3.842154E+00  1.368E-04
3.842206E+00  1.312E-04
3.842259E+00  1.292E-04
3.842311E+00  1.295E-04
3.842415E+00  1.350E-04
3.842466E+00  1.397E-04
3.842518E+00  1.470E-04
3.842569E+00  1.452E-04
3.842620E+00  1.103E-04
3.842671E+00  1.319E-04
3.842721E+00  1.400E-04
3.842822E+00  1.515E-04
3.842872E+00  1.517E-04
3.842921E+00  1.369E-04
3.842971E+00  1.171E-04
3.843020E+00  1.104E-04
3.843070E+00  1.125E-04
3.843167E+00  1.233E-04
3.843264E+00  1.371E-04
3.843312E+00  1.458E-04
3.843360E+00  1.574E-04
3.843408E+00  1.748E-04
3.843456E+00  2.059E-04
3.843503E+00  2.941E-04
3.843550E+00  8.107E-04
3.843597E+00  8.045E-04
3.843644E+00  1.797E-04
3.843691E+00  1.370E-04
3.843737E+00  1.324E-04
3.843783E+00  1.344E-04
3.844192E+00  1.707E-04
3.844236E+00  1.738E-04
3.844281E+00  1.749E-04
3.844325E+00  1.708E-04
3.844369E+00  2.128E-04
3.844412E+00  3.669E-04
3.844456E+00  2.989E-04
3.844499E+00  2.985E-04
3.844543E+00  3.157E-04
3.844586E+00  3.464E-04
3.844629E+00  3.948E-04
3.844672E+00  4.722E-04
3.844714E+00  6.027E-04
3.844757E+00  8.398E-04
3.844799E+00  1.300E-03
3.844841E+00  2.160E-03
3.844883E+00  3.236E-03
3.844925E+00  3.055E-03
3.844967E+00  2.006E-03
3.845008E+00  1.501E-03
3.845049E+00  1.113E-03
3.845091E+00  7.995E-04
3.845132E+00  5.818E-04
3.845172E+00  4.886E-04
3.845213E+00  3.141E-04
3.845254E+00  3.590E-04
3.845294E+00  4.198E-04
3.845334E+00  4.892E-04
3.845374E+00  5.726E-04
3.845414E+00  6.770E-04
3.845454E+00  8.097E-04
3.845533E+00  1.122E-03
3.845573E+00  1.130E-03
3.845612E+00  7.611E-04
3.845651E+00  9.300E-05
3.845690E+00  3.656E-04
3.845729E+00  2.355E-04
3.845767E+00  1.497E-04
3.845806E+00  1.117E-04
3.845844E+00  1.037E-04
3.845882E+00  1.160E-04
3.845920E+00  1.456E-04
3.845958E+00  1.938E-04
3.845996E+00  2.666E-04
3.846034E+00  3.730E-04
3.846071E+00  5.191E-04
3.846108E+00  6.843E-04
3.846146E+00  7.921E-04
3.846183E+00  7.661E-04
3.846220E+00  6.433E-04
3.846256E+00  5.125E-04
3.846293E+00  4.194E-04
3.846330E+00  3.917E-04
3.846366E+00  6.717E-04
3.846402E+00  1.213E-03
3.846438E+00  2.974E-04
3.846474E+00  2.002E-04
3.846510E+00  1.662E-04
3.846546E+00  1.486E-04
3.846582E+00  1.387E-04
3.846617E+00  1.335E-04
3.846653E+00  1.314E-04
3.846723E+00  1.325E-04
3.846793E+00  1.372E-04
3.846862E+00  1.450E-04
3.846896E+00  1.526E-04
3.846931E+00  1.102E-04
3.846965E+00  1.383E-04
3.846999E+00  1.464E-04
3.847033E+00  1.509E-04
3.847067E+00  1.469E-04
3.847101E+00  1.300E-04
3.847134E+00  1.166E-04
3.847168E+00  1.142E-04
3.847201E+00  1.171E-04
3.847268E+00  1.276E-04
3.847366E+00  1.482E-04
3.847399E+00  1.665E-04
3.847432E+00  1.942E-04
3.847464E+00  2.684E-04
3.847496E+00  7.283E-04
3.847529E+00  7.266E-04
3.847561E+00  1.868E-04
3.847593E+00  1.467E-04
3.847625E+00  1.415E-04
3.847656E+00  1.427E-04
3.847782E+00  1.571E-04
3.847937E+00  1.767E-04
3.847968E+00  1.789E-04
3.847999E+00  1.777E-04
3.848029E+00  1.976E-04
3.848059E+00  3.531E-04
3.848090E+00  2.843E-04
3.848120E+00  2.822E-04
3.848150E+00  2.950E-04
3.848180E+00  3.178E-04
3.848210E+00  3.522E-04
3.848240E+00  4.042E-04
3.848269E+00  4.859E-04
3.848299E+00  6.229E-04
3.848328E+00  8.703E-04
3.848357E+00  1.339E-03
3.848387E+00  2.135E-03
3.848416E+00  2.968E-03
3.848445E+00  2.916E-03
3.848474E+00  1.979E-03
3.848503E+00  1.543E-03
3.848531E+00  1.168E-03
3.848560E+00  8.696E-04
3.848589E+00  6.648E-04
3.848617E+00  3.406E-04
3.848646E+00  2.963E-04
3.848674E+00  3.394E-04
3.848702E+00  3.941E-04
3.848730E+00  4.564E-04
3.848758E+00  5.292E-04
3.848786E+00  6.172E-04
3.848814E+00  7.257E-04
3.848869E+00  9.933E-04
3.848897E+00  1.048E-03
3.848924E+00  9.530E-04
3.848951E+00  7.336E-04
3.848979E+00  4.626E-04
3.849006E+00  2.712E-04
3.849033E+00  1.659E-04
3.849060E+00  1.187E-04
3.849087E+00  1.071E-04
3.849114E+00  1.190E-04
3.849140E+00  1.497E-04
3.849167E+00  1.999E-04
3.849193E+00  2.749E-04
3.849220E+00  3.834E-04
3.849246E+00  5.330E-04
3.849273E+00  7.120E-04
3.849299E+00  8.579E-04
3.849325E+00  8.815E-04
3.849351E+00  7.822E-04
3.849377E+00  6.483E-04
3.849403E+00  5.522E-04
3.849428E+00  5.620E-04
3.849454E+00  1.247E-03
3.849480E+00  1.046E-03
3.849505E+00  3.056E-04
3.849531E+00  2.080E-04
3.849556E+00  1.719E-04
3.849581E+00  1.529E-04
3.849606E+00  1.420E-04
3.849632E+00  1.361E-04
3.849657E+00  1.334E-04
3.849706E+00  1.334E-04
3.849781E+00  1.390E-04
3.849830E+00  1.454E-04
3.849854E+00  1.513E-04
3.849878E+00  1.227E-04
3.849902E+00  1.439E-04
3.849927E+00  1.491E-04
3.849951E+00  1.444E-04
3.849975E+00  1.285E-04
3.849999E+00  1.167E-04
3.850022E+00  1.147E-04
3.850046E+00  1.175E-04
3.850117E+00  1.325E-04
3.850141E+00  1.409E-04
3.850164E+00  1.510E-04
3.850187E+00  1.664E-04
3.850211E+00  1.974E-04
3.850234E+00  2.967E-04
3.850257E+00  1.210E-03
3.850280E+00  3.886E-04
3.850303E+00  1.744E-04
3.850326E+00  1.509E-04
3.850349E+00  1.478E-04
3.850394E+00  1.520E-04
3.850573E+00  1.818E-04
3.850595E+00  1.823E-04
3.850617E+00  1.954E-04
3.850639E+00  3.507E-04
3.850661E+00  2.786E-04
3.850683E+00  2.757E-04
3.850704E+00  2.868E-04
3.850726E+00  3.066E-04
3.850747E+00  3.358E-04
3.850769E+00  3.786E-04
3.850790E+00  4.436E-04
3.850812E+00  5.478E-04
3.850833E+00  7.271E-04
3.850854E+00  1.055E-03
3.850876E+00  1.637E-03
3.850897E+00  2.403E-03
3.850918E+00  3.095E-03
3.850939E+00  2.204E-03
3.850960E+00  1.884E-03
3.850981E+00  1.472E-03
3.851001E+00  1.124E-03
3.851022E+00  8.458E-04
3.851043E+00  4.522E-04
3.851063E+00  2.976E-04
3.851084E+00  3.137E-04
3.851104E+00  3.583E-04
3.851125E+00  4.129E-04
3.851145E+00  4.757E-04
3.851165E+00  5.492E-04
3.851186E+00  6.379E-04
3.851206E+00  7.452E-04
3.851226E+00  8.649E-04
3.851246E+00  8.639E-04
3.851266E+00  1.066E-03
3.851282E+00  1.042E-03
3.861252E+00  3.334E-05
3.911262E+00  2.143E-05
3.961262E+00  1.329E-05
4.011262E+00  1.239E-05
4.061262E+00  1.114E-05
4.111262E+00  1.715E-05
4.161262E+00  2.153E-05
4.211262E+00  2.739E-05
4.261262E+00  3.085E-05
4.311262E+00  2.800E-05
4.361262E+00  2.335E-05
4.411262E+00  1.650E-05
4.461262E+00  1.042E-05
4.511262E+00  6.766E-06
4.561261E+00  4.800E-06
4.611261E+00  3.937E-06
4.711261E+00  2.287E-06
4.761261E+00  2.287E-06
4.811261E+00  4.149E-06
4.861261E+00  8.098E-06
4.911261E+00  1.273E-05
4.961261E+00  1.641E-05
5.011261E+00  1.823E-05
5.061261E+00  1.730E-05
5.111261E+00  1.368E-05
5.161261E+00  9.116E-06
5.211261E+00  5.538E-06
5.261261E+00  3.540E-06
5.311261E+00  2.792E-06
5.361261E+00  2.667E-06
5.411261E+00  2.425E-06
5.511261E+00  9.940E-07
5.561261E+00  1.093E-06
5.611261E+00  2.575E-06
5.661261E+00  5.424E-06
5.711261E+00  8.930E-06
5.761261E+00  1.182E-05
5.811261E+00  1.291E-05
5.861261E+00  1.185E-05
5.911261E+00  9.257E-06
5.961261E+00  6.167E-06
6.011261E+00  3.560E-06
6.061261E+00  2.058E-06
6.111261E+00  1.721E-06
6.161261E+00  2.035E-06
6.211261E+00  2.259E-06
6.261261E+00  1.938E-06
6.311261E+00  1.166E-06
6.361261E+00  4.697E-07
6.411261E+00  4.816E-07
6.461261E+00  1.607E-06
6.511261E+00  3.775E-06
6.561261E+00  6.388E-06
6.611261E+00  8.546E-06
6.661261E+00  9.487E-06
6.711261E+00  8.926E-06
6.761261E+00  7.152E-06
6.811261E+00  4.830E-06
6.861261E+00  2.729E-06
6.911261E+00  1.425E-06
6.961261E+00  1.091E-06
7.011261E+00  1.459E-06
7.061261E+00  1.985E-06
7.111261E+00  2.162E-06
7.161261E+00  1.780E-06
7.211261E+00  1.016E-06
7.261261E+00  3.165E-07
7.311261E+00  1.759E-07
7.361261E+00  9.064E-07
7.411261E+00  2.477E-06
7.461261E+00  4.487E-06
7.511261E+00  6.307E-06
7.561261E+00  7.324E-06
7.611261E+00  7.219E-06
7.661261E+00  6.074E-06
7.761261E+00  2.540E-06
7.811261E+00  1.247E-06
7.861261E+00  7.130E-07
7.911261E+00  8.947E-07
7.961261E+00  1.483E-06
8.011261E+00  2.040E-06
8.061261E+00  2.203E-06
8.111261E+00  1.840E-06
8.211261E+00  3.772E-07
8.261261E+00  5.465E-08
8.311261E+00  4.094E-07
8.361261E+00  1.459E-06
8.461261E+00  4.488E-06
8.511261E+00  5.583E-06
8.561261E+00  5.915E-06
8.611261E+00  5.389E-06
8.661261E+00  4.194E-06
8.711261E+00  2.720E-06
8.761261E+00  1.416E-06
8.811261E+00  6.278E-07
8.861261E+00  4.800E-07
8.911261E+00  8.614E-07
8.961261E+00  1.486E-06
9.011261E+00  2.017E-06
9.061261E+00  2.190E-06
9.111261E+00  1.910E-06
9.161261E+00  1.282E-06
9.211261E+00  5.678E-07
9.261261E+00  8.898E-08
9.311261E+00  1.029E-07
9.361261E+00  7.025E-07
9.411261E+00  1.775E-06
9.461261E+00  3.039E-06
9.511261E+00  4.140E-06
9.561261E+00  4.766E-06
9.611261E+00  4.748E-06
9.661261E+00  4.114E-06
9.711261E+00  3.057E-06
9.761261E+00  1.887E-06
9.811261E+00  9.189E-07
9.861261E+00  3.843E-07
9.911261E+00  3.619E-07
9.961261E+00  7.600E-07
1.001126E+01  1.358E-06
1.006126E+01  1.887E-06
1.057711E+01  1.624E-06
1.111941E+01  1.398E-06
1.168952E+01  1.203E-06
1.228886E+01  1.036E-06
1.291892E+01  8.914E-07
1.358129E+01  7.672E-07
1.427762E+01  6.603E-07
1.500966E+01  5.684E-07
1.577922E+01  4.892E-07
1.658824E+01  4.210E-07
1.743874E+01  3.624E-07
1.833285E+01  3.119E-07
1.927280E+01  2.685E-07
2.026094E+01  2.311E-07
2.129974E+01  1.989E-07
2.239181E+01  1.712E-07
2.353987E+01  1.473E-07
2.474679E+01  1.268E-07
2.601559E+01  1.092E-07
2.734944E+01  9.395E-08
2.875168E+01  8.086E-08
3.022582E+01  6.960E-08
3.177553E+01  5.990E-08
3.340471E+01  5.156E-08
3.511741E+01  4.438E-08
3.691793E+01  3.820E-08
3.881075E+01  3.288E-08
