# photon energy(Ry), cross section(Mb)
1.159238E-01  2.835E+01
1.179238E-01  2.729E+01
1.199238E-01  2.629E+01
1.219238E-01  2.534E+01
1.239238E-01  2.444E+01
1.259238E-01  2.358E+01
1.279238E-01  2.276E+01
1.299238E-01  2.198E+01
1.319238E-01  2.124E+01
1.339238E-01  2.053E+01
1.359238E-01  1.985E+01
1.379238E-01  1.920E+01
1.399238E-01  1.858E+01
1.419238E-01  1.799E+01
1.439238E-01  1.742E+01
1.459238E-01  1.688E+01
1.479238E-01  1.636E+01
1.499238E-01  1.585E+01
1.519238E-01  1.537E+01
1.539238E-01  1.491E+01
1.559238E-01  1.446E+01
1.579238E-01  1.403E+01
1.599238E-01  1.362E+01
1.619238E-01  1.322E+01
1.639238E-01  1.284E+01
1.659238E-01  1.247E+01
1.679238E-01  1.212E+01
1.699238E-01  1.177E+01
1.719238E-01  1.144E+01
1.739238E-01  1.112E+01
1.759238E-01  1.081E+01
1.779238E-01  1.052E+01
1.799238E-01  1.023E+01
1.819238E-01  9.952E+00
1.839238E-01  9.684E+00
1.859238E-01  9.425E+00
1.879238E-01  9.175E+00
1.899238E-01  8.933E+00
1.919238E-01  8.700E+00
1.939238E-01  8.474E+00
1.959238E-01  8.256E+00
1.979238E-01  8.045E+00
1.999238E-01  7.841E+00
2.019238E-01  7.644E+00
2.039238E-01  7.454E+00
2.059238E-01  7.270E+00
2.079238E-01  7.092E+00
2.099238E-01  6.919E+00
2.119238E-01  6.753E+00
2.139238E-01  6.592E+00
2.159238E-01  6.436E+00
2.179238E-01  6.285E+00
2.199238E-01  6.139E+00
2.219238E-01  5.998E+00
2.239238E-01  5.862E+00
2.259238E-01  5.730E+00
2.279238E-01  5.602E+00
2.299238E-01  5.478E+00
2.319238E-01  5.358E+00
2.339238E-01  5.242E+00
2.359238E-01  5.129E+00
2.379238E-01  5.020E+00
2.399238E-01  4.915E+00
2.419238E-01  4.812E+00
2.439238E-01  4.713E+00
2.459238E-01  4.617E+00
2.479238E-01  4.523E+00
2.499238E-01  4.433E+00
2.519238E-01  4.345E+00
2.539238E-01  4.259E+00
2.559238E-01  4.176E+00
2.579238E-01  4.096E+00
2.599238E-01  4.017E+00
2.619238E-01  3.941E+00
2.639238E-01  3.867E+00
2.659238E-01  3.795E+00
2.679238E-01  3.725E+00
2.699238E-01  3.657E+00
2.719238E-01  3.590E+00
2.739238E-01  3.525E+00
2.759238E-01  3.462E+00
2.779238E-01  3.400E+00
2.799238E-01  3.340E+00
2.819238E-01  3.282E+00
2.839238E-01  3.224E+00
2.859238E-01  3.168E+00
2.879238E-01  3.114E+00
2.899238E-01  3.060E+00
2.919238E-01  3.008E+00
2.939238E-01  2.957E+00
2.959238E-01  2.907E+00
2.979238E-01  2.858E+00
2.999238E-01  2.810E+00
3.019238E-01  2.764E+00
3.039238E-01  2.718E+00
3.059238E-01  2.673E+00
3.079238E-01  2.629E+00
3.099238E-01  2.585E+00
3.119238E-01  2.543E+00
3.139238E-01  2.501E+00
3.159238E-01  2.461E+00
3.179238E-01  2.421E+00
3.199238E-01  2.381E+00
3.219238E-01  2.343E+00
3.239238E-01  2.305E+00
3.259238E-01  2.268E+00
3.279238E-01  2.231E+00
3.299238E-01  2.195E+00
3.319238E-01  2.160E+00
3.339238E-01  2.126E+00
3.359238E-01  2.092E+00
3.379238E-01  2.058E+00
3.399238E-01  2.026E+00
3.419238E-01  1.993E+00
3.439238E-01  1.962E+00
3.459238E-01  1.931E+00
3.479238E-01  1.900E+00
3.499238E-01  1.870E+00
3.519238E-01  1.841E+00
3.539238E-01  1.812E+00
3.559238E-01  1.784E+00
3.579238E-01  1.756E+00
3.599238E-01  1.729E+00
3.619238E-01  1.702E+00
3.639238E-01  1.675E+00
3.659238E-01  1.650E+00
3.679238E-01  1.624E+00
3.699238E-01  1.599E+00
3.719238E-01  1.575E+00
3.739238E-01  1.551E+00
3.759238E-01  1.527E+00
3.779238E-01  1.504E+00
3.799238E-01  1.482E+00
3.819238E-01  1.459E+00
3.839238E-01  1.438E+00
3.859238E-01  1.416E+00
3.879238E-01  1.395E+00
3.899238E-01  1.375E+00
3.919238E-01  1.355E+00
3.939238E-01  1.335E+00
3.959238E-01  1.316E+00
3.979238E-01  1.297E+00
3.999238E-01  1.278E+00
4.019238E-01  1.260E+00
4.039238E-01  1.243E+00
4.059238E-01  1.225E+00
4.079238E-01  1.208E+00
4.099238E-01  1.191E+00
4.119238E-01  1.175E+00
4.139238E-01  1.159E+00
4.159238E-01  1.143E+00
4.179238E-01  1.128E+00
4.199238E-01  1.113E+00
4.219238E-01  1.098E+00
4.239238E-01  1.084E+00
4.259238E-01  1.070E+00
4.279238E-01  1.056E+00
4.299238E-01  1.042E+00
4.319238E-01  1.029E+00
4.339238E-01  1.016E+00
4.359238E-01  1.004E+00
4.379238E-01  9.912E-01
4.399238E-01  9.790E-01
4.419238E-01  9.671E-01
4.439238E-01  9.554E-01
4.459238E-01  9.439E-01
4.479238E-01  9.327E-01
4.499238E-01  9.217E-01
4.519238E-01  9.110E-01
4.539238E-01  9.004E-01
4.559238E-01  8.900E-01
4.579238E-01  8.799E-01
4.599238E-01  8.699E-01
4.619238E-01  8.601E-01
4.639238E-01  8.505E-01
4.659238E-01  8.411E-01
4.679238E-01  8.319E-01
4.699238E-01  8.228E-01
4.719238E-01  8.139E-01
4.739238E-01  8.051E-01
4.759238E-01  7.965E-01
4.779238E-01  7.880E-01
4.799238E-01  7.796E-01
4.819238E-01  7.714E-01
4.839238E-01  7.633E-01
4.859238E-01  7.554E-01
4.879238E-01  7.476E-01
4.899238E-01  7.398E-01
4.919238E-01  7.322E-01
4.939238E-01  7.247E-01
4.959238E-01  7.173E-01
4.979238E-01  7.100E-01
4.999238E-01  7.028E-01
5.019238E-01  6.957E-01
5.039238E-01  6.887E-01
5.059238E-01  6.818E-01
5.079238E-01  6.749E-01
5.099238E-01  6.682E-01
5.119238E-01  6.615E-01
5.139238E-01  6.549E-01
5.159238E-01  6.483E-01
5.179238E-01  6.419E-01
5.199238E-01  6.355E-01
5.219238E-01  6.291E-01
5.239238E-01  6.228E-01
5.259238E-01  6.166E-01
5.279238E-01  6.105E-01
5.299238E-01  6.044E-01
5.319238E-01  5.984E-01
5.339238E-01  5.924E-01
5.359238E-01  5.864E-01
5.379238E-01  5.806E-01
5.399238E-01  5.747E-01
5.419238E-01  5.690E-01
5.439238E-01  5.632E-01
5.459238E-01  5.576E-01
5.479238E-01  5.519E-01
5.499238E-01  5.464E-01
5.519238E-01  5.408E-01
5.539238E-01  5.354E-01
5.559238E-01  5.299E-01
5.579238E-01  5.245E-01
5.599238E-01  5.192E-01
5.619238E-01  5.139E-01
5.639238E-01  5.086E-01
5.659238E-01  5.034E-01
5.679238E-01  4.982E-01
5.699238E-01  4.931E-01
5.719238E-01  4.880E-01
5.739238E-01  4.830E-01
5.759238E-01  4.780E-01
5.779238E-01  4.730E-01
5.799238E-01  4.681E-01
5.819238E-01  4.633E-01
5.839238E-01  4.585E-01
5.859238E-01  4.537E-01
5.879238E-01  4.490E-01
5.899238E-01  4.443E-01
5.919238E-01  4.397E-01
5.939238E-01  4.351E-01
5.959238E-01  4.306E-01
5.979238E-01  4.261E-01
5.999238E-01  4.217E-01
6.019238E-01  4.173E-01
6.039238E-01  4.130E-01
6.059238E-01  4.087E-01
6.079238E-01  4.044E-01
6.099238E-01  4.003E-01
6.119238E-01  3.961E-01
6.139238E-01  3.920E-01
6.159238E-01  3.880E-01
6.179238E-01  3.840E-01
6.199238E-01  3.801E-01
6.219238E-01  3.762E-01
6.239238E-01  3.723E-01
6.259238E-01  3.685E-01
6.279238E-01  3.648E-01
6.299238E-01  3.611E-01
6.319238E-01  3.575E-01
6.339238E-01  3.539E-01
6.359238E-01  3.503E-01
6.379238E-01  3.469E-01
6.399238E-01  3.434E-01
6.419238E-01  3.400E-01
6.439238E-01  3.367E-01
6.459238E-01  3.334E-01
6.479238E-01  3.302E-01
6.499238E-01  3.270E-01
6.519238E-01  3.239E-01
6.539238E-01  3.208E-01
6.559238E-01  3.178E-01
6.579238E-01  3.148E-01
6.599238E-01  3.118E-01
6.619238E-01  3.089E-01
6.639238E-01  3.061E-01
6.659238E-01  3.033E-01
6.679238E-01  3.005E-01
6.699238E-01  2.978E-01
6.719238E-01  2.952E-01
6.739238E-01  2.926E-01
6.759238E-01  2.900E-01
6.779238E-01  2.875E-01
6.799238E-01  2.850E-01
6.819238E-01  2.825E-01
6.839238E-01  2.801E-01
6.859238E-01  2.778E-01
6.879238E-01  2.755E-01
6.899238E-01  2.732E-01
6.919238E-01  2.709E-01
6.939238E-01  2.687E-01
6.959238E-01  2.666E-01
6.979238E-01  2.644E-01
6.999238E-01  2.624E-01
7.019238E-01  2.603E-01
7.039238E-01  2.583E-01
7.059238E-01  2.563E-01
7.079238E-01  2.543E-01
7.099238E-01  2.524E-01
7.119238E-01  2.505E-01
7.139238E-01  2.487E-01
7.159238E-01  2.469E-01
7.179238E-01  2.451E-01
7.199238E-01  2.433E-01
7.219238E-01  2.415E-01
7.239238E-01  2.398E-01
7.259238E-01  2.381E-01
7.279238E-01  2.365E-01
7.299238E-01  2.348E-01
7.319238E-01  2.332E-01
7.339238E-01  2.316E-01
7.359238E-01  2.300E-01
7.379238E-01  2.285E-01
7.399238E-01  2.270E-01
7.419238E-01  2.255E-01
7.439238E-01  2.240E-01
7.459238E-01  2.225E-01
7.479238E-01  2.210E-01
7.499238E-01  2.196E-01
7.519238E-01  2.182E-01
7.539238E-01  2.168E-01
7.559238E-01  2.154E-01
7.579238E-01  2.140E-01
7.599238E-01  2.126E-01
7.619238E-01  2.113E-01
7.639238E-01  2.099E-01
7.659238E-01  2.086E-01
7.679238E-01  2.073E-01
7.699238E-01  2.060E-01
7.719238E-01  2.047E-01
7.739238E-01  2.034E-01
7.759238E-01  2.021E-01
7.779238E-01  2.009E-01
7.799238E-01  1.996E-01
7.819238E-01  1.984E-01
7.839238E-01  1.971E-01
7.859238E-01  1.959E-01
7.879238E-01  1.946E-01
7.899238E-01  1.934E-01
7.919238E-01  1.922E-01
7.939238E-01  1.910E-01
7.959238E-01  1.898E-01
7.979238E-01  1.886E-01
7.999238E-01  1.874E-01
8.019238E-01  1.862E-01
8.039238E-01  1.850E-01
8.059238E-01  1.838E-01
8.079238E-01  1.826E-01
8.099238E-01  1.814E-01
8.119238E-01  1.802E-01
8.139238E-01  1.790E-01
8.159238E-01  1.778E-01
8.179238E-01  1.767E-01
8.199238E-01  1.755E-01
8.219238E-01  1.743E-01
8.239238E-01  1.732E-01
8.259238E-01  1.720E-01
8.279238E-01  1.708E-01
8.299238E-01  1.697E-01
8.319238E-01  1.685E-01
8.339238E-01  1.673E-01
8.359238E-01  1.662E-01
8.379238E-01  1.650E-01
8.399238E-01  1.639E-01
8.419238E-01  1.627E-01
8.439238E-01  1.616E-01
8.459238E-01  1.604E-01
8.479238E-01  1.593E-01
8.499238E-01  1.581E-01
8.519238E-01  1.570E-01
8.539238E-01  1.559E-01
8.559238E-01  1.547E-01
8.579238E-01  1.536E-01
8.599238E-01  1.525E-01
8.619238E-01  1.514E-01
8.639238E-01  1.502E-01
8.659238E-01  1.491E-01
8.679238E-01  1.480E-01
8.699238E-01  1.469E-01
8.719238E-01  1.458E-01
8.739238E-01  1.447E-01
8.759238E-01  1.436E-01
8.779238E-01  1.425E-01
8.799238E-01  1.414E-01
8.819238E-01  1.403E-01
8.839238E-01  1.393E-01
8.859238E-01  1.382E-01
8.879238E-01  1.371E-01
8.899238E-01  1.361E-01
8.919238E-01  1.350E-01
8.939238E-01  1.340E-01
8.959238E-01  1.329E-01
8.979238E-01  1.319E-01
8.999238E-01  1.309E-01
9.019238E-01  1.299E-01
9.039238E-01  1.289E-01
9.059238E-01  1.279E-01
9.079238E-01  1.269E-01
9.099238E-01  1.259E-01
9.119238E-01  1.249E-01
9.139238E-01  1.239E-01
9.159238E-01  1.230E-01
9.179238E-01  1.220E-01
9.199238E-01  1.211E-01
9.219238E-01  1.201E-01
9.239238E-01  1.192E-01
9.259238E-01  1.183E-01
9.279238E-01  1.174E-01
9.299238E-01  1.165E-01
9.319238E-01  1.156E-01
9.339238E-01  1.147E-01
9.359238E-01  1.138E-01
9.379238E-01  1.129E-01
9.399238E-01  1.121E-01
9.419238E-01  1.112E-01
9.439238E-01  1.104E-01
9.459238E-01  1.096E-01
9.479238E-01  1.088E-01
9.499238E-01  1.080E-01
9.519238E-01  1.072E-01
9.539238E-01  1.064E-01
9.559238E-01  1.056E-01
9.579238E-01  1.049E-01
9.599238E-01  1.041E-01
9.619238E-01  1.034E-01
9.639238E-01  1.027E-01
9.659238E-01  1.019E-01
9.679238E-01  1.012E-01
9.699238E-01  1.005E-01
9.719238E-01  9.983E-02
9.739238E-01  9.916E-02
9.759238E-01  9.849E-02
9.779238E-01  9.783E-02
9.799238E-01  9.718E-02
9.819238E-01  9.655E-02
9.839238E-01  9.592E-02
9.859238E-01  9.530E-02
9.879238E-01  9.469E-02
9.899238E-01  9.410E-02
9.919238E-01  9.351E-02
9.939238E-01  9.293E-02
9.959238E-01  9.236E-02
9.979238E-01  9.180E-02
9.999238E-01  9.125E-02
1.001924E+00  9.071E-02
1.003924E+00  9.018E-02
1.005924E+00  8.965E-02
1.007924E+00  8.914E-02
1.009924E+00  8.864E-02
1.011924E+00  8.814E-02
1.013924E+00  8.765E-02
1.015924E+00  8.717E-02
1.017924E+00  8.670E-02
1.019924E+00  8.624E-02
1.021924E+00  8.578E-02
1.023924E+00  8.533E-02
1.025924E+00  8.489E-02
1.027924E+00  8.446E-02
1.029924E+00  8.403E-02
1.031924E+00  8.361E-02
1.033924E+00  8.320E-02
1.035924E+00  8.280E-02
1.037924E+00  8.240E-02
1.039924E+00  8.200E-02
1.041924E+00  8.162E-02
1.043924E+00  8.124E-02
1.045924E+00  8.086E-02
1.047924E+00  8.049E-02
1.049924E+00  8.013E-02
1.051924E+00  7.977E-02
1.053924E+00  7.942E-02
1.055924E+00  7.907E-02
1.057924E+00  7.873E-02
1.059924E+00  7.839E-02
1.061924E+00  7.805E-02
1.063924E+00  7.772E-02
1.065924E+00  7.740E-02
1.067924E+00  7.708E-02
1.069924E+00  7.676E-02
1.071924E+00  7.644E-02
1.073924E+00  7.613E-02
1.075924E+00  7.582E-02
1.077924E+00  7.552E-02
1.079924E+00  7.521E-02
1.081924E+00  7.491E-02
1.083924E+00  7.462E-02
1.085924E+00  7.432E-02
1.087924E+00  7.403E-02
1.089924E+00  7.374E-02
1.091924E+00  7.345E-02
1.093924E+00  7.316E-02
1.095924E+00  7.287E-02
1.097924E+00  7.259E-02
1.099924E+00  7.230E-02
1.101924E+00  7.202E-02
1.103924E+00  7.174E-02
1.105924E+00  7.146E-02
1.107924E+00  7.118E-02
1.109924E+00  7.090E-02
1.111924E+00  7.062E-02
1.113924E+00  7.034E-02
1.115924E+00  7.006E-02
1.117924E+00  6.979E-02
1.119924E+00  6.951E-02
1.121924E+00  6.923E-02
1.123924E+00  6.895E-02
1.125924E+00  6.867E-02
1.127924E+00  6.839E-02
1.129924E+00  6.811E-02
1.131924E+00  6.783E-02
1.133924E+00  6.755E-02
1.135924E+00  6.727E-02
1.137924E+00  6.699E-02
1.139924E+00  6.671E-02
1.141924E+00  6.642E-02
1.143924E+00  6.614E-02
1.145924E+00  6.585E-02
1.147924E+00  6.557E-02
1.149924E+00  6.528E-02
1.151924E+00  6.499E-02
1.153924E+00  6.470E-02
1.155924E+00  6.441E-02
1.157924E+00  6.412E-02
1.159924E+00  6.382E-02
1.161924E+00  6.353E-02
1.163924E+00  6.323E-02
1.165924E+00  6.293E-02
1.167924E+00  6.264E-02
1.169924E+00  6.234E-02
1.171924E+00  6.203E-02
1.173924E+00  6.173E-02
1.175924E+00  6.143E-02
1.177924E+00  6.112E-02
1.179924E+00  6.082E-02
1.181924E+00  6.051E-02
1.183924E+00  6.020E-02
1.185924E+00  5.989E-02
1.187924E+00  5.958E-02
1.189924E+00  5.927E-02
1.191924E+00  5.896E-02
1.193924E+00  5.865E-02
1.195924E+00  5.833E-02
1.197924E+00  5.802E-02
1.199924E+00  5.770E-02
1.201924E+00  5.739E-02
1.203924E+00  5.707E-02
1.205924E+00  5.675E-02
1.207924E+00  5.643E-02
1.209924E+00  5.611E-02
1.211924E+00  5.580E-02
1.213924E+00  5.548E-02
1.215924E+00  5.516E-02
1.217924E+00  5.484E-02
1.219924E+00  5.452E-02
1.221924E+00  5.420E-02
1.223924E+00  5.388E-02
1.225924E+00  5.355E-02
1.227924E+00  5.323E-02
1.229924E+00  5.291E-02
1.231924E+00  5.260E-02
1.233924E+00  5.228E-02
1.235924E+00  5.196E-02
1.237924E+00  5.164E-02
1.239924E+00  5.132E-02
1.241924E+00  5.100E-02
1.243924E+00  5.069E-02
1.245924E+00  5.037E-02
1.247924E+00  5.006E-02
1.249924E+00  4.975E-02
1.251924E+00  4.943E-02
1.253924E+00  4.912E-02
1.255924E+00  4.881E-02
1.257924E+00  4.850E-02
1.259924E+00  4.820E-02
1.261924E+00  4.789E-02
1.263924E+00  4.759E-02
1.265924E+00  4.728E-02
1.267924E+00  4.698E-02
1.269924E+00  4.668E-02
1.271924E+00  4.639E-02
1.273924E+00  4.609E-02
1.275924E+00  4.580E-02
1.277924E+00  4.550E-02
1.279924E+00  4.522E-02
1.281924E+00  4.493E-02
1.283924E+00  4.464E-02
1.285924E+00  4.436E-02
1.287924E+00  4.408E-02
1.289924E+00  4.380E-02
1.291924E+00  4.352E-02
1.293924E+00  4.325E-02
1.295924E+00  4.298E-02
1.297924E+00  4.271E-02
1.299924E+00  4.245E-02
1.301924E+00  4.218E-02
1.303924E+00  4.192E-02
1.305924E+00  4.167E-02
1.307924E+00  4.141E-02
1.309924E+00  4.116E-02
1.311924E+00  4.091E-02
1.313924E+00  4.066E-02
1.315924E+00  4.042E-02
1.317924E+00  4.018E-02
1.319924E+00  3.994E-02
1.321924E+00  3.971E-02
1.323924E+00  3.948E-02
1.325924E+00  3.925E-02
1.327924E+00  3.902E-02
1.329924E+00  3.880E-02
1.331924E+00  3.858E-02
1.333924E+00  3.836E-02
1.335924E+00  3.815E-02
1.337924E+00  3.794E-02
1.339924E+00  3.773E-02
1.341924E+00  3.753E-02
1.343924E+00  3.733E-02
1.345924E+00  3.713E-02
1.347924E+00  3.694E-02
1.349924E+00  3.675E-02
1.351924E+00  3.656E-02
1.353924E+00  3.637E-02
1.355924E+00  3.619E-02
1.357924E+00  3.601E-02
1.359924E+00  3.583E-02
1.361924E+00  3.566E-02
1.363924E+00  3.549E-02
1.365924E+00  3.532E-02
1.367924E+00  3.516E-02
1.369924E+00  3.500E-02
1.371924E+00  3.484E-02
1.373924E+00  3.468E-02
1.375924E+00  3.453E-02
1.377924E+00  3.438E-02
1.379924E+00  3.423E-02
1.381924E+00  3.409E-02
1.383924E+00  3.395E-02
1.385924E+00  3.381E-02
1.387924E+00  3.367E-02
1.389924E+00  3.354E-02
1.391924E+00  3.341E-02
1.393924E+00  3.328E-02
1.395924E+00  3.315E-02
1.397924E+00  3.303E-02
1.399924E+00  3.291E-02
1.401924E+00  3.279E-02
1.403924E+00  3.267E-02
1.405924E+00  3.256E-02
1.407924E+00  3.245E-02
1.409924E+00  3.234E-02
1.411924E+00  3.223E-02
1.413924E+00  3.213E-02
1.415924E+00  3.202E-02
1.417924E+00  3.192E-02
1.419924E+00  3.182E-02
1.421924E+00  3.173E-02
1.423924E+00  3.163E-02
1.425924E+00  3.154E-02
1.427924E+00  3.144E-02
1.429924E+00  3.135E-02
1.431924E+00  3.126E-02
1.433924E+00  3.118E-02
1.435924E+00  3.109E-02
1.437924E+00  3.101E-02
1.439924E+00  3.092E-02
1.441924E+00  3.084E-02
1.443924E+00  3.076E-02
1.445924E+00  3.068E-02
1.447924E+00  3.061E-02
1.449924E+00  3.053E-02
1.451924E+00  3.045E-02
1.453924E+00  3.038E-02
1.455924E+00  3.031E-02
1.457924E+00  3.023E-02
1.459924E+00  3.016E-02
1.461924E+00  3.009E-02
1.463924E+00  3.002E-02
1.465924E+00  2.995E-02
1.467924E+00  2.988E-02
1.469924E+00  2.981E-02
1.471924E+00  2.974E-02
1.473924E+00  2.968E-02
1.475924E+00  2.961E-02
1.477924E+00  2.954E-02
1.479924E+00  2.947E-02
1.481924E+00  2.941E-02
1.483924E+00  2.934E-02
1.485924E+00  2.928E-02
1.487924E+00  2.921E-02
1.489924E+00  2.914E-02
1.491924E+00  2.908E-02
1.493924E+00  2.901E-02
1.495924E+00  2.895E-02
1.497924E+00  2.888E-02
1.499924E+00  2.881E-02
1.501924E+00  2.875E-02
1.503924E+00  2.868E-02
1.505924E+00  2.861E-02
1.507924E+00  2.855E-02
1.509924E+00  2.848E-02
1.511924E+00  2.841E-02
1.513924E+00  2.834E-02
1.515924E+00  2.827E-02
1.517924E+00  2.820E-02
1.519924E+00  2.813E-02
1.521924E+00  2.806E-02
1.523924E+00  2.799E-02
1.525924E+00  2.792E-02
1.527924E+00  2.784E-02
1.529924E+00  2.777E-02
1.531924E+00  2.770E-02
1.533924E+00  2.762E-02
1.535924E+00  2.755E-02
1.537924E+00  2.747E-02
1.539924E+00  2.739E-02
1.541924E+00  2.731E-02
1.543924E+00  2.723E-02
1.545924E+00  2.715E-02
1.547924E+00  2.707E-02
1.549924E+00  2.699E-02
1.551924E+00  2.691E-02
1.553924E+00  2.683E-02
1.555924E+00  2.674E-02
1.557924E+00  2.666E-02
1.559924E+00  2.657E-02
1.561924E+00  2.648E-02
1.563924E+00  2.640E-02
1.565924E+00  2.631E-02
1.567924E+00  2.622E-02
1.569924E+00  2.613E-02
1.571924E+00  2.603E-02
1.573924E+00  2.594E-02
1.575924E+00  2.585E-02
1.577924E+00  2.575E-02
1.579924E+00  2.566E-02
1.581924E+00  2.556E-02
1.583924E+00  2.547E-02
1.585924E+00  2.537E-02
1.587924E+00  2.527E-02
1.589924E+00  2.517E-02
1.591924E+00  2.507E-02
1.593924E+00  2.497E-02
1.595924E+00  2.486E-02
1.597924E+00  2.476E-02
1.599924E+00  2.466E-02
1.601924E+00  2.455E-02
1.603924E+00  2.445E-02
1.605924E+00  2.434E-02
1.607924E+00  2.424E-02
1.609924E+00  2.413E-02
1.611924E+00  2.402E-02
1.613924E+00  2.391E-02
1.615924E+00  2.380E-02
1.617924E+00  2.369E-02
1.619924E+00  2.358E-02
1.621924E+00  2.347E-02
1.623924E+00  2.336E-02
1.625924E+00  2.325E-02
1.627924E+00  2.314E-02
1.629924E+00  2.303E-02
1.631924E+00  2.291E-02
1.633924E+00  2.280E-02
1.635924E+00  2.269E-02
1.637924E+00  2.257E-02
1.639924E+00  2.246E-02
1.641924E+00  2.235E-02
1.643924E+00  2.223E-02
1.645924E+00  2.212E-02
1.647924E+00  2.200E-02
1.649924E+00  2.189E-02
1.651924E+00  2.177E-02
1.653924E+00  2.166E-02
1.655924E+00  2.154E-02
1.657924E+00  2.143E-02
1.659924E+00  2.132E-02
1.661924E+00  2.120E-02
1.663924E+00  2.109E-02
1.665924E+00  2.097E-02
1.667924E+00  2.086E-02
1.669924E+00  2.074E-02
1.671924E+00  2.063E-02
1.673924E+00  2.052E-02
1.675924E+00  2.040E-02
1.677924E+00  2.029E-02
1.679924E+00  2.018E-02
1.681924E+00  2.007E-02
1.683924E+00  1.996E-02
1.685924E+00  1.985E-02
1.687924E+00  1.974E-02
1.689924E+00  1.963E-02
1.691924E+00  1.952E-02
1.693924E+00  1.941E-02
1.695924E+00  1.930E-02
1.697924E+00  1.919E-02
1.699924E+00  1.909E-02
1.701924E+00  1.898E-02
1.703924E+00  1.887E-02
1.705924E+00  1.877E-02
1.707924E+00  1.867E-02
1.709924E+00  1.856E-02
1.711924E+00  1.846E-02
1.713924E+00  1.836E-02
1.715924E+00  1.826E-02
1.717924E+00  1.816E-02
1.719924E+00  1.806E-02
1.721924E+00  1.796E-02
1.723924E+00  1.786E-02
1.725924E+00  1.777E-02
1.727924E+00  1.767E-02
1.729924E+00  1.758E-02
1.731924E+00  1.748E-02
1.733924E+00  1.739E-02
1.735924E+00  1.730E-02
1.737924E+00  1.721E-02
1.739924E+00  1.712E-02
1.741924E+00  1.703E-02
1.743924E+00  1.695E-02
1.745924E+00  1.686E-02
1.747924E+00  1.678E-02
1.749924E+00  1.669E-02
1.751924E+00  1.661E-02
1.753924E+00  1.653E-02
1.755924E+00  1.645E-02
1.757924E+00  1.637E-02
1.759924E+00  1.629E-02
1.761924E+00  1.621E-02
1.763924E+00  1.614E-02
1.765924E+00  1.606E-02
1.767924E+00  1.599E-02
1.769924E+00  1.592E-02
1.771924E+00  1.585E-02
1.773924E+00  1.578E-02
1.775924E+00  1.571E-02
1.777924E+00  1.564E-02
1.779924E+00  1.557E-02
1.781924E+00  1.551E-02
1.783924E+00  1.544E-02
1.785924E+00  1.538E-02
1.787924E+00  1.532E-02
1.789924E+00  1.526E-02
1.791924E+00  1.520E-02
1.793924E+00  1.514E-02
1.795924E+00  1.508E-02
1.797924E+00  1.503E-02
1.799924E+00  1.497E-02
1.801924E+00  1.492E-02
1.803924E+00  1.487E-02
1.805924E+00  1.482E-02
1.807924E+00  1.476E-02
1.809924E+00  1.472E-02
1.811924E+00  1.467E-02
1.813924E+00  1.462E-02
1.815924E+00  1.457E-02
1.817924E+00  1.453E-02
1.819924E+00  1.449E-02
1.821924E+00  1.444E-02
1.823924E+00  1.440E-02
1.825924E+00  1.436E-02
1.827924E+00  1.432E-02
1.829924E+00  1.428E-02
1.831924E+00  1.424E-02
1.833924E+00  1.421E-02
1.835924E+00  1.417E-02
1.837924E+00  1.414E-02
1.839924E+00  1.410E-02
1.841924E+00  1.407E-02
1.843924E+00  1.404E-02
1.845924E+00  1.400E-02
1.847924E+00  1.397E-02
1.849924E+00  1.394E-02
1.851924E+00  1.392E-02
1.853924E+00  1.389E-02
1.855924E+00  1.386E-02
1.857924E+00  1.383E-02
1.859924E+00  1.381E-02
1.861924E+00  1.378E-02
1.863924E+00  1.376E-02
1.865924E+00  1.373E-02
1.867924E+00  1.371E-02
1.869924E+00  1.369E-02
1.871924E+00  1.367E-02
1.873924E+00  1.364E-02
1.875924E+00  1.362E-02
1.877924E+00  1.360E-02
1.879924E+00  1.358E-02
1.881924E+00  1.357E-02
1.883924E+00  1.355E-02
1.885924E+00  1.353E-02
1.887924E+00  1.351E-02
1.889924E+00  1.349E-02
1.891924E+00  1.348E-02
1.893924E+00  1.346E-02
1.895924E+00  1.344E-02
1.897924E+00  1.343E-02
1.899924E+00  1.341E-02
1.901924E+00  1.340E-02
1.903924E+00  1.338E-02
1.905924E+00  1.337E-02
1.907924E+00  1.335E-02
1.909924E+00  1.334E-02
1.911924E+00  1.333E-02
1.913924E+00  1.331E-02
1.915924E+00  1.330E-02
1.917924E+00  1.329E-02
1.919924E+00  1.327E-02
1.921924E+00  1.326E-02
1.923924E+00  1.325E-02
1.925924E+00  1.323E-02
1.927924E+00  1.322E-02
1.929924E+00  1.321E-02
1.931924E+00  1.319E-02
1.933924E+00  1.318E-02
1.935924E+00  1.317E-02
1.937924E+00  1.315E-02
1.939924E+00  1.314E-02
1.941924E+00  1.313E-02
1.943924E+00  1.311E-02
1.945924E+00  1.310E-02
1.947924E+00  1.309E-02
1.949924E+00  1.307E-02
1.951924E+00  1.306E-02
1.953924E+00  1.304E-02
1.955924E+00  1.303E-02
1.957924E+00  1.301E-02
1.959924E+00  1.300E-02
1.961924E+00  1.298E-02
1.963924E+00  1.297E-02
1.965924E+00  1.295E-02
1.967924E+00  1.293E-02
1.969924E+00  1.292E-02
1.971924E+00  1.290E-02
1.973924E+00  1.288E-02
1.975924E+00  1.286E-02
1.977924E+00  1.285E-02
1.979924E+00  1.283E-02
1.981924E+00  1.281E-02
1.983924E+00  1.279E-02
1.985924E+00  1.277E-02
1.987924E+00  1.275E-02
1.989924E+00  1.273E-02
1.991924E+00  1.271E-02
1.993924E+00  1.268E-02
1.995924E+00  1.266E-02
1.997924E+00  1.264E-02
1.999924E+00  1.262E-02
2.001924E+00  1.259E-02
2.003924E+00  1.257E-02
2.005924E+00  1.254E-02
2.007924E+00  1.252E-02
2.009924E+00  1.249E-02
2.011924E+00  1.246E-02
2.013924E+00  1.244E-02
2.015924E+00  1.241E-02
2.017924E+00  1.238E-02
2.019924E+00  1.235E-02
2.021924E+00  1.232E-02
2.023924E+00  1.229E-02
2.025924E+00  1.226E-02
2.027924E+00  1.223E-02
2.029924E+00  1.220E-02
2.031924E+00  1.217E-02
2.033924E+00  1.214E-02
2.035924E+00  1.211E-02
2.037924E+00  1.207E-02
2.039924E+00  1.204E-02
2.041924E+00  1.200E-02
2.043924E+00  1.197E-02
2.045924E+00  1.193E-02
2.047924E+00  1.190E-02
2.049924E+00  1.186E-02
2.051924E+00  1.182E-02
2.053924E+00  1.179E-02
2.055924E+00  1.175E-02
2.057924E+00  1.171E-02
2.059924E+00  1.167E-02
2.061924E+00  1.163E-02
2.063924E+00  1.159E-02
2.065924E+00  1.155E-02
2.067924E+00  1.151E-02
2.069924E+00  1.147E-02
2.071924E+00  1.143E-02
2.073924E+00  1.139E-02
2.075924E+00  1.134E-02
2.077924E+00  1.130E-02
2.079924E+00  1.126E-02
2.081924E+00  1.121E-02
2.083924E+00  1.117E-02
2.085924E+00  1.113E-02
2.087924E+00  1.108E-02
2.089924E+00  1.104E-02
2.091924E+00  1.099E-02
2.093924E+00  1.094E-02
2.095924E+00  1.090E-02
2.097924E+00  1.085E-02
2.099924E+00  1.081E-02
2.101924E+00  1.076E-02
2.103924E+00  1.071E-02
2.105924E+00  1.067E-02
2.107924E+00  1.062E-02
2.109924E+00  1.057E-02
2.111924E+00  1.052E-02
2.113924E+00  1.048E-02
2.125924E+00  1.019E-02
2.145326E+00  9.715E-03
2.200229E+00  8.449E-03
2.250602E+00  7.524E-03
2.296929E+00  6.953E-03
2.339634E+00  6.662E-03
2.391567E+00  6.542E-03
2.500696E+00  6.486E-03
2.554735E+00  6.246E-03
2.609243E+00  5.785E-03
2.746266E+00  4.245E-03
2.794810E+00  3.830E-03
2.834383E+00  3.611E-03
2.862029E+00  3.560E-03
2.876705E+00  3.620E-03
2.885794E+00  3.755E-03
2.890145E+00  3.891E-03
2.894374E+00  4.128E-03
2.896444E+00  4.317E-03
2.898485E+00  4.592E-03
2.900498E+00  5.017E-03
2.902483E+00  5.730E-03
2.904441E+00  7.098E-03
2.906372E+00  1.037E-02
2.908277E+00  2.265E-02
2.910155E+00  2.725E-01
2.912009E+00  5.980E-02
2.913837E+00  1.042E-02
2.915641E+00  5.271E-03
2.917421E+00  3.879E-03
2.919177E+00  3.352E-03
2.920910E+00  3.115E-03
2.922621E+00  3.001E-03
2.924308E+00  2.946E-03
2.927618E+00  2.922E-03
2.932425E+00  2.999E-03
2.935528E+00  3.127E-03
2.937050E+00  3.228E-03
2.938553E+00  3.370E-03
2.940037E+00  3.576E-03
2.941502E+00  3.891E-03
2.942949E+00  4.414E-03
2.944379E+00  5.412E-03
2.945790E+00  7.865E-03
2.947185E+00  1.940E-02
2.948562E+00  4.069E-01
2.949922E+00  1.084E-03
2.951266E+00  3.716E-05
2.952594E+00  2.390E-04
2.953905E+00  4.452E-04
2.955201E+00  5.928E-04
2.956482E+00  6.924E-04
2.957747E+00  7.567E-04
2.958997E+00  7.948E-04
2.960232E+00  8.132E-04
2.961453E+00  8.162E-04
2.962660E+00  8.066E-04
2.963852E+00  7.867E-04
2.965031E+00  7.581E-04
2.967347E+00  6.792E-04
2.969611E+00  5.776E-04
2.971823E+00  4.596E-04
2.976100E+00  2.102E-04
2.977139E+00  1.562E-04
2.978167E+00  1.125E-04
2.979183E+00  8.478E-05
2.980189E+00  8.151E-05
2.981183E+00  1.146E-04
2.982166E+00  2.017E-04
2.983139E+00  3.689E-04
2.984101E+00  6.560E-04
2.985053E+00  1.126E-03
2.985994E+00  1.878E-03
2.986925E+00  3.082E-03
2.987846E+00  5.036E-03
2.988758E+00  8.291E-03
2.989660E+00  1.396E-02
2.990552E+00  2.452E-02
2.991435E+00  4.632E-02
2.992308E+00  9.945E-02
2.993172E+00  2.755E-01
2.994028E+00  1.532E+00
2.994874E+00  4.357E+01
2.995711E+00  1.027E+00
2.996540E+00  5.205E+02
2.997361E+00  1.915E-01
2.998173E+00  1.159E-01
2.998976E+00  8.222E-02
2.999772E+00  6.321E-02
3.000559E+00  5.120E-02
3.001338E+00  4.304E-02
3.002110E+00  3.720E-02
3.002874E+00  3.284E-02
3.003630E+00  2.949E-02
3.004378E+00  2.685E-02
3.005119E+00  2.474E-02
3.005853E+00  2.301E-02
3.006579E+00  2.158E-02
3.008011E+00  1.941E-02
3.009414E+00  1.790E-02
3.010791E+00  1.692E-02
3.012141E+00  1.647E-02
3.012806E+00  1.650E-02
3.013464E+00  1.679E-02
3.014117E+00  1.747E-02
3.014763E+00  1.882E-02
3.015403E+00  2.146E-02
3.016038E+00  2.702E-02
3.016666E+00  4.093E-02
3.017288E+00  9.097E-02
3.017904E+00  6.357E-01
3.018515E+00  1.077E+00
3.019120E+00  1.127E-01
3.019719E+00  4.752E-02
3.020313E+00  2.987E-02
3.020901E+00  2.255E-02
3.021484E+00  1.876E-02
3.022062E+00  1.651E-02
3.022634E+00  1.503E-02
3.023201E+00  1.399E-02
3.023763E+00  1.322E-02
3.024871E+00  1.211E-02
3.027029E+00  1.062E-02
3.028598E+00  9.547E-03
3.029111E+00  9.100E-03
3.029620E+00  8.558E-03
3.030125E+00  7.859E-03
3.030625E+00  6.899E-03
3.031121E+00  5.474E-03
3.031613E+00  3.193E-03
3.032100E+00  6.231E-04
3.032583E+00  3.598E+01
3.033062E+00  5.139E-02
3.033537E+00  2.829E-02
3.034007E+00  2.226E-02
3.034474E+00  1.958E-02
3.034937E+00  1.810E-02
3.035396E+00  1.720E-02
3.035851E+00  1.661E-02
3.036749E+00  1.596E-02
3.038068E+00  1.570E-02
3.039355E+00  1.594E-02
3.040610E+00  1.659E-02
3.041834E+00  1.772E-02
3.042634E+00  1.883E-02
3.043421E+00  2.036E-02
3.044195E+00  2.251E-02
3.044578E+00  2.393E-02
3.044957E+00  2.567E-02
3.045334E+00  2.784E-02
3.045707E+00  3.061E-02
3.046078E+00  3.424E-02
3.046445E+00  3.916E-02
3.046810E+00  4.614E-02
3.047172E+00  5.663E-02
3.047531E+00  7.379E-02
3.047887E+00  1.056E-01
3.048240E+00  1.777E-01
3.048591E+00  4.240E-01
3.048939E+00  3.547E+00
3.049284E+00  2.049E+00
3.049627E+00  2.001E-01
3.049967E+00  5.652E-02
3.050304E+00  2.201E-02
3.050639E+00  1.374E-02
3.050971E+00  4.547E-01
3.051301E+00  7.237E-03
3.051628E+00  2.497E-03
3.051952E+00  1.200E-03
3.052275E+00  7.348E-04
3.052595E+00  6.053E-04
3.052912E+00  6.378E-04
3.053227E+00  7.532E-04
3.053540E+00  9.110E-04
3.054158E+00  1.274E-03
3.055068E+00  1.814E-03
3.055959E+00  2.279E-03
3.056542E+00  2.524E-03
3.056830E+00  2.599E-03
3.057116E+00  2.487E-03
3.057400E+00  4.508E-03
3.057682E+00  3.597E-03
3.057962E+00  3.765E-03
3.058240E+00  4.227E-03
3.058516E+00  5.356E-03
3.058790E+00  9.088E-03
3.059062E+00  3.523E-02
3.059332E+00  1.915E+00
3.059600E+00  3.260E-02
3.059867E+00  1.363E-02
3.060131E+00  9.349E-03
3.060394E+00  7.696E-03
3.060654E+00  6.890E-03
3.060913E+00  6.444E-03
3.061170E+00  6.180E-03
3.061425E+00  6.017E-03
3.061930E+00  5.853E-03
3.062920E+00  5.798E-03
3.064354E+00  5.836E-03
3.064819E+00  5.769E-03
3.065049E+00  5.680E-03
3.065278E+00  5.514E-03
3.065505E+00  5.189E-03
3.065730E+00  4.464E-03
3.065954E+00  2.232E-03
3.066177E+00  4.379E-02
3.066398E+00  1.158E-02
3.066618E+00  9.557E-03
3.066836E+00  8.913E-03
3.067053E+00  8.642E-03
3.067482E+00  8.498E-03
3.068115E+00  8.660E-03
3.068940E+00  9.220E-03
3.069545E+00  9.873E-03
3.070138E+00  1.080E-02
3.070527E+00  1.164E-02
3.070912E+00  1.276E-02
3.071291E+00  1.431E-02
3.071479E+00  1.534E-02
3.071666E+00  1.659E-02
3.071851E+00  1.818E-02
3.072036E+00  2.023E-02
3.072219E+00  2.298E-02
3.072401E+00  2.682E-02
3.072582E+00  3.251E-02
3.072762E+00  4.162E-02
3.072940E+00  5.804E-02
3.073118E+00  9.380E-02
3.073294E+00  2.058E-01
3.073470E+00  1.207E+00
3.073644E+00  2.011E+00
3.073818E+00  1.311E-01
3.073990E+00  1.947E-01
3.074161E+00  1.963E-02
3.074331E+00  6.752E-03
3.074500E+00  2.964E-03
3.074668E+00  1.450E-03
3.074835E+00  8.275E-04
3.075001E+00  6.094E-04
3.075166E+00  5.887E-04
3.075330E+00  6.670E-04
3.075493E+00  7.943E-04
3.075816E+00  1.100E-03
3.076135E+00  1.402E-03
3.076451E+00  1.660E-03
3.076607E+00  1.763E-03
3.076763E+00  1.841E-03
3.076917E+00  1.879E-03
3.077071E+00  1.845E-03
3.077223E+00  1.644E-03
3.077375E+00  8.342E-04
3.077526E+00  1.741E-02
3.077676E+00  4.698E-03
3.077825E+00  3.950E-03
3.077973E+00  3.745E-03
3.078121E+00  3.682E-03
3.078413E+00  3.697E-03
3.078845E+00  3.843E-03
3.079128E+00  4.034E-03
3.079269E+00  4.231E-03
3.079409E+00  4.667E-03
3.079548E+00  6.001E-03
3.079686E+00  1.337E-02
3.079824E+00  9.319E-01
3.079961E+00  3.101E-02
3.080097E+00  1.170E-02
3.080232E+00  8.310E-03
3.080366E+00  7.112E-03
3.080500E+00  6.561E-03
3.080633E+00  6.275E-03
3.080765E+00  6.120E-03
3.081027E+00  6.008E-03
3.081415E+00  6.069E-03
3.081922E+00  6.383E-03
3.082295E+00  6.811E-03
3.082540E+00  7.288E-03
3.082662E+00  7.655E-03
3.082783E+00  8.205E-03
3.082903E+00  9.164E-03
3.083022E+00  1.141E-02
3.083141E+00  2.403E-02
3.083260E+00  9.523E-04
3.083377E+00  2.709E-03
3.083495E+00  4.179E-03
3.083611E+00  4.952E-03
3.083727E+00  5.457E-03
3.083842E+00  5.836E-03
3.084184E+00  6.688E-03
3.084742E+00  8.020E-03
3.085069E+00  9.071E-03
3.085285E+00  1.001E-02
3.085392E+00  1.059E-02
3.085498E+00  1.127E-02
3.085604E+00  1.209E-02
3.085709E+00  1.310E-02
3.085814E+00  1.436E-02
3.085918E+00  1.600E-02
3.086022E+00  1.819E-02
3.086125E+00  2.127E-02
3.086227E+00  2.585E-02
3.086329E+00  3.330E-02
3.086431E+00  4.699E-02
3.086532E+00  7.805E-02
3.086632E+00  1.848E-01
3.086732E+00  1.673E+00
3.086832E+00  6.985E-01
3.086931E+00  8.688E-02
3.087029E+00  2.123E-02
3.087127E+00  7.695E-03
3.087225E+00  3.227E-03
3.087322E+00  1.504E-03
3.087418E+00  8.240E-04
3.087514E+00  5.936E-04
3.087610E+00  5.712E-04
3.087705E+00  6.479E-04
3.087799E+00  7.705E-04
3.088080E+00  1.198E-03
3.088265E+00  1.447E-03
3.088356E+00  1.547E-03
3.088448E+00  1.625E-03
3.088539E+00  1.669E-03
3.088629E+00  1.659E-03
3.088719E+00  1.543E-03
3.088808E+00  1.156E-03
3.088897E+00  2.810E-04
3.088986E+00  7.876E-03
3.089074E+00  4.414E-03
3.089162E+00  3.836E-03
3.089249E+00  3.643E-03
3.089336E+00  3.572E-03
3.089509E+00  3.561E-03
3.089849E+00  3.695E-03
3.090016E+00  3.814E-03
3.090099E+00  3.917E-03
3.090182E+00  4.114E-03
3.090264E+00  4.613E-03
3.090346E+00  6.473E-03
3.090428E+00  2.327E-02
3.090509E+00  2.273E-01
3.090590E+00  1.628E-02
3.090670E+00  9.030E-03
3.090750E+00  7.175E-03
3.090830E+00  6.428E-03
3.090909E+00  6.064E-03
3.090988E+00  5.871E-03
3.091145E+00  5.721E-03
3.091377E+00  5.753E-03
3.091682E+00  6.028E-03
3.091907E+00  6.407E-03
3.092055E+00  6.813E-03
3.092128E+00  7.109E-03
3.092202E+00  7.522E-03
3.092275E+00  8.161E-03
3.092347E+00  9.331E-03
3.092419E+00  1.236E-02
3.092491E+00  3.839E-02
3.092563E+00  3.635E-04
3.092634E+00  2.541E-03
3.092705E+00  3.843E-03
3.092775E+00  4.570E-03
3.092846E+00  5.058E-03
3.092916E+00  5.431E-03
3.093123E+00  6.279E-03
3.093396E+00  7.334E-03
3.093598E+00  8.329E-03
3.093730E+00  9.215E-03
3.093796E+00  9.767E-03
3.093862E+00  1.042E-02
3.093927E+00  1.121E-02
3.093993E+00  1.219E-02
3.094057E+00  1.344E-02
3.094122E+00  1.508E-02
3.094186E+00  1.732E-02
3.094250E+00  2.057E-02
3.094314E+00  2.561E-02
3.094377E+00  3.434E-02
3.094440E+00  5.214E-02
3.094503E+00  1.012E-01
3.094565E+00  3.858E-01
3.094628E+00  8.387E+00
3.094690E+00  1.226E-01
3.094751E+00  2.550E-02
3.094813E+00  8.328E-03
3.094874E+00  3.262E-03
3.094935E+00  1.454E-03
3.094996E+00  7.899E-04
3.095056E+00  5.898E-04
3.095116E+00  5.936E-04
3.095176E+00  6.893E-04
3.095236E+00  8.247E-04
3.095413E+00  1.268E-03
3.095530E+00  1.520E-03
3.095588E+00  1.623E-03
3.095646E+00  1.705E-03
3.095704E+00  1.759E-03
3.095761E+00  1.769E-03
3.095818E+00  1.701E-03
3.095875E+00  1.447E-03
3.095931E+00  5.611E-04
3.095988E+00  1.528E-02
3.096044E+00  4.693E-03
3.096100E+00  3.884E-03
3.096156E+00  3.642E-03
3.096211E+00  3.553E-03
3.096321E+00  3.526E-03
3.096593E+00  3.673E-03
3.096753E+00  3.832E-03
3.096806E+00  3.946E-03
3.096859E+00  4.198E-03
3.096911E+00  4.973E-03
3.096963E+00  9.106E-03
3.097016E+00  2.251E-01
3.097067E+00  2.853E-02
3.097119E+00  1.033E-02
3.097171E+00  7.462E-03
3.097222E+00  6.476E-03
3.097273E+00  6.029E-03
3.097324E+00  5.801E-03
3.097374E+00  5.680E-03
3.097475E+00  5.601E-03
3.097624E+00  5.678E-03
3.097772E+00  5.891E-03
3.097918E+00  6.252E-03
3.098014E+00  6.635E-03
3.098062E+00  6.908E-03
3.098109E+00  7.282E-03
3.098157E+00  7.839E-03
3.098204E+00  8.791E-03
3.098251E+00  1.089E-02
3.098298E+00  1.988E-02
3.098345E+00  2.680E-02
3.098391E+00  1.469E-03
3.098437E+00  3.175E-03
3.098484E+00  4.073E-03
3.098530E+00  4.641E-03
3.098575E+00  5.054E-03
3.098666E+00  5.677E-03
3.098891E+00  6.982E-03
3.099023E+00  7.942E-03
3.099111E+00  8.793E-03
3.099198E+00  9.953E-03
3.099241E+00  1.072E-02
3.099284E+00  1.167E-02
3.099327E+00  1.289E-02
3.099369E+00  1.450E-02
3.099412E+00  1.674E-02
3.099454E+00  2.003E-02
3.099496E+00  2.527E-02
3.099538E+00  3.466E-02
3.099580E+00  5.509E-02
3.099622E+00  1.195E-01
3.099663E+00  7.343E-01
3.099705E+00  8.779E-01
3.099746E+00  6.095E-02
3.099787E+00  1.501E-02
3.099828E+00  5.125E-03
3.099869E+00  2.054E-03
3.099909E+00  9.813E-04
3.099950E+00  6.357E-04
3.099990E+00  5.877E-04
3.100030E+00  6.680E-04
3.100070E+00  8.026E-04
3.100189E+00  1.267E-03
3.100268E+00  1.540E-03
3.100307E+00  1.656E-03
3.100346E+00  1.755E-03
3.100385E+00  1.833E-03
3.100423E+00  1.882E-03
3.100462E+00  1.886E-03
3.100500E+00  1.803E-03
3.100538E+00  1.495E-03
3.100576E+00  3.034E-04
3.100614E+00  7.317E-03
3.100652E+00  4.193E-03
3.100690E+00  3.714E-03
3.100727E+00  3.561E-03
3.100765E+00  3.508E-03
3.100876E+00  3.533E-03
3.101095E+00  3.749E-03
3.101167E+00  3.878E-03
3.101203E+00  4.029E-03
3.101238E+00  4.428E-03
3.101274E+00  6.044E-03
3.101309E+00  2.382E-02
3.101345E+00  1.018E-01
3.101380E+00  1.298E-02
3.101415E+00  8.010E-03
3.101450E+00  6.644E-03
3.101484E+00  6.080E-03
3.101519E+00  5.804E-03
3.101553E+00  5.660E-03
3.101622E+00  5.561E-03
3.101724E+00  5.626E-03
3.101825E+00  5.833E-03
3.101925E+00  6.187E-03
3.101991E+00  6.561E-03
3.102024E+00  6.826E-03
3.102056E+00  7.182E-03
3.102089E+00  7.702E-03
3.102122E+00  8.555E-03
3.102154E+00  1.029E-02
3.102186E+00  1.596E-02
3.102218E+00  7.878E-01
3.102250E+00  6.069E-04
3.102282E+00  2.576E-03
3.102314E+00  3.654E-03
3.102346E+00  4.308E-03
3.102377E+00  4.767E-03
3.102440E+00  5.431E-03
3.102626E+00  7.031E-03
3.102687E+00  7.683E-03
3.102748E+00  8.508E-03
3.102778E+00  9.020E-03
3.102808E+00  9.630E-03
3.102838E+00  1.037E-02
3.102868E+00  1.129E-02
3.102898E+00  1.247E-02
3.102927E+00  1.404E-02
3.102957E+00  1.623E-02
3.102986E+00  1.947E-02
3.103016E+00  2.467E-02
3.103045E+00  3.414E-02
3.103074E+00  5.535E-02
3.103103E+00  1.269E-01
3.103132E+00  1.103E+00
3.103161E+00  4.906E-01
3.103190E+00  4.549E-02
3.103219E+00  1.168E-02
3.103247E+00  4.019E-03
3.103276E+00  1.631E-03
3.103304E+00  8.260E-04
3.103332E+00  6.019E-04
3.103361E+00  6.135E-04
3.103389E+00  7.242E-04
3.103417E+00  8.745E-04
3.103472E+00  1.198E-03
3.103528E+00  1.494E-03
3.103555E+00  1.623E-03
3.103610E+00  1.837E-03
3.103637E+00  1.915E-03
3.103665E+00  1.965E-03
3.103692E+00  1.972E-03
3.103719E+00  1.893E-03
3.103746E+00  1.578E-03
3.103772E+00  2.514E-04
3.103799E+00  6.045E-03
3.103826E+00  3.993E-03
3.103852E+00  3.630E-03
3.103879E+00  3.514E-03
3.103905E+00  3.479E-03
3.103984E+00  3.524E-03
3.104164E+00  3.785E-03
3.104190E+00  3.846E-03
3.104215E+00  3.952E-03
3.104240E+00  4.201E-03
3.104266E+00  5.051E-03
3.104291E+00  1.074E-02
3.104316E+00  1.596E+02
3.104341E+00  1.796E-02
3.104366E+00  8.770E-03
3.104390E+00  6.871E-03
3.104415E+00  6.163E-03
3.104440E+00  5.832E-03
3.104464E+00  5.664E-03
3.104513E+00  5.544E-03
3.104586E+00  5.599E-03
3.104658E+00  5.802E-03
3.104730E+00  6.152E-03
3.104777E+00  6.521E-03
3.104800E+00  6.781E-03
3.104824E+00  7.127E-03
3.104847E+00  7.624E-03
3.104870E+00  8.416E-03
3.104893E+00  9.937E-03
3.104917E+00  1.423E-02
3.104940E+00  7.270E-02
3.104963E+00  3.890E-04
3.104986E+00  2.033E-03
3.105008E+00  3.288E-03
3.105031E+00  4.028E-03
3.105054E+00  4.533E-03
3.105076E+00  4.919E-03
3.105121E+00  5.524E-03
3.105233E+00  6.854E-03
3.105299E+00  7.870E-03
3.105321E+00  8.299E-03
3.105364E+00  9.390E-03
3.105386E+00  1.011E-02
3.105407E+00  1.100E-02
3.105429E+00  1.215E-02
3.105450E+00  1.368E-02
3.105472E+00  1.580E-02
3.105493E+00  1.895E-02
3.105514E+00  2.403E-02
3.105536E+00  3.332E-02
3.105557E+00  5.432E-02
3.105578E+00  1.270E-01
3.105599E+00  1.972E+00
3.105620E+00  4.009E-01
3.105641E+00  3.997E-02
3.105661E+00  1.034E-02
3.105682E+00  3.548E-03
3.105703E+00  1.449E-03
3.105724E+00  7.634E-04
3.105744E+00  5.952E-04
3.105765E+00  6.350E-04
3.105785E+00  7.603E-04
3.105866E+00  1.401E-03
3.105906E+00  1.673E-03
3.105944E+00  1.878E-03
3.110963E+00  4.615E-03
3.155127E+00  3.944E-03
3.215950E+00  3.300E-03
3.309294E+00  2.525E-03
3.356439E+00  2.218E-03
3.431568E+00  1.817E-03
3.442901E+00  1.723E-03
3.449319E+00  1.632E-03
3.453449E+00  1.533E-03
3.455471E+00  1.460E-03
3.457465E+00  1.358E-03
3.459431E+00  1.205E-03
3.461371E+00  9.491E-04
3.463284E+00  4.938E-04
3.465171E+00  2.215E-03
3.467032E+00  5.506E-03
3.468868E+00  3.531E-03
3.470680E+00  2.917E-03
3.472468E+00  2.633E-03
3.474231E+00  2.471E-03
3.475972E+00  2.366E-03
3.479384E+00  2.238E-03
3.484338E+00  2.136E-03
3.493687E+00  2.043E-03
3.510400E+00  1.978E-03
3.533448E+00  1.931E-03
3.539402E+00  1.871E-03
3.540356E+00  2.078E-03
3.541301E+00  1.146E-01
3.542235E+00  3.741E-03
3.543159E+00  2.616E-03
3.544074E+00  2.370E-03
3.544978E+00  2.271E-03
3.546759E+00  2.193E-03
3.548502E+00  2.177E-03
3.549360E+00  2.222E-03
3.550209E+00  2.043E-03
3.551050E+00  2.101E-03
3.561951E+00  2.183E-03
3.566854E+00  2.276E-03
3.569510E+00  2.372E-03
3.571436E+00  2.496E-03
3.572690E+00  2.636E-03
3.573308E+00  2.742E-03
3.573920E+00  2.897E-03
3.574527E+00  3.151E-03
3.575128E+00  3.722E-03
3.575723E+00  5.295E-03
3.576313E+00  4.026E-02
3.576897E+00  1.926E-03
3.577476E+00  1.787E-03
3.578619E+00  2.382E-03
3.579182E+00  2.711E-03
3.579740E+00  3.175E-03
3.580293E+00  4.009E-03
3.580842E+00  6.088E-03
3.581385E+00  1.485E-02
3.581923E+00  7.741E-03
3.582457E+00  1.302E-03
3.582986E+00  9.592E-04
3.583510E+00  1.037E-03
3.584029E+00  1.145E-03
3.584544E+00  1.240E-03
3.585055E+00  1.318E-03
3.586062E+00  1.436E-03
3.587540E+00  1.552E-03
3.589453E+00  1.646E-03
3.591300E+00  1.694E-03
3.591752E+00  1.693E-03
3.592201E+00  1.673E-03
3.592645E+00  1.527E-03
3.593086E+00  2.034E-03
3.593523E+00  1.872E-03
3.593957E+00  1.848E-03
3.596892E+00  1.862E-03
3.598496E+00  1.861E-03
3.599278E+00  1.820E-03
3.599664E+00  1.943E-03
3.600048E+00  2.638E-03
3.600428E+00  2.149E-03
3.600805E+00  2.077E-03
3.601551E+00  2.047E-03
3.602647E+00  2.066E-03
3.603364E+00  2.115E-03
3.603718E+00  2.179E-03
3.604070E+00  2.451E-03
3.604418E+00  1.546E-03
3.604764E+00  1.887E-03
3.605108E+00  1.960E-03
3.606122E+00  2.038E-03
3.609339E+00  2.206E-03
3.610560E+00  2.314E-03
3.611453E+00  2.443E-03
3.612037E+00  2.576E-03
3.612325E+00  2.668E-03
3.612612E+00  2.788E-03
3.612897E+00  2.951E-03
3.613179E+00  3.187E-03
3.613460E+00  3.560E-03
3.613738E+00  4.240E-03
3.614015E+00  5.852E-03
3.614289E+00  1.344E-02
3.614562E+00  6.616E-02
3.614832E+00  2.310E-04
3.615101E+00  5.079E-04
3.615368E+00  8.929E-04
3.615633E+00  1.189E-03
3.615896E+00  2.053E-03
3.616157E+00  1.652E-03
3.616416E+00  1.810E-03
3.616674E+00  2.064E-03
3.616929E+00  2.460E-03
3.617183E+00  3.245E-03
3.617436E+00  5.565E-03
3.617686E+00  2.558E-02
3.617935E+00  1.880E-02
3.618182E+00  1.780E-03
3.618427E+00  2.327E-03
3.618670E+00  1.094E-02
3.618912E+00  4.423E-03
3.619152E+00  2.883E-03
3.619391E+00  2.378E-03
3.619628E+00  2.155E-03
3.619863E+00  2.039E-03
3.620097E+00  1.975E-03
3.620560E+00  1.916E-03
3.621242E+00  1.898E-03
3.622350E+00  1.937E-03
3.623209E+00  2.024E-03
3.623631E+00  2.118E-03
3.623839E+00  2.200E-03
3.624047E+00  2.344E-03
3.624253E+00  2.660E-03
3.624457E+00  3.954E-03
3.624660E+00  2.111E-03
3.624862E+00  9.885E-04
3.625063E+00  1.338E-03
3.625262E+00  1.493E-03
3.625460E+00  1.581E-03
3.625853E+00  1.679E-03
3.626432E+00  1.755E-03
3.627558E+00  1.826E-03
3.628105E+00  1.828E-03
3.628285E+00  1.813E-03
3.628464E+00  1.817E-03
3.628642E+00  1.422E-02
3.628819E+00  2.377E-03
3.628994E+00  2.169E-03
3.629169E+00  2.122E-03
3.629515E+00  2.123E-03
3.629857E+00  2.175E-03
3.630194E+00  2.288E-03
3.630362E+00  2.393E-03
3.630528E+00  2.580E-03
3.630693E+00  3.017E-03
3.630857E+00  5.248E-03
3.631020E+00  5.685E-04
3.631183E+00  1.204E-03
3.631344E+00  1.552E-03
3.631504E+00  1.748E-03
3.631664E+00  1.906E-03
3.631822E+00  2.081E-03
3.631980E+00  2.351E-03
3.632136E+00  3.000E-03
3.632292E+00  8.464E-03
3.632446E+00  1.583E-04
3.632600E+00  1.329E-03
3.632753E+00  1.232E-03
3.632905E+00  1.349E-03
3.633056E+00  1.428E-03
3.633356E+00  1.524E-03
3.633798E+00  1.598E-03
3.634519E+00  1.647E-03
3.635220E+00  1.676E-03
3.635357E+00  1.703E-03
3.635494E+00  1.781E-03
3.635631E+00  2.121E-03
3.635766E+00  2.286E-03
3.635901E+00  8.562E-04
3.636034E+00  9.603E-04
3.636167E+00  8.999E-04
3.636300E+00  7.382E-04
3.636431E+00  4.537E-04
3.636562E+00  8.515E-04
3.636692E+00  5.486E-03
3.636822E+00  2.540E-02
3.636950E+00  6.948E-03
3.637078E+00  4.708E-03
3.637206E+00  3.955E-03
3.637332E+00  3.692E-03
3.637458E+00  3.031E-03
3.637583E+00  2.812E-03
3.637955E+00  2.684E-03
3.638320E+00  2.650E-03
3.638679E+00  2.692E-03
3.639033E+00  2.822E-03
3.639265E+00  2.992E-03
3.639381E+00  3.122E-03
3.639495E+00  3.303E-03
3.639609E+00  3.567E-03
3.639723E+00  3.982E-03
3.639836E+00  4.715E-03
3.639948E+00  6.311E-03
3.640060E+00  1.179E-02
3.640171E+00  1.770E-01
3.640281E+00  3.796E-03
3.640391E+00  4.140E-04
3.640501E+00  5.598E-04
3.640609E+00  8.016E-04
3.640718E+00  9.942E-04
3.640825E+00  1.141E-03
3.640932E+00  1.255E-03
3.641039E+00  1.346E-03
3.641250E+00  1.481E-03
3.641563E+00  1.616E-03
3.641973E+00  1.735E-03
3.642274E+00  1.790E-03
3.642473E+00  1.791E-03
3.642572E+00  2.468E-02
3.642670E+00  2.396E-03
3.642767E+00  2.202E-03
3.642864E+00  2.191E-03
3.642961E+00  2.225E-03
3.643057E+00  2.289E-03
3.643153E+00  2.388E-03
3.643248E+00  2.545E-03
3.643342E+00  2.826E-03
3.643436E+00  3.512E-03
3.643530E+00  1.018E-02
3.643623E+00  1.221E-03
3.643716E+00  2.941E-03
3.643808E+00  1.222E-02
3.643900E+00  7.362E-04
3.643992E+00  5.796E-04
3.644083E+00  1.311E-03
3.644173E+00  1.165E-03
3.644353E+00  1.300E-03
3.644530E+00  1.400E-03
3.644794E+00  1.489E-03
3.645394E+00  1.604E-03
3.645478E+00  1.642E-03
3.645562E+00  1.746E-03
3.645645E+00  3.140E-03
3.645728E+00  1.165E-03
3.645810E+00  1.324E-03
3.645892E+00  1.356E-03
3.645974E+00  1.355E-03
3.646055E+00  1.336E-03
3.646136E+00  1.303E-03
3.646217E+00  1.255E-03
3.646297E+00  1.189E-03
3.646376E+00  1.099E-03
3.646456E+00  9.750E-04
3.646535E+00  8.008E-04
3.646613E+00  5.524E-04
3.646692E+00  2.222E-04
3.646769E+00  3.482E-04
3.646847E+00  6.405E-02
3.646924E+00  2.217E-02
3.647001E+00  8.604E-03
3.647077E+00  6.279E-03
3.647153E+00  5.858E-03
3.647229E+00  6.428E-03
3.647304E+00  2.509E-03
3.647379E+00  2.444E-03
3.647454E+00  2.538E-03
3.647602E+00  2.592E-03
3.647895E+00  2.638E-03
3.648111E+00  2.735E-03
3.648253E+00  2.861E-03
3.648324E+00  2.955E-03
3.648394E+00  3.081E-03
3.648464E+00  3.258E-03
3.648534E+00  3.518E-03
3.648603E+00  3.931E-03
3.648672E+00  4.673E-03
3.648741E+00  6.336E-03
3.648809E+00  1.253E-02
3.648877E+00  5.524E-01
3.648945E+00  2.272E-03
3.649012E+00  4.122E-04
3.649080E+00  6.188E-04
3.649147E+00  8.559E-04
3.649213E+00  1.039E-03
3.649280E+00  1.177E-03
3.649346E+00  1.284E-03
3.649411E+00  1.368E-03
3.649542E+00  1.494E-03
3.649735E+00  1.620E-03
3.650053E+00  1.756E-03
3.650485E+00  1.880E-03
3.650546E+00  2.744E-03
3.650606E+00  2.948E-03
3.650666E+00  1.108E-03
3.650726E+00  1.912E-03
3.650786E+00  2.038E-03
3.650905E+00  2.190E-03
3.650963E+00  2.284E-03
3.651022E+00  2.414E-03
3.651080E+00  2.822E-03
3.651139E+00  2.965E-03
3.651197E+00  3.602E-03
3.651254E+00  5.680E-03
3.651312E+00  4.393E-02
3.651369E+00  9.006E-04
3.651426E+00  5.225E-04
3.651482E+00  8.093E-04
3.651539E+00  1.002E-03
3.651595E+00  1.131E-03
3.651651E+00  1.222E-03
3.651707E+00  1.289E-03
3.651817E+00  1.379E-03
3.652090E+00  1.521E-03
3.652144E+00  1.589E-03
3.652198E+00  2.174E-03
3.652251E+00  1.212E-03
3.652304E+00  1.338E-03
3.652357E+00  1.364E-03
3.652463E+00  1.358E-03
3.652567E+00  1.313E-03
3.652619E+00  1.277E-03
3.652671E+00  1.228E-03
3.652722E+00  1.164E-03
3.652774E+00  1.079E-03
3.652825E+00  9.657E-04
3.652876E+00  8.115E-04
3.652926E+00  5.986E-04
3.652977E+00  3.144E-04
3.653027E+00  1.157E-04
3.653077E+00  4.905E-03
3.653127E+00  1.125E-01
3.653176E+00  1.273E-02
3.653226E+00  7.393E-03
3.653275E+00  6.031E-03
3.653324E+00  6.092E-03
3.653373E+00  5.881E-03
3.653421E+00  2.352E-03
3.653470E+00  2.478E-03
3.653518E+00  2.562E-03
3.653614E+00  2.606E-03
3.653804E+00  2.648E-03
3.653944E+00  2.747E-03
3.654036E+00  2.881E-03
3.654082E+00  2.984E-03
3.654128E+00  3.125E-03
3.654174E+00  3.329E-03
3.654219E+00  3.641E-03
3.654264E+00  4.170E-03
3.654309E+00  5.229E-03
3.654354E+00  8.209E-03
3.654399E+00  3.313E-02
3.654444E+00  1.150E-02
3.654488E+00  4.757E-04
3.654532E+00  5.524E-04
3.654576E+00  8.127E-04
3.654620E+00  1.016E-03
3.654664E+00  1.166E-03
3.654707E+00  1.280E-03
3.654751E+00  1.369E-03
3.654837E+00  1.499E-03
3.654965E+00  1.624E-03
3.655175E+00  1.754E-03
3.655422E+00  1.870E-03
3.655463E+00  1.909E-03
3.655503E+00  2.049E-03
3.655544E+00  1.714E-03
3.655584E+00  4.172E-02
3.655624E+00  2.562E-03
3.655664E+00  2.280E-03
3.655703E+00  2.256E-03
3.655743E+00  2.351E-03
3.655782E+00  2.267E-03
3.655822E+00  2.299E-03
3.655861E+00  2.412E-03
3.655900E+00  2.568E-03
3.655939E+00  2.813E-03
3.655977E+00  3.255E-03
3.656016E+00  4.281E-03
3.656054E+00  8.677E-03
3.656092E+00  7.555E-02
3.656130E+00  4.426E-04
3.656168E+00  5.881E-04
3.656206E+00  8.421E-04
3.656244E+00  1.014E-03
3.656281E+00  1.131E-03
3.656319E+00  1.216E-03
3.656356E+00  1.279E-03
3.656430E+00  1.369E-03
3.656504E+00  1.441E-03
3.656540E+00  1.493E-03
3.656577E+00  1.654E-03
3.656613E+00  8.873E-04
3.656649E+00  1.275E-03
3.656685E+00  1.327E-03
3.656721E+00  1.341E-03
3.656793E+00  1.332E-03
3.656864E+00  1.288E-03
3.656934E+00  1.206E-03
3.656969E+00  1.146E-03
3.657004E+00  1.066E-03
3.657039E+00  9.615E-04
3.657074E+00  8.205E-04
3.657108E+00  6.286E-04
3.657142E+00  3.722E-04
3.657177E+00  1.222E-04
3.657211E+00  1.494E-03
3.657245E+00  6.593E-01
3.657279E+00  1.809E-02
3.657313E+00  8.303E-03
3.657346E+00  6.130E-03
3.657380E+00  5.537E-03
3.657413E+00  6.171E-03
3.657447E+00  2.966E-03
3.657480E+00  2.474E-03
3.657513E+00  2.588E-03
3.657546E+00  2.628E-03
3.657741E+00  2.672E-03
3.657837E+00  2.779E-03
3.657901E+00  2.928E-03
3.657932E+00  3.045E-03
3.657964E+00  3.211E-03
3.657995E+00  3.458E-03
3.658026E+00  3.858E-03
3.658058E+00  4.593E-03
3.658089E+00  6.321E-03
3.658120E+00  1.371E-02
3.658150E+00  5.796E-01
3.658181E+00  1.021E-03
3.658212E+00  4.679E-04
3.658242E+00  7.393E-04
3.658273E+00  9.686E-04
3.658303E+00  1.137E-03
3.658333E+00  1.263E-03
3.658363E+00  1.359E-03
3.658393E+00  1.435E-03
3.658453E+00  1.547E-03
3.658542E+00  1.657E-03
3.658688E+00  1.773E-03
3.658831E+00  1.857E-03
3.658859E+00  1.887E-03
3.658888E+00  1.746E-03
3.658944E+00  1.864E-03
3.658972E+00  4.129E-02
3.659000E+00  2.986E-03
3.659028E+00  3.336E-03
3.659056E+00  2.070E-03
3.659083E+00  2.184E-03
3.659138E+00  2.342E-03
3.659166E+00  2.453E-03
3.659193E+00  2.613E-03
3.659220E+00  2.868E-03
3.659247E+00  3.333E-03
3.659274E+00  4.423E-03
3.659301E+00  9.184E-03
3.659328E+00  6.848E-02
3.659355E+00  4.559E-04
3.659381E+00  5.712E-04
3.659408E+00  8.228E-04
3.659435E+00  9.957E-04
3.659461E+00  1.115E-03
3.659487E+00  1.201E-03
3.659513E+00  1.267E-03
3.659592E+00  1.410E-03
3.659617E+00  1.479E-03
3.659643E+00  1.773E-03
3.659669E+00  1.069E-03
3.659695E+00  1.267E-03
3.659720E+00  1.309E-03
3.659771E+00  1.322E-03
3.659822E+00  1.297E-03
3.659872E+00  1.239E-03
3.659897E+00  1.194E-03
3.659922E+00  1.136E-03
3.659946E+00  1.061E-03
3.659971E+00  9.611E-04
3.659996E+00  8.285E-04
3.660020E+00  6.495E-04
3.660045E+00  4.106E-04
3.660069E+00  1.507E-04
3.660094E+00  7.219E-04
3.660118E+00  7.637E-02
3.660142E+00  2.559E-02
3.660166E+00  9.220E-03
3.660190E+00  6.308E-03
3.660214E+00  5.365E-03
3.660238E+00  5.397E-03
3.660262E+00  4.898E-03
3.660286E+00  2.504E-03
3.660309E+00  2.621E-03
3.660333E+00  2.666E-03
3.660473E+00  2.680E-03
3.660542E+00  2.769E-03
3.660587E+00  2.898E-03
3.660610E+00  3.000E-03
3.660633E+00  3.144E-03
3.660655E+00  3.354E-03
3.660678E+00  3.683E-03
3.660700E+00  4.260E-03
3.660722E+00  5.485E-03
3.660745E+00  9.462E-03
3.660767E+00  8.947E-02
3.660789E+00  3.055E-03
3.660811E+00  4.241E-04
3.660833E+00  6.688E-04
3.660855E+00  9.212E-04
3.660877E+00  1.107E-03
3.660899E+00  1.243E-03
3.660920E+00  1.346E-03
3.660942E+00  1.427E-03
3.660985E+00  1.544E-03
3.661049E+00  1.658E-03
3.661155E+00  1.773E-03
3.661259E+00  1.846E-03
3.661280E+00  1.771E-03
3.661301E+00  1.820E-03
3.661341E+00  1.837E-03
3.661362E+00  4.324E-03
3.661382E+00  5.008E-03
3.661402E+00  3.043E-03
3.661423E+00  2.105E-03
3.661483E+00  2.310E-03
3.661500E+00  2.386E-03
3.663214E+00  1.971E-03
3.713048E+00  2.052E-03
3.721079E+00  2.112E-03
3.724329E+00  2.173E-03
3.727470E+00  2.298E-03
3.729507E+00  2.444E-03
3.731498E+00  2.617E-03
3.732478E+00  2.657E-03
3.733447E+00  2.626E-03
3.735354E+00  2.414E-03
3.737219E+00  2.221E-03
3.739045E+00  2.114E-03
3.741712E+00  2.042E-03
3.746800E+00  2.001E-03
3.761678E+00  2.011E-03
3.769304E+00  2.058E-03
3.772807E+00  2.123E-03
3.775038E+00  2.189E-03
3.775583E+00  2.188E-03
3.776124E+00  2.158E-03
3.776659E+00  2.093E-03
3.777190E+00  2.062E-03
3.777716E+00  1.801E-03
3.778237E+00  1.741E-03
3.779266E+00  1.750E-03
3.779773E+00  1.769E-03
3.780276E+00  1.849E-03
3.781269E+00  1.802E-03
3.787324E+00  1.890E-03
3.792354E+00  1.963E-03
3.793536E+00  2.015E-03
3.793923E+00  1.637E-03
3.794308E+00  1.884E-03
3.794689E+00  1.970E-03
3.796552E+00  2.152E-03
3.797277E+00  2.269E-03
3.797635E+00  2.350E-03
3.797990E+00  2.463E-03
3.798342E+00  2.656E-03
3.798692E+00  3.174E-03
3.799039E+00  1.544E-03
3.799384E+00  1.727E-03
3.799725E+00  1.869E-03
3.800064E+00  1.912E-03
3.800735E+00  1.916E-03
3.803629E+00  1.859E-03
3.810467E+00  1.859E-03
3.813230E+00  1.888E-03
3.813710E+00  1.912E-03
3.813948E+00  1.943E-03
3.814184E+00  2.054E-03
3.814418E+00  2.780E-03
3.814651E+00  1.784E-03
3.815112E+00  1.777E-03
3.815340E+00  1.703E-03
3.815567E+00  6.179E-04
3.815792E+00  2.229E-03
3.816016E+00  2.424E-03
3.816238E+00  1.968E-03
3.816458E+00  1.878E-03
3.817752E+00  1.979E-03
3.818586E+00  2.108E-03
3.818791E+00  2.090E-03
3.819197E+00  1.837E-03
3.819399E+00  1.773E-03
3.819599E+00  1.759E-03
3.821900E+00  1.897E-03
3.822630E+00  1.984E-03
3.822987E+00  2.080E-03
3.823165E+00  2.183E-03
3.823341E+00  2.419E-03
3.823690E+00  1.188E-03
3.823863E+00  1.933E-03
3.824206E+00  2.020E-03
3.824712E+00  2.210E-03
3.825044E+00  2.385E-03
3.825373E+00  2.620E-03
3.825535E+00  2.751E-03
3.825697E+00  2.799E-03
3.825858E+00  2.256E-03
3.826018E+00  8.913E-04
3.826177E+00  9.855E-04
3.826334E+00  1.410E-03
3.826491E+00  1.675E-03
3.826647E+00  1.826E-03
3.826803E+00  1.912E-03
3.826957E+00  1.958E-03
3.827262E+00  1.989E-03
3.828450E+00  1.923E-03
3.829023E+00  1.901E-03
3.829164E+00  1.878E-03
3.829859E+00  1.860E-03
3.829995E+00  1.895E-03
3.830131E+00  1.862E-03
3.831828E+00  1.850E-03
3.832202E+00  1.865E-03
3.832325E+00  1.884E-03
3.832448E+00  1.835E-03
3.832570E+00  1.187E-03
3.832692E+00  1.558E-03
3.832812E+00  1.734E-03
3.832932E+00  1.774E-03
3.833406E+00  1.809E-03
3.833755E+00  1.798E-03
3.833870E+00  1.768E-03
3.833984E+00  1.698E-03
3.834098E+00  1.719E-03
3.834211E+00  1.294E-03
3.834436E+00  1.336E-03
3.834547E+00  1.315E-03
3.834658E+00  1.236E-03
3.834768E+00  1.057E-03
3.834878E+00  6.378E-04
3.834987E+00  6.579E-04
3.835095E+00  3.964E-03
3.835203E+00  2.939E-03
3.835311E+00  2.581E-03
3.835417E+00  2.417E-03
3.835524E+00  2.330E-03
3.835734E+00  2.252E-03
3.835943E+00  2.239E-03
3.836149E+00  2.279E-03
3.836252E+00  2.332E-03
3.836354E+00  2.435E-03
3.836455E+00  2.573E-03
3.836556E+00  2.289E-03
3.836656E+00  2.155E-03
3.836756E+00  2.182E-03
3.837053E+00  2.361E-03
3.837248E+00  2.553E-03
3.837344E+00  2.695E-03
3.837441E+00  2.891E-03
3.837537E+00  3.166E-03
3.837632E+00  3.504E-03
3.837727E+00  3.271E-03
3.837821E+00  1.723E-03
3.837915E+00  1.334E-03
3.838009E+00  1.578E-03
3.838102E+00  1.869E-03
3.838194E+00  2.130E-03
3.838286E+00  2.328E-03
3.838378E+00  2.273E-03
3.838469E+00  1.791E-03
3.838560E+00  2.691E-03
3.838650E+00  2.768E-03
3.838740E+00  2.627E-03
3.839006E+00  1.996E-03
3.839182E+00  1.660E-03
3.839356E+00  1.349E-03
3.839442E+00  1.167E-03
3.839528E+00  9.459E-04
3.839614E+00  7.151E-04
3.839699E+00  7.325E-04
3.839784E+00  1.325E-03
3.839868E+00  1.870E-03
3.839952E+00  2.053E-03
3.840035E+00  2.075E-03
3.840446E+00  1.921E-03
3.840768E+00  1.838E-03
3.840848E+00  1.805E-03
3.840927E+00  1.739E-03
3.841006E+00  1.419E-03
3.841084E+00  1.866E-03
3.841163E+00  1.921E-03
3.841394E+00  1.870E-03
3.841923E+00  1.848E-03
3.842218E+00  1.873E-03
3.842291E+00  1.904E-03
3.842363E+00  1.862E-03
3.842435E+00  1.886E-03
3.842507E+00  1.615E-03
3.842578E+00  1.424E-03
3.842650E+00  1.674E-03
3.842720E+00  1.731E-03
3.842791E+00  1.747E-03
3.842861E+00  1.732E-03
3.842931E+00  1.664E-03
3.843000E+00  1.524E-03
3.843070E+00  1.418E-03
3.843138E+00  1.430E-03
3.843207E+00  1.487E-03
3.843275E+00  1.566E-03
3.843343E+00  2.151E-03
3.843411E+00  1.399E-03
3.843478E+00  1.406E-03
3.843545E+00  1.378E-03
3.843612E+00  1.312E-03
3.843679E+00  1.189E-03
3.843745E+00  9.524E-04
3.843811E+00  4.448E-04
3.843876E+00  2.284E-03
3.843941E+00  4.060E-03
3.844006E+00  3.022E-03
3.844071E+00  2.654E-03
3.844136E+00  2.480E-03
3.844200E+00  2.386E-03
3.844264E+00  2.334E-03
3.844390E+00  2.298E-03
3.844516E+00  2.339E-03
3.844579E+00  2.409E-03
3.844703E+00  2.719E-03
3.844764E+00  2.217E-03
3.844826E+00  2.125E-03
3.844948E+00  2.224E-03
3.845069E+00  2.359E-03
3.845189E+00  2.554E-03
3.845248E+00  2.692E-03
3.845366E+00  3.047E-03
3.845425E+00  2.048E-03
3.845484E+00  3.341E-03
3.845542E+00  3.716E-03
3.845600E+00  1.684E-03
3.845658E+00  1.373E-03
3.845773E+00  2.104E-03
3.845830E+00  2.416E-03
3.845887E+00  2.622E-03
3.845943E+00  2.678E-03
3.845999E+00  2.585E-03
3.846056E+00  2.396E-03
3.846167E+00  1.976E-03
3.846222E+00  1.802E-03
3.846278E+00  1.657E-03
3.846496E+00  1.187E-03
3.846604E+00  9.263E-04
3.846657E+00  8.719E-04
3.846711E+00  1.078E-03
3.846764E+00  1.545E-03
3.846817E+00  1.895E-03
3.846869E+00  2.024E-03
3.846922E+00  2.036E-03
3.847334E+00  1.830E-03
3.847384E+00  1.785E-03
3.847435E+00  1.605E-03
3.847485E+00  1.691E-03
3.847535E+00  1.872E-03
3.847830E+00  1.825E-03
3.848119E+00  1.826E-03
3.848213E+00  1.860E-03
3.848260E+00  1.814E-03
3.848354E+00  1.852E-03
3.848400E+00  1.563E-03
3.848446E+00  1.470E-03
3.848492E+00  1.660E-03
3.848538E+00  1.696E-03
3.848584E+00  1.684E-03
3.848630E+00  1.618E-03
3.848675E+00  1.489E-03
3.848720E+00  1.392E-03
3.848765E+00  1.405E-03
3.848855E+00  1.516E-03
3.848899E+00  1.619E-03
3.848944E+00  2.056E-03
3.848988E+00  1.389E-03
3.849032E+00  1.384E-03
3.849075E+00  1.346E-03
3.849119E+00  1.270E-03
3.849163E+00  1.135E-03
3.849206E+00  8.790E-04
3.849249E+00  3.577E-04
3.849292E+00  2.999E-03
3.849335E+00  4.137E-03
3.849377E+00  3.076E-03
3.849420E+00  2.690E-03
3.849462E+00  2.507E-03
3.849504E+00  2.407E-03
3.849546E+00  2.350E-03
3.849630E+00  2.312E-03
3.849671E+00  2.324E-03
3.849712E+00  2.365E-03
3.849754E+00  2.468E-03
3.849795E+00  2.698E-03
3.849836E+00  2.168E-03
3.849876E+00  2.079E-03
3.850038E+00  2.328E-03
3.850077E+00  2.407E-03
3.850117E+00  2.519E-03
3.850157E+00  3.068E-03
3.850196E+00  2.808E-03
3.850236E+00  2.980E-03
3.850275E+00  3.238E-03
3.850314E+00  3.551E-03
3.850353E+00  3.607E-03
3.850430E+00  1.379E-03
3.850469E+00  1.334E-03
3.850507E+00  1.635E-03
3.850545E+00  1.982E-03
3.850583E+00  2.295E-03
3.850621E+00  2.517E-03
3.850659E+00  2.592E-03
3.850697E+00  2.511E-03
3.850734E+00  2.327E-03
3.850771E+00  2.112E-03
3.850809E+00  1.913E-03
3.850846E+00  1.744E-03
3.850883E+00  1.604E-03
3.850919E+00  1.484E-03
3.851029E+00  1.164E-03
3.851065E+00  1.052E-03
3.851101E+00  9.557E-04
3.851137E+00  9.576E-04
3.851173E+00  1.195E-03
3.851209E+00  1.610E-03
3.851245E+00  1.903E-03
3.851280E+00  2.011E-03
3.851316E+00  2.023E-03
3.851594E+00  1.812E-03
3.851628E+00  1.706E-03
3.851662E+00  1.494E-03
3.851696E+00  1.833E-03
3.851997E+00  1.798E-03
3.852095E+00  1.806E-03
3.852127E+00  1.821E-03
3.852192E+00  1.787E-03
3.852256E+00  1.817E-03
3.852288E+00  1.075E-03
3.852319E+00  1.571E-03
3.852351E+00  1.662E-03
3.852383E+00  1.672E-03
3.852414E+00  1.641E-03
3.852445E+00  1.555E-03
3.852477E+00  1.426E-03
3.852508E+00  1.365E-03
3.852539E+00  1.398E-03
3.852600E+00  1.517E-03
3.852631E+00  1.657E-03
3.852662E+00  1.557E-03
3.852692E+00  1.375E-03
3.852722E+00  1.364E-03
3.852753E+00  1.323E-03
3.852783E+00  1.244E-03
3.852813E+00  1.105E-03
3.852843E+00  8.465E-04
3.852873E+00  3.395E-04
3.852903E+00  2.750E-03
3.852932E+00  4.277E-03
3.852962E+00  3.145E-03
3.852991E+00  2.731E-03
3.853021E+00  2.533E-03
3.853050E+00  2.426E-03
3.853079E+00  2.365E-03
3.853137E+00  2.326E-03
3.853166E+00  2.347E-03
3.853195E+00  2.422E-03
3.853223E+00  2.629E-03
3.853252E+00  2.052E-03
3.853365E+00  2.302E-03
3.853393E+00  2.386E-03
3.853421E+00  2.526E-03
3.853449E+00  2.928E-03
3.853477E+00  2.619E-03
3.853504E+00  2.498E-03
3.853532E+00  2.653E-03
3.853560E+00  2.851E-03
3.853587E+00  3.105E-03
3.853614E+00  3.407E-03
3.853642E+00  3.541E-03
3.853669E+00  2.624E-03
3.853696E+00  1.450E-03
3.853723E+00  1.285E-03
3.853750E+00  1.547E-03
3.853803E+00  2.196E-03
3.853830E+00  2.438E-03
3.853856E+00  2.549E-03
3.853883E+00  2.505E-03
3.853909E+00  2.344E-03
3.853962E+00  1.932E-03
3.853988E+00  1.757E-03
3.854014E+00  1.610E-03
3.854066E+00  1.376E-03
3.854143E+00  1.063E-03
3.854168E+00  9.768E-04
3.854194E+00  9.825E-04
3.854219E+00  1.202E-03
3.854244E+00  1.593E-03
3.854269E+00  1.886E-03
3.854295E+00  2.000E-03
3.854320E+00  2.017E-03
3.854493E+00  1.837E-03
3.854517E+00  1.797E-03
3.854541E+00  1.483E-03
3.854565E+00  1.770E-03
3.854590E+00  1.816E-03
3.854804E+00  1.783E-03
3.854897E+00  1.801E-03
3.854920E+00  1.761E-03
3.854966E+00  1.790E-03
3.854989E+00  1.627E-03
3.855012E+00  1.492E-03
3.855034E+00  1.642E-03
3.855057E+00  1.661E-03
3.855080E+00  1.643E-03
3.855102E+00  1.582E-03
3.855147E+00  1.361E-03
3.855169E+00  1.358E-03
3.855214E+00  1.473E-03
3.855236E+00  1.551E-03
3.855258E+00  2.065E-03
3.855280E+00  1.362E-03
3.855302E+00  1.361E-03
3.855324E+00  1.336E-03
3.855346E+00  1.280E-03
3.855367E+00  1.181E-03
3.855389E+00  1.006E-03
3.855410E+00  6.733E-04
3.855432E+00  1.699E-04
3.855453E+00  5.222E-03
3.855475E+00  3.783E-03
3.855496E+00  2.993E-03
3.855517E+00  2.670E-03
3.855539E+00  2.506E-03
3.855560E+00  2.414E-03
3.855581E+00  2.364E-03
3.855602E+00  2.344E-03
3.855623E+00  2.355E-03
3.855664E+00  2.511E-03
3.855685E+00  2.073E-03
3.855706E+00  2.155E-03
3.855767E+00  2.322E-03
3.855788E+00  2.407E-03
3.855808E+00  2.554E-03
3.855829E+00  2.927E-03
3.855849E+00  2.846E-03
3.855869E+00  2.367E-03
3.855889E+00  2.490E-03
3.855909E+00  2.657E-03
3.855929E+00  2.864E-03
3.855945E+00  3.060E-03
3.865925E+00  1.742E-03
3.965925E+00  1.356E-03
4.015925E+00  1.191E-03
4.065925E+00  1.058E-03
4.115925E+00  9.845E-04
4.165925E+00  9.517E-04
4.215925E+00  9.685E-04
4.365925E+00  1.111E-03
4.415925E+00  1.129E-03
4.465925E+00  1.110E-03
4.515925E+00  1.054E-03
4.565925E+00  9.671E-04
4.665925E+00  7.580E-04
4.715924E+00  6.634E-04
4.765924E+00  5.894E-04
4.815924E+00  5.404E-04
4.865924E+00  5.170E-04
4.915924E+00  5.185E-04
4.965924E+00  5.421E-04
5.065924E+00  6.237E-04
5.115924E+00  6.595E-04
5.165924E+00  6.779E-04
5.215924E+00  6.724E-04
5.265924E+00  6.424E-04
5.315924E+00  5.930E-04
5.465924E+00  4.067E-04
5.515924E+00  3.556E-04
5.565924E+00  3.173E-04
5.615924E+00  2.939E-04
5.665924E+00  2.861E-04
5.715924E+00  2.935E-04
5.765924E+00  3.140E-04
5.915924E+00  4.053E-04
5.965924E+00  4.234E-04
6.015924E+00  4.262E-04
6.065924E+00  4.125E-04
6.115924E+00  3.846E-04
6.165924E+00  3.473E-04
6.265924E+00  2.660E-04
6.315924E+00  2.305E-04
6.365924E+00  2.017E-04
6.415924E+00  1.807E-04
6.465924E+00  1.683E-04
6.515924E+00  1.650E-04
6.565924E+00  1.709E-04
6.615924E+00  1.853E-04
6.665924E+00  2.062E-04
6.765924E+00  2.527E-04
6.815924E+00  2.693E-04
6.865924E+00  2.764E-04
6.915924E+00  2.727E-04
6.965924E+00  2.587E-04
7.015924E+00  2.369E-04
7.165924E+00  1.584E-04
7.215924E+00  1.366E-04
7.265924E+00  1.190E-04
7.315924E+00  1.062E-04
7.365924E+00  9.831E-05
7.415924E+00  9.591E-05
7.465924E+00  9.937E-05
7.515924E+00  1.086E-04
7.565924E+00  1.228E-04
7.665924E+00  1.577E-04
7.715924E+00  1.726E-04
7.765924E+00  1.821E-04
7.815924E+00  1.844E-04
7.865924E+00  1.791E-04
7.915924E+00  1.675E-04
7.965924E+00  1.514E-04
8.065924E+00  1.152E-04
8.115924E+00  9.888E-05
8.165924E+00  8.500E-05
8.215924E+00  7.380E-05
8.265924E+00  6.534E-05
8.315924E+00  5.966E-05
8.365924E+00  5.715E-05
8.415924E+00  5.823E-05
8.465924E+00  6.326E-05
8.515924E+00  7.209E-05
8.565924E+00  8.386E-05
8.665924E+00  1.097E-04
8.715924E+00  1.197E-04
8.765924E+00  1.253E-04
8.815924E+00  1.258E-04
8.865924E+00  1.211E-04
8.915924E+00  1.122E-04
8.965924E+00  1.007E-04
9.065924E+00  7.585E-05
9.115924E+00  6.489E-05
9.165924E+00  5.563E-05
9.215924E+00  4.813E-05
9.265924E+00  4.222E-05
9.315924E+00  3.789E-05
9.365924E+00  3.526E-05
9.415924E+00  3.470E-05
9.465924E+00  3.665E-05
9.515924E+00  4.131E-05
9.565924E+00  4.857E-05
9.615924E+00  5.776E-05
9.715924E+00  7.699E-05
9.765924E+00  8.412E-05
9.815924E+00  8.805E-05
9.865924E+00  8.817E-05
9.915924E+00  8.460E-05
9.965924E+00  7.814E-05
1.047689E+01  6.726E-05
1.101405E+01  5.789E-05
1.157876E+01  4.982E-05
1.217242E+01  4.288E-05
1.279651E+01  3.691E-05
1.345260E+01  3.177E-05
1.414234E+01  2.734E-05
1.486743E+01  2.354E-05
1.562971E+01  2.026E-05
1.643106E+01  1.744E-05
1.727350E+01  1.501E-05
1.815914E+01  1.292E-05
1.909018E+01  1.112E-05
2.006896E+01  9.569E-06
2.109792E+01  8.236E-06
2.217964E+01  7.089E-06
2.331682E+01  6.101E-06
2.451230E+01  5.251E-06
2.576908E+01  4.520E-06
2.709029E+01  3.890E-06
2.847925E+01  3.348E-06
2.993941E+01  2.882E-06
3.147445E+01  2.481E-06
3.308818E+01  2.135E-06
3.478465E+01  1.838E-06
3.656811E+01  1.582E-06
3.844300E+01  1.361E-06
4.041403E+01  1.172E-06
