# photon energy(Ry), cross section(Mb)
6.256861E-02  3.668E+01
6.456861E-02  3.360E+01
6.656861E-02  3.084E+01
6.856861E-02  2.836E+01
7.056861E-02  2.613E+01
7.256861E-02  2.412E+01
7.456861E-02  2.230E+01
7.656861E-02  2.066E+01
7.856861E-02  1.916E+01
8.056861E-02  1.780E+01
8.256861E-02  1.656E+01
8.456861E-02  1.543E+01
8.656861E-02  1.440E+01
8.856861E-02  1.345E+01
9.056861E-02  1.258E+01
9.256861E-02  1.178E+01
9.456861E-02  1.105E+01
9.656861E-02  1.037E+01
9.856861E-02  9.746E+00
1.005686E-01  9.167E+00
1.025686E-01  8.632E+00
1.045686E-01  8.136E+00
1.065686E-01  7.675E+00
1.085686E-01  7.247E+00
1.105686E-01  6.849E+00
1.125686E-01  6.479E+00
1.145686E-01  6.133E+00
1.165686E-01  5.811E+00
1.185686E-01  5.510E+00
1.205686E-01  5.228E+00
1.225686E-01  4.964E+00
1.245686E-01  4.717E+00
1.265686E-01  4.485E+00
1.285686E-01  4.268E+00
1.305686E-01  4.063E+00
1.325686E-01  3.871E+00
1.345686E-01  3.690E+00
1.365686E-01  3.520E+00
1.385686E-01  3.359E+00
1.405686E-01  3.208E+00
1.425686E-01  3.065E+00
1.445686E-01  2.929E+00
1.465686E-01  2.801E+00
1.485686E-01  2.680E+00
1.505686E-01  2.566E+00
1.525686E-01  2.457E+00
1.545686E-01  2.354E+00
1.565686E-01  2.257E+00
1.585686E-01  2.164E+00
1.605686E-01  2.076E+00
1.625686E-01  1.993E+00
1.645686E-01  1.913E+00
1.665686E-01  1.838E+00
1.685686E-01  1.766E+00
1.705686E-01  1.697E+00
1.725686E-01  1.632E+00
1.745686E-01  1.570E+00
1.765686E-01  1.510E+00
1.785686E-01  1.454E+00
1.805686E-01  1.400E+00
1.825686E-01  1.348E+00
1.845686E-01  1.299E+00
1.865686E-01  1.252E+00
1.885686E-01  1.207E+00
1.905686E-01  1.164E+00
1.925686E-01  1.123E+00
1.945686E-01  1.083E+00
1.965686E-01  1.046E+00
1.985686E-01  1.009E+00
2.005686E-01  9.749E-01
2.025686E-01  9.418E-01
2.045686E-01  9.101E-01
2.065686E-01  8.797E-01
2.085686E-01  8.505E-01
2.105686E-01  8.225E-01
2.125686E-01  7.957E-01
2.145686E-01  7.699E-01
2.165686E-01  7.452E-01
2.185686E-01  7.215E-01
2.205686E-01  6.987E-01
2.225686E-01  6.767E-01
2.245686E-01  6.557E-01
2.265686E-01  6.354E-01
2.285686E-01  6.160E-01
2.305686E-01  5.972E-01
2.325686E-01  5.792E-01
2.345686E-01  5.619E-01
2.365686E-01  5.452E-01
2.385686E-01  5.291E-01
2.405686E-01  5.136E-01
2.425686E-01  4.987E-01
2.445686E-01  4.844E-01
2.465686E-01  4.705E-01
2.485686E-01  4.572E-01
2.505686E-01  4.443E-01
2.525686E-01  4.319E-01
2.545686E-01  4.199E-01
2.565686E-01  4.083E-01
2.585686E-01  3.972E-01
2.605686E-01  3.864E-01
2.625686E-01  3.760E-01
2.645686E-01  3.659E-01
2.665686E-01  3.562E-01
2.685686E-01  3.468E-01
2.705686E-01  3.377E-01
2.725686E-01  3.289E-01
2.745686E-01  3.204E-01
2.765686E-01  3.122E-01
2.785686E-01  3.042E-01
2.805686E-01  2.965E-01
2.825686E-01  2.891E-01
2.845686E-01  2.818E-01
2.865686E-01  2.748E-01
2.885686E-01  2.680E-01
2.905686E-01  2.614E-01
2.925686E-01  2.550E-01
2.945686E-01  2.488E-01
2.965686E-01  2.428E-01
2.985686E-01  2.370E-01
3.005686E-01  2.313E-01
3.025686E-01  2.258E-01
3.045686E-01  2.205E-01
3.065686E-01  2.153E-01
3.085686E-01  2.103E-01
3.105686E-01  2.054E-01
3.125686E-01  2.006E-01
3.145686E-01  1.960E-01
3.165686E-01  1.915E-01
3.185686E-01  1.871E-01
3.205686E-01  1.829E-01
3.225686E-01  1.787E-01
3.245686E-01  1.747E-01
3.265686E-01  1.708E-01
3.285686E-01  1.670E-01
3.305686E-01  1.632E-01
3.325686E-01  1.596E-01
3.345686E-01  1.561E-01
3.365686E-01  1.527E-01
3.385686E-01  1.493E-01
3.405686E-01  1.460E-01
3.425686E-01  1.429E-01
3.445686E-01  1.398E-01
3.465686E-01  1.368E-01
3.485686E-01  1.338E-01
3.505686E-01  1.309E-01
3.525686E-01  1.282E-01
3.545686E-01  1.254E-01
3.565686E-01  1.228E-01
3.585686E-01  1.202E-01
3.605686E-01  1.176E-01
3.625686E-01  1.152E-01
3.645686E-01  1.128E-01
3.665686E-01  1.104E-01
3.685686E-01  1.081E-01
3.705686E-01  1.059E-01
3.725686E-01  1.037E-01
3.745686E-01  1.016E-01
3.765686E-01  9.951E-02
3.785686E-01  9.749E-02
3.805686E-01  9.551E-02
3.825686E-01  9.358E-02
3.845686E-01  9.170E-02
3.865686E-01  8.986E-02
3.885686E-01  8.806E-02
3.905686E-01  8.631E-02
3.925686E-01  8.460E-02
3.945686E-01  8.293E-02
3.965686E-01  8.130E-02
3.985686E-01  7.971E-02
4.005686E-01  7.816E-02
4.025686E-01  7.664E-02
4.045686E-01  7.516E-02
4.065686E-01  7.372E-02
4.085686E-01  7.231E-02
4.105686E-01  7.093E-02
4.125686E-01  6.958E-02
4.145686E-01  6.827E-02
4.165686E-01  6.699E-02
4.185686E-01  6.574E-02
4.205686E-01  6.451E-02
4.225686E-01  6.332E-02
4.245686E-01  6.215E-02
4.265686E-01  6.101E-02
4.285686E-01  5.990E-02
4.305686E-01  5.881E-02
4.325686E-01  5.775E-02
4.345686E-01  5.671E-02
4.365686E-01  5.570E-02
4.385686E-01  5.471E-02
4.405686E-01  5.374E-02
4.425686E-01  5.279E-02
4.445686E-01  5.187E-02
4.465686E-01  5.097E-02
4.485686E-01  5.008E-02
4.505686E-01  4.922E-02
4.525686E-01  4.838E-02
4.545686E-01  4.755E-02
4.565686E-01  4.675E-02
4.585686E-01  4.596E-02
4.605686E-01  4.519E-02
4.625686E-01  4.443E-02
4.645686E-01  4.369E-02
4.665686E-01  4.297E-02
4.685686E-01  4.227E-02
4.705686E-01  4.157E-02
4.725686E-01  4.090E-02
4.745686E-01  4.024E-02
4.765686E-01  3.959E-02
4.785686E-01  3.895E-02
4.805686E-01  3.833E-02
4.825686E-01  3.772E-02
4.845686E-01  3.713E-02
4.865686E-01  3.655E-02
4.885686E-01  3.597E-02
4.905686E-01  3.541E-02
4.925686E-01  3.486E-02
4.945686E-01  3.433E-02
4.965686E-01  3.380E-02
4.985686E-01  3.328E-02
5.005686E-01  3.277E-02
5.025686E-01  3.227E-02
5.045686E-01  3.179E-02
5.065686E-01  3.131E-02
5.085686E-01  3.084E-02
5.105686E-01  3.038E-02
5.125686E-01  2.992E-02
5.145686E-01  2.948E-02
5.165686E-01  2.904E-02
5.185686E-01  2.861E-02
5.205686E-01  2.819E-02
5.225686E-01  2.778E-02
5.245686E-01  2.737E-02
5.265686E-01  2.697E-02
5.285686E-01  2.658E-02
5.305686E-01  2.619E-02
5.325686E-01  2.581E-02
5.345686E-01  2.544E-02
5.365686E-01  2.507E-02
5.385686E-01  2.471E-02
5.405686E-01  2.436E-02
5.425686E-01  2.401E-02
5.445686E-01  2.367E-02
5.465686E-01  2.333E-02
5.485686E-01  2.300E-02
5.505686E-01  2.267E-02
5.525686E-01  2.235E-02
5.545686E-01  2.203E-02
5.565686E-01  2.172E-02
5.585686E-01  2.141E-02
5.605686E-01  2.111E-02
5.625686E-01  2.081E-02
5.645686E-01  2.051E-02
5.665686E-01  2.023E-02
5.685686E-01  1.994E-02
5.705686E-01  1.966E-02
5.725686E-01  1.938E-02
5.745686E-01  1.911E-02
5.765686E-01  1.884E-02
5.785686E-01  1.858E-02
5.805686E-01  1.832E-02
5.825686E-01  1.806E-02
5.845686E-01  1.781E-02
5.865686E-01  1.756E-02
5.885686E-01  1.732E-02
5.905686E-01  1.708E-02
5.925686E-01  1.684E-02
5.945686E-01  1.660E-02
5.965686E-01  1.637E-02
5.985686E-01  1.615E-02
6.005686E-01  1.592E-02
6.025686E-01  1.570E-02
6.045686E-01  1.548E-02
6.065686E-01  1.527E-02
6.085686E-01  1.506E-02
6.105686E-01  1.485E-02
6.125686E-01  1.465E-02
6.145686E-01  1.444E-02
6.165686E-01  1.425E-02
6.185686E-01  1.405E-02
6.205686E-01  1.386E-02
6.225686E-01  1.367E-02
6.245686E-01  1.348E-02
6.265686E-01  1.330E-02
6.285686E-01  1.311E-02
6.305686E-01  1.294E-02
6.325686E-01  1.276E-02
6.345686E-01  1.259E-02
6.365686E-01  1.242E-02
6.385686E-01  1.225E-02
6.405686E-01  1.208E-02
6.425686E-01  1.192E-02
6.445686E-01  1.176E-02
6.465686E-01  1.160E-02
6.485686E-01  1.145E-02
6.505686E-01  1.130E-02
6.525686E-01  1.115E-02
6.545686E-01  1.100E-02
6.565686E-01  1.085E-02
6.585686E-01  1.071E-02
6.605686E-01  1.057E-02
6.625686E-01  1.043E-02
6.645686E-01  1.030E-02
6.665686E-01  1.016E-02
6.685686E-01  1.003E-02
6.705686E-01  9.902E-03
6.725686E-01  9.774E-03
6.745686E-01  9.649E-03
6.765686E-01  9.526E-03
6.785686E-01  9.405E-03
6.805686E-01  9.286E-03
6.825686E-01  9.169E-03
6.845686E-01  9.054E-03
6.865686E-01  8.941E-03
6.885686E-01  8.829E-03
6.905686E-01  8.720E-03
6.925686E-01  8.612E-03
6.945686E-01  8.506E-03
6.965686E-01  8.402E-03
6.985686E-01  8.300E-03
7.005686E-01  8.200E-03
7.025686E-01  8.101E-03
7.045686E-01  8.004E-03
7.065686E-01  7.908E-03
7.085686E-01  7.814E-03
7.105686E-01  7.722E-03
7.125686E-01  7.631E-03
7.145686E-01  7.541E-03
7.165686E-01  7.454E-03
7.185686E-01  7.367E-03
7.205686E-01  7.282E-03
7.225686E-01  7.199E-03
7.245686E-01  7.116E-03
7.265686E-01  7.036E-03
7.285686E-01  6.956E-03
7.305686E-01  6.878E-03
7.325686E-01  6.801E-03
7.345686E-01  6.725E-03
7.365686E-01  6.651E-03
7.385686E-01  6.577E-03
7.405686E-01  6.505E-03
7.425686E-01  6.434E-03
7.445686E-01  6.364E-03
7.465686E-01  6.295E-03
7.485686E-01  6.227E-03
7.505686E-01  6.161E-03
7.525686E-01  6.095E-03
7.545686E-01  6.030E-03
7.565686E-01  5.966E-03
7.585686E-01  5.904E-03
7.605686E-01  5.842E-03
7.625686E-01  5.781E-03
7.645686E-01  5.720E-03
7.665686E-01  5.661E-03
7.685686E-01  5.603E-03
7.705686E-01  5.545E-03
7.725686E-01  5.488E-03
7.745686E-01  5.432E-03
7.765686E-01  5.377E-03
7.785686E-01  5.322E-03
7.805686E-01  5.268E-03
7.825686E-01  5.215E-03
7.845686E-01  5.163E-03
7.865686E-01  5.111E-03
7.885686E-01  5.060E-03
7.905686E-01  5.009E-03
7.925686E-01  4.959E-03
7.945686E-01  4.910E-03
7.965686E-01  4.861E-03
7.985686E-01  4.813E-03
8.005686E-01  4.765E-03
8.025686E-01  4.718E-03
8.045686E-01  4.672E-03
8.065686E-01  4.626E-03
8.085686E-01  4.580E-03
8.105686E-01  4.535E-03
8.125686E-01  4.491E-03
8.145686E-01  4.446E-03
8.165686E-01  4.403E-03
8.185686E-01  4.360E-03
8.205686E-01  4.317E-03
8.225686E-01  4.275E-03
8.245686E-01  4.233E-03
8.265686E-01  4.191E-03
8.285686E-01  4.150E-03
8.305686E-01  4.109E-03
8.325686E-01  4.069E-03
8.345686E-01  4.029E-03
8.365686E-01  3.990E-03
8.385686E-01  3.950E-03
8.405686E-01  3.912E-03
8.425686E-01  3.873E-03
8.445686E-01  3.835E-03
8.465686E-01  3.797E-03
8.485686E-01  3.760E-03
8.505686E-01  3.723E-03
8.525686E-01  3.686E-03
8.545686E-01  3.649E-03
8.565686E-01  3.613E-03
8.585686E-01  3.577E-03
8.605686E-01  3.542E-03
8.625686E-01  3.506E-03
8.645686E-01  3.472E-03
8.665686E-01  3.437E-03
8.685686E-01  3.403E-03
8.705686E-01  3.368E-03
8.725686E-01  3.335E-03
8.745686E-01  3.301E-03
8.765686E-01  3.268E-03
8.785686E-01  3.235E-03
8.805686E-01  3.203E-03
8.825686E-01  3.170E-03
8.845686E-01  3.138E-03
8.865686E-01  3.106E-03
8.885686E-01  3.075E-03
8.905686E-01  3.044E-03
8.925686E-01  3.013E-03
8.945686E-01  2.982E-03
8.965686E-01  2.952E-03
8.985686E-01  2.922E-03
9.005686E-01  2.892E-03
9.025686E-01  2.862E-03
9.045686E-01  2.833E-03
9.065686E-01  2.804E-03
9.085686E-01  2.775E-03
9.105686E-01  2.747E-03
9.125686E-01  2.718E-03
9.145686E-01  2.690E-03
9.165686E-01  2.663E-03
9.185686E-01  2.635E-03
9.205686E-01  2.608E-03
9.225686E-01  2.581E-03
9.245686E-01  2.555E-03
9.265686E-01  2.529E-03
9.285686E-01  2.503E-03
9.305686E-01  2.477E-03
9.325686E-01  2.451E-03
9.345686E-01  2.426E-03
9.365686E-01  2.401E-03
9.385686E-01  2.376E-03
9.405686E-01  2.352E-03
9.425686E-01  2.328E-03
9.445686E-01  2.304E-03
9.465686E-01  2.280E-03
9.485686E-01  2.257E-03
9.505686E-01  2.234E-03
9.525686E-01  2.211E-03
9.545686E-01  2.188E-03
9.565686E-01  2.166E-03
9.585686E-01  2.144E-03
9.605686E-01  2.122E-03
9.625686E-01  2.101E-03
9.645686E-01  2.080E-03
9.665686E-01  2.059E-03
9.685686E-01  2.038E-03
9.705686E-01  2.017E-03
9.725686E-01  1.997E-03
9.745686E-01  1.977E-03
9.765686E-01  1.958E-03
9.785686E-01  1.938E-03
9.805686E-01  1.919E-03
9.825686E-01  1.900E-03
9.845686E-01  1.881E-03
9.865686E-01  1.863E-03
9.885686E-01  1.845E-03
9.905686E-01  1.827E-03
9.925686E-01  1.809E-03
9.945686E-01  1.792E-03
9.965686E-01  1.774E-03
9.985686E-01  1.757E-03
1.000569E+00  1.741E-03
1.002569E+00  1.724E-03
1.004569E+00  1.708E-03
1.006569E+00  1.692E-03
1.008569E+00  1.676E-03
1.010569E+00  1.660E-03
1.012569E+00  1.645E-03
1.014569E+00  1.629E-03
1.016569E+00  1.614E-03
1.018569E+00  1.600E-03
1.020569E+00  1.585E-03
1.022569E+00  1.571E-03
1.024569E+00  1.557E-03
1.026569E+00  1.543E-03
1.028569E+00  1.529E-03
1.030569E+00  1.515E-03
1.032569E+00  1.502E-03
1.034569E+00  1.489E-03
1.036569E+00  1.476E-03
1.038569E+00  1.463E-03
1.040569E+00  1.450E-03
1.042569E+00  1.438E-03
1.044569E+00  1.426E-03
1.046569E+00  1.414E-03
1.048569E+00  1.402E-03
1.050569E+00  1.390E-03
1.052569E+00  1.378E-03
1.054569E+00  1.367E-03
1.056569E+00  1.356E-03
1.058569E+00  1.345E-03
1.060569E+00  1.334E-03
1.062569E+00  1.323E-03
1.064569E+00  1.312E-03
1.066569E+00  1.302E-03
1.068569E+00  1.291E-03
1.070569E+00  1.281E-03
1.072569E+00  1.271E-03
1.074569E+00  1.261E-03
1.076569E+00  1.251E-03
1.078569E+00  1.242E-03
1.080569E+00  1.232E-03
1.082569E+00  1.222E-03
1.084569E+00  1.213E-03
1.086569E+00  1.204E-03
1.088569E+00  1.195E-03
1.090569E+00  1.186E-03
1.092569E+00  1.177E-03
1.094569E+00  1.168E-03
1.096569E+00  1.159E-03
1.098569E+00  1.151E-03
1.100569E+00  1.142E-03
1.102569E+00  1.134E-03
1.104569E+00  1.126E-03
1.106569E+00  1.117E-03
1.108569E+00  1.109E-03
1.110569E+00  1.101E-03
1.112569E+00  1.093E-03
1.114569E+00  1.085E-03
1.116569E+00  1.077E-03
1.118569E+00  1.070E-03
1.120569E+00  1.062E-03
1.122569E+00  1.054E-03
1.124569E+00  1.047E-03
1.126569E+00  1.039E-03
1.128569E+00  1.032E-03
1.130569E+00  1.025E-03
1.132569E+00  1.017E-03
1.134569E+00  1.010E-03
1.136569E+00  1.003E-03
1.138569E+00  9.959E-04
1.140569E+00  9.888E-04
1.142569E+00  9.818E-04
1.144569E+00  9.748E-04
1.146569E+00  9.679E-04
1.148569E+00  9.610E-04
1.150569E+00  9.542E-04
1.152569E+00  9.474E-04
1.154569E+00  9.406E-04
1.156569E+00  9.339E-04
1.158569E+00  9.272E-04
1.160569E+00  9.206E-04
1.162569E+00  9.140E-04
1.164569E+00  9.074E-04
1.166569E+00  9.009E-04
1.168569E+00  8.944E-04
1.170569E+00  8.879E-04
1.172569E+00  8.815E-04
1.174569E+00  8.751E-04
1.176569E+00  8.687E-04
1.178569E+00  8.624E-04
1.180569E+00  8.560E-04
1.182569E+00  8.497E-04
1.184569E+00  8.435E-04
1.186569E+00  8.372E-04
1.188569E+00  8.310E-04
1.190569E+00  8.249E-04
1.192569E+00  8.187E-04
1.194569E+00  8.126E-04
1.196569E+00  8.065E-04
1.198569E+00  8.004E-04
1.200569E+00  7.943E-04
1.202569E+00  7.883E-04
1.204569E+00  7.823E-04
1.206569E+00  7.763E-04
1.208569E+00  7.703E-04
1.210569E+00  7.644E-04
1.212569E+00  7.585E-04
1.214569E+00  7.526E-04
1.216569E+00  7.467E-04
1.218569E+00  7.409E-04
1.220569E+00  7.350E-04
1.222569E+00  7.292E-04
1.224569E+00  7.235E-04
1.226569E+00  7.177E-04
1.228569E+00  7.120E-04
1.230569E+00  7.063E-04
1.232569E+00  7.006E-04
1.234569E+00  6.950E-04
1.236569E+00  6.894E-04
1.238569E+00  6.838E-04
1.240569E+00  6.782E-04
1.242569E+00  6.727E-04
1.244569E+00  6.672E-04
1.246569E+00  6.617E-04
1.248569E+00  6.562E-04
1.250569E+00  6.508E-04
1.252569E+00  6.454E-04
1.254569E+00  6.400E-04
1.256569E+00  6.347E-04
1.258569E+00  6.294E-04
1.260569E+00  6.241E-04
1.262569E+00  6.189E-04
1.264569E+00  6.136E-04
1.266569E+00  6.085E-04
1.268569E+00  6.033E-04
1.270569E+00  5.982E-04
1.272569E+00  5.931E-04
1.274569E+00  5.880E-04
1.276569E+00  5.830E-04
1.278569E+00  5.780E-04
1.280569E+00  5.731E-04
1.282569E+00  5.682E-04
1.284569E+00  5.633E-04
1.286569E+00  5.585E-04
1.288569E+00  5.536E-04
1.290569E+00  5.489E-04
1.292569E+00  5.441E-04
1.294569E+00  5.394E-04
1.296569E+00  5.348E-04
1.298569E+00  5.302E-04
1.300569E+00  5.256E-04
1.302569E+00  5.210E-04
1.304569E+00  5.165E-04
1.306569E+00  5.121E-04
1.308569E+00  5.076E-04
1.310569E+00  5.032E-04
1.312569E+00  4.989E-04
1.314569E+00  4.946E-04
1.316569E+00  4.903E-04
1.318569E+00  4.861E-04
1.320569E+00  4.819E-04
1.322569E+00  4.777E-04
1.324569E+00  4.736E-04
1.326569E+00  4.696E-04
1.328569E+00  4.655E-04
1.330569E+00  4.615E-04
1.332569E+00  4.576E-04
1.334569E+00  4.537E-04
1.336569E+00  4.498E-04
1.338569E+00  4.460E-04
1.340569E+00  4.422E-04
1.342569E+00  4.385E-04
1.344569E+00  4.348E-04
1.346569E+00  4.311E-04
1.348569E+00  4.275E-04
1.350569E+00  4.240E-04
1.352569E+00  4.204E-04
1.354569E+00  4.169E-04
1.356569E+00  4.135E-04
1.358569E+00  4.101E-04
1.360569E+00  4.067E-04
1.362569E+00  4.034E-04
1.364569E+00  4.001E-04
1.366569E+00  3.968E-04
1.368569E+00  3.936E-04
1.370569E+00  3.904E-04
1.372569E+00  3.873E-04
1.374569E+00  3.842E-04
1.376569E+00  3.812E-04
1.378569E+00  3.782E-04
1.380569E+00  3.752E-04
1.382569E+00  3.723E-04
1.384569E+00  3.694E-04
1.386569E+00  3.665E-04
1.388569E+00  3.637E-04
1.390569E+00  3.609E-04
1.392569E+00  3.582E-04
1.394569E+00  3.555E-04
1.396569E+00  3.528E-04
1.398569E+00  3.501E-04
1.400569E+00  3.475E-04
1.402569E+00  3.450E-04
1.404569E+00  3.425E-04
1.406569E+00  3.400E-04
1.408569E+00  3.375E-04
1.410569E+00  3.351E-04
1.412569E+00  3.327E-04
1.414569E+00  3.303E-04
1.416569E+00  3.280E-04
1.418569E+00  3.257E-04
1.420569E+00  3.234E-04
1.422569E+00  3.212E-04
1.424569E+00  3.190E-04
1.426569E+00  3.168E-04
1.428569E+00  3.147E-04
1.430569E+00  3.126E-04
1.432569E+00  3.105E-04
1.434569E+00  3.085E-04
1.436569E+00  3.064E-04
1.438569E+00  3.044E-04
1.440569E+00  3.025E-04
1.442569E+00  3.005E-04
1.444569E+00  2.986E-04
1.446569E+00  2.967E-04
1.448569E+00  2.949E-04
1.450569E+00  2.930E-04
1.452569E+00  2.912E-04
1.454569E+00  2.894E-04
1.456569E+00  2.877E-04
1.458569E+00  2.859E-04
1.460569E+00  2.842E-04
1.462569E+00  2.825E-04
1.464569E+00  2.808E-04
1.466569E+00  2.792E-04
1.468569E+00  2.775E-04
1.470569E+00  2.759E-04
1.472569E+00  2.743E-04
1.474569E+00  2.727E-04
1.476569E+00  2.711E-04
1.478569E+00  2.696E-04
1.480569E+00  2.681E-04
1.482569E+00  2.666E-04
1.484569E+00  2.651E-04
1.486569E+00  2.636E-04
1.488569E+00  2.621E-04
1.490569E+00  2.606E-04
1.492569E+00  2.592E-04
1.494569E+00  2.578E-04
1.496569E+00  2.564E-04
1.498569E+00  2.550E-04
1.500569E+00  2.536E-04
1.502569E+00  2.522E-04
1.504569E+00  2.508E-04
1.506569E+00  2.495E-04
1.508569E+00  2.481E-04
1.510569E+00  2.468E-04
1.512569E+00  2.454E-04
1.514569E+00  2.441E-04
1.516569E+00  2.428E-04
1.518569E+00  2.415E-04
1.520569E+00  2.402E-04
1.522569E+00  2.389E-04
1.524569E+00  2.376E-04
1.526569E+00  2.363E-04
1.528569E+00  2.351E-04
1.530569E+00  2.338E-04
1.532569E+00  2.325E-04
1.534569E+00  2.313E-04
1.536569E+00  2.300E-04
1.538569E+00  2.287E-04
1.540569E+00  2.275E-04
1.542569E+00  2.262E-04
1.544569E+00  2.250E-04
1.546569E+00  2.238E-04
1.548569E+00  2.225E-04
1.550569E+00  2.213E-04
1.552569E+00  2.200E-04
1.554569E+00  2.188E-04
1.556569E+00  2.176E-04
1.558569E+00  2.163E-04
1.560569E+00  2.151E-04
1.562569E+00  2.139E-04
1.564569E+00  2.126E-04
1.566569E+00  2.114E-04
1.568569E+00  2.102E-04
1.570569E+00  2.089E-04
1.572569E+00  2.077E-04
1.574569E+00  2.065E-04
1.576569E+00  2.052E-04
1.578569E+00  2.040E-04
1.580569E+00  2.027E-04
1.582569E+00  2.015E-04
1.584569E+00  2.003E-04
1.586569E+00  1.990E-04
1.588569E+00  1.978E-04
1.590569E+00  1.965E-04
1.592569E+00  1.953E-04
1.594569E+00  1.941E-04
1.596569E+00  1.928E-04
1.598569E+00  1.916E-04
1.600569E+00  1.903E-04
1.602569E+00  1.891E-04
1.604569E+00  1.878E-04
1.606569E+00  1.866E-04
1.608569E+00  1.853E-04
1.610569E+00  1.841E-04
1.612569E+00  1.829E-04
1.614569E+00  1.816E-04
1.616569E+00  1.804E-04
1.618569E+00  1.791E-04
1.620569E+00  1.779E-04
1.622569E+00  1.766E-04
1.624569E+00  1.754E-04
1.626569E+00  1.741E-04
1.628569E+00  1.729E-04
1.630569E+00  1.716E-04
1.632569E+00  1.704E-04
1.634569E+00  1.691E-04
1.636569E+00  1.679E-04
1.638569E+00  1.666E-04
1.640569E+00  1.654E-04
1.642569E+00  1.642E-04
1.644569E+00  1.629E-04
1.646569E+00  1.617E-04
1.648569E+00  1.605E-04
1.650569E+00  1.592E-04
1.652569E+00  1.580E-04
1.654569E+00  1.568E-04
1.656569E+00  1.556E-04
1.658569E+00  1.543E-04
1.660569E+00  1.531E-04
1.662569E+00  1.519E-04
1.664569E+00  1.507E-04
1.666569E+00  1.495E-04
1.668569E+00  1.483E-04
1.670569E+00  1.471E-04
1.672569E+00  1.459E-04
1.674569E+00  1.448E-04
1.676569E+00  1.436E-04
1.678569E+00  1.424E-04
1.680569E+00  1.412E-04
1.682569E+00  1.401E-04
1.684569E+00  1.389E-04
1.686569E+00  1.378E-04
1.688569E+00  1.366E-04
1.690569E+00  1.355E-04
1.692569E+00  1.344E-04
1.694569E+00  1.332E-04
1.696569E+00  1.321E-04
1.698569E+00  1.310E-04
1.700569E+00  1.299E-04
1.702569E+00  1.288E-04
1.704569E+00  1.277E-04
1.706569E+00  1.266E-04
1.708569E+00  1.256E-04
1.710569E+00  1.245E-04
1.712569E+00  1.235E-04
1.714569E+00  1.224E-04
1.716569E+00  1.214E-04
1.718569E+00  1.203E-04
1.720569E+00  1.193E-04
1.722569E+00  1.183E-04
1.724569E+00  1.173E-04
1.726569E+00  1.163E-04
1.728569E+00  1.153E-04
1.730569E+00  1.143E-04
1.732569E+00  1.133E-04
1.734569E+00  1.124E-04
1.736569E+00  1.114E-04
1.738569E+00  1.105E-04
1.740569E+00  1.095E-04
1.742569E+00  1.086E-04
1.744569E+00  1.077E-04
1.746569E+00  1.068E-04
1.748569E+00  1.059E-04
1.750569E+00  1.050E-04
1.752569E+00  1.041E-04
1.754569E+00  1.032E-04
1.756569E+00  1.023E-04
1.758569E+00  1.015E-04
1.760569E+00  1.006E-04
1.762569E+00  9.981E-05
1.764569E+00  9.898E-05
1.766569E+00  9.816E-05
1.768569E+00  9.735E-05
1.770569E+00  9.655E-05
1.772569E+00  9.576E-05
1.774569E+00  9.497E-05
1.776569E+00  9.420E-05
1.778569E+00  9.344E-05
1.780569E+00  9.268E-05
1.782569E+00  9.194E-05
1.784569E+00  9.120E-05
1.786569E+00  9.047E-05
1.788569E+00  8.975E-05
1.790569E+00  8.904E-05
1.792569E+00  8.834E-05
1.794569E+00  8.765E-05
1.796569E+00  8.697E-05
1.798569E+00  8.629E-05
1.800569E+00  8.563E-05
1.802569E+00  8.497E-05
1.804569E+00  8.432E-05
1.806569E+00  8.368E-05
1.808569E+00  8.305E-05
1.810569E+00  8.243E-05
1.812569E+00  8.181E-05
1.814569E+00  8.121E-05
1.816569E+00  8.061E-05
1.818569E+00  8.002E-05
1.820569E+00  7.944E-05
1.822569E+00  7.887E-05
1.824569E+00  7.831E-05
1.826569E+00  7.775E-05
1.828569E+00  7.720E-05
1.830569E+00  7.666E-05
1.832569E+00  7.613E-05
1.834569E+00  7.561E-05
1.836569E+00  7.510E-05
1.838569E+00  7.459E-05
1.840569E+00  7.409E-05
1.842569E+00  7.360E-05
1.844569E+00  7.311E-05
1.846569E+00  7.264E-05
1.848569E+00  7.217E-05
1.850569E+00  7.171E-05
1.852569E+00  7.125E-05
1.854569E+00  7.081E-05
1.856569E+00  7.037E-05
1.858569E+00  6.993E-05
1.860569E+00  6.951E-05
1.862569E+00  6.909E-05
1.864569E+00  6.868E-05
1.866569E+00  6.827E-05
1.868569E+00  6.788E-05
1.870569E+00  6.749E-05
1.872569E+00  6.710E-05
1.874569E+00  6.673E-05
1.876569E+00  6.635E-05
1.878569E+00  6.599E-05
1.880569E+00  6.563E-05
1.882569E+00  6.528E-05
1.884569E+00  6.493E-05
1.886569E+00  6.459E-05
1.888569E+00  6.426E-05
1.890569E+00  6.393E-05
1.892569E+00  6.361E-05
1.894569E+00  6.329E-05
1.896569E+00  6.298E-05
1.898569E+00  6.268E-05
1.900569E+00  6.238E-05
1.902569E+00  6.208E-05
1.904569E+00  6.179E-05
1.906569E+00  6.150E-05
1.908569E+00  6.122E-05
1.910569E+00  6.095E-05
1.912569E+00  6.068E-05
1.914569E+00  6.041E-05
1.916569E+00  6.015E-05
1.918569E+00  5.989E-05
1.920569E+00  5.963E-05
1.922569E+00  5.938E-05
1.924569E+00  5.913E-05
1.926569E+00  5.889E-05
1.928569E+00  5.865E-05
1.930569E+00  5.841E-05
1.932569E+00  5.818E-05
1.934569E+00  5.795E-05
1.936569E+00  5.772E-05
1.938569E+00  5.750E-05
1.940569E+00  5.728E-05
1.942569E+00  5.706E-05
1.944569E+00  5.684E-05
1.946569E+00  5.662E-05
1.948569E+00  5.641E-05
1.950569E+00  5.620E-05
1.952569E+00  5.599E-05
1.954569E+00  5.578E-05
1.956569E+00  5.557E-05
1.958569E+00  5.537E-05
1.960569E+00  5.516E-05
1.962569E+00  5.496E-05
1.964569E+00  5.475E-05
1.966569E+00  5.455E-05
1.968569E+00  5.435E-05
1.970569E+00  5.414E-05
1.972569E+00  5.394E-05
1.974569E+00  5.374E-05
1.976569E+00  5.354E-05
1.978569E+00  5.334E-05
1.980569E+00  5.313E-05
1.982569E+00  5.293E-05
1.984569E+00  5.272E-05
1.986569E+00  5.252E-05
1.988569E+00  5.231E-05
1.990569E+00  5.210E-05
1.992569E+00  5.190E-05
1.994569E+00  5.169E-05
1.996569E+00  5.147E-05
1.998569E+00  5.126E-05
2.000569E+00  5.105E-05
2.002569E+00  5.083E-05
2.004569E+00  5.061E-05
2.006569E+00  5.039E-05
2.008569E+00  5.016E-05
2.010569E+00  4.994E-05
2.012569E+00  4.971E-05
2.014569E+00  4.948E-05
2.016569E+00  4.925E-05
2.018569E+00  4.901E-05
2.020569E+00  4.877E-05
2.022569E+00  4.853E-05
2.024569E+00  4.829E-05
2.026569E+00  4.804E-05
2.028569E+00  4.779E-05
2.030569E+00  4.754E-05
2.032569E+00  4.729E-05
2.034569E+00  4.703E-05
2.036569E+00  4.677E-05
2.038569E+00  4.650E-05
2.040569E+00  4.623E-05
2.042569E+00  4.596E-05
2.044569E+00  4.569E-05
2.046569E+00  4.541E-05
2.048569E+00  4.513E-05
2.050569E+00  4.485E-05
2.052569E+00  4.456E-05
2.054569E+00  4.427E-05
2.056569E+00  4.398E-05
2.058569E+00  4.368E-05
2.060569E+00  4.338E-05
2.072569E+00  4.152E-05
2.091971E+00  3.832E-05
2.164142E+00  2.565E-05
2.197246E+00  2.043E-05
2.213116E+00  1.822E-05
2.228554E+00  1.628E-05
2.243574E+00  1.458E-05
2.258192E+00  1.310E-05
2.272423E+00  1.182E-05
2.286279E+00  1.072E-05
2.299773E+00  9.775E-06
2.312919E+00  8.961E-06
2.325728E+00  8.265E-06
2.350381E+00  7.169E-06
2.373816E+00  6.389E-06
2.406858E+00  5.574E-06
2.427583E+00  5.070E-06
2.437579E+00  4.764E-06
2.447340E+00  4.388E-06
2.456875E+00  3.915E-06
2.466190E+00  3.322E-06
2.475291E+00  2.596E-06
2.484186E+00  1.755E-06
2.492880E+00  9.119E-07
2.501380E+00  4.322E-07
2.509691E+00  1.486E-06
2.517818E+00  8.209E-06
2.525768E+00  3.937E-05
2.533545E+00  2.433E-04
2.541154E+00  1.331E-02
2.548600E+00  1.336E-03
2.555888E+00  3.728E-04
2.563021E+00  2.081E-04
2.570006E+00  1.475E-04
2.576844E+00  1.175E-04
2.583542E+00  1.001E-04
2.590101E+00  8.888E-05
2.596527E+00  8.119E-05
2.602823E+00  7.565E-05
2.608992E+00  7.153E-05
2.620963E+00  6.593E-05
2.632467E+00  6.245E-05
2.648897E+00  5.951E-05
2.669379E+00  5.809E-05
2.688377E+00  5.857E-05
2.706030E+00  6.059E-05
2.722463E+00  6.410E-05
2.737786E+00  6.914E-05
2.752096E+00  7.586E-05
2.765480E+00  8.446E-05
2.778018E+00  9.524E-05
2.789778E+00  1.086E-04
2.800824E+00  1.249E-04
2.811212E+00  1.449E-04
2.820994E+00  1.694E-04
2.827960E+00  1.914E-04
2.834630E+00  2.172E-04
2.841019E+00  2.477E-04
2.847143E+00  2.839E-04
2.853017E+00  3.275E-04
2.858653E+00  3.808E-04
2.864066E+00  4.477E-04
2.867555E+00  5.027E-04
2.870953E+00  5.697E-04
2.874263E+00  6.537E-04
2.875886E+00  7.049E-04
2.877488E+00  7.643E-04
2.879070E+00  8.349E-04
2.880631E+00  9.206E-04
2.882173E+00  1.028E-03
2.883695E+00  1.168E-03
2.885198E+00  1.362E-03
2.886682E+00  1.650E-03
2.888147E+00  2.127E-03
2.889594E+00  3.064E-03
2.891023E+00  5.544E-03
2.892435E+00  1.878E-02
2.893829E+00  8.188E-01
2.895207E+00  8.373E-03
2.896567E+00  2.295E-03
2.897911E+00  1.297E-03
2.899238E+00  1.069E-03
2.900550E+00  1.097E-03
2.901846E+00  1.376E-03
2.903126E+00  2.835E-03
2.904392E+00  1.702E-01
2.905642E+00  5.983E-03
2.906877E+00  2.623E-03
2.908098E+00  2.151E-03
2.909305E+00  2.088E-03
2.910497E+00  2.160E-03
2.911676E+00  2.303E-03
2.912841E+00  2.501E-03
2.913992E+00  2.751E-03
2.915130E+00  3.058E-03
2.916256E+00  3.433E-03
2.917368E+00  3.895E-03
2.918468E+00  4.470E-03
2.919555E+00  5.199E-03
2.920630E+00  6.143E-03
2.921693E+00  7.402E-03
2.922745E+00  9.142E-03
2.923784E+00  1.166E-02
2.924812E+00  1.553E-02
2.925828E+00  2.199E-02
2.926834E+00  3.418E-02
2.927828E+00  6.211E-02
2.928811E+00  1.545E-01
2.929784E+00  1.019E+00
2.930746E+00  2.259E+00
2.931697E+00  1.686E-01
2.932639E+00  5.295E-02
2.933570E+00  2.425E-02
2.934491E+00  1.324E-02
2.935403E+00  7.979E-03
2.936304E+00  5.120E-03
2.937197E+00  3.427E-03
2.938079E+00  2.362E-03
2.938953E+00  1.665E-03
2.939817E+00  1.194E-03
2.940672E+00  8.715E-04
2.941519E+00  6.488E-04
2.942356E+00  4.961E-04
2.943185E+00  3.940E-04
2.944006E+00  3.296E-04
2.944817E+00  2.939E-04
2.945621E+00  2.808E-04
2.946417E+00  2.859E-04
2.947204E+00  3.061E-04
2.947983E+00  3.393E-04
2.948755E+00  3.839E-04
2.949518E+00  4.388E-04
2.950275E+00  5.033E-04
2.951023E+00  5.769E-04
2.951764E+00  6.596E-04
2.952498E+00  7.513E-04
2.953224E+00  8.521E-04
2.953943E+00  9.626E-04
2.954656E+00  1.083E-03
2.955361E+00  1.214E-03
2.956751E+00  1.512E-03
2.958114E+00  1.865E-03
2.958785E+00  2.066E-03
2.959450E+00  2.286E-03
2.960109E+00  2.527E-03
2.960762E+00  2.793E-03
2.961408E+00  3.088E-03
2.962048E+00  3.418E-03
2.962682E+00  3.792E-03
2.963310E+00  4.229E-03
2.963933E+00  4.773E-03
2.964549E+00  5.626E-03
2.965160E+00  2.399E-02
2.965765E+00  5.094E-03
2.966364E+00  6.158E-03
2.967546E+00  7.960E-03
2.968129E+00  8.989E-03
2.968706E+00  1.017E-02
2.969279E+00  1.156E-02
2.969846E+00  1.320E-02
2.970408E+00  1.520E-02
2.970964E+00  1.766E-02
2.971516E+00  2.076E-02
2.972063E+00  2.477E-02
2.972605E+00  3.010E-02
2.973142E+00  3.748E-02
2.973674E+00  4.816E-02
2.974201E+00  6.463E-02
2.974724E+00  9.222E-02
2.975242E+00  1.443E-01
2.975756E+00  2.633E-01
2.976265E+00  6.482E-01
2.976770E+00  3.776E+00
2.977270E+00  1.692E+01
2.977766E+00  1.014E+00
2.978257E+00  3.296E-01
2.978745E+00  1.647E-01
2.979228E+00  1.017E-01
2.979707E+00  7.187E-02
2.980181E+00  5.598E-02
2.980652E+00  4.707E-02
2.981119E+00  4.218E-02
2.981582E+00  4.013E-02
2.982040E+00  4.123E-02
2.982495E+00  5.049E-02
2.982946E+00  1.142E-01
2.983394E+00  5.355E+00
2.983837E+00  5.240E-01
2.984277E+00  2.096E-01
2.984713E+00  1.628E-01
2.985145E+00  1.553E-01
2.985574E+00  1.625E-01
2.986000E+00  1.794E-01
2.986421E+00  2.055E-01
2.986840E+00  2.428E-01
2.987255E+00  2.952E-01
2.987666E+00  3.695E-01
2.988074E+00  4.781E-01
2.988479E+00  6.436E-01
2.988881E+00  9.118E-01
2.989279E+00  1.385E+00
2.989674E+00  2.336E+00
2.990066E+00  4.690E+00
2.990455E+00  1.348E+01
2.990840E+00  1.337E+02
2.991223E+00  1.075E+02
2.991602E+00  1.319E+01
2.991979E+00  4.919E+00
2.992352E+00  2.577E+00
2.992722E+00  1.596E+00
2.993090E+00  1.093E+00
2.993455E+00  7.991E-01
2.993817E+00  6.127E-01
2.994176E+00  4.867E-01
2.994532E+00  3.972E-01
2.994885E+00  3.312E-01
2.995236E+00  2.811E-01
2.995584E+00  2.419E-01
2.995929E+00  2.106E-01
2.996271E+00  1.851E-01
2.996611E+00  1.638E-01
2.996949E+00  1.457E-01
2.997284E+00  1.300E-01
2.997945E+00  1.027E-01
2.998273E+00  8.973E-02
2.998597E+00  7.555E-02
2.998919E+00  5.739E-02
2.999239E+00  2.749E-02
2.999557E+00  4.891E-01
2.999872E+00  2.636E-01
3.000184E+00  1.477E-01
3.000495E+00  1.174E-01
3.000803E+00  1.024E-01
3.001108E+00  9.298E-02
3.001412E+00  8.621E-02
3.001713E+00  8.103E-02
3.002309E+00  7.351E-02
3.002896E+00  6.845E-02
3.003475E+00  6.527E-02
3.003761E+00  6.443E-02
3.004045E+00  6.427E-02
3.004327E+00  6.520E-02
3.004607E+00  6.832E-02
3.004885E+00  7.766E-02
3.005161E+00  1.220E-01
3.005435E+00  3.356E+01
3.005707E+00  5.389E-02
3.005977E+00  4.290E-02
3.006245E+00  4.258E-02
3.007815E+00  4.531E-02
3.008575E+00  4.805E-02
3.009073E+00  5.140E-02
3.009320E+00  5.389E-02
3.009565E+00  5.726E-02
3.009808E+00  6.194E-02
3.010049E+00  6.875E-02
3.010289E+00  7.926E-02
3.010527E+00  9.696E-02
3.010764E+00  1.310E-01
3.010999E+00  2.125E-01
3.011232E+00  5.190E-01
3.011464E+00  6.164E+00
3.011694E+00  1.646E+00
3.011923E+00  2.565E-01
3.012150E+00  1.096E-01
3.012375E+00  6.940E-02
3.012599E+00  5.410E-02
3.012822E+00  4.749E-02
3.013043E+00  4.475E-02
3.013262E+00  4.414E-02
3.013481E+00  4.512E-02
3.013697E+00  4.785E-02
3.013913E+00  5.363E-02
3.014126E+00  6.731E-02
3.014339E+00  1.138E-01
3.014550E+00  5.417E-01
3.014760E+00  2.321E+00
3.014968E+00  2.234E-01
3.015175E+00  1.237E-01
3.015380E+00  1.011E-01
3.015585E+00  9.549E-02
3.015788E+00  9.675E-02
3.015989E+00  1.022E-01
3.016190E+00  1.114E-01
3.016389E+00  1.247E-01
3.016586E+00  1.435E-01
3.016783E+00  1.704E-01
3.016978E+00  2.103E-01
3.017172E+00  2.727E-01
3.017365E+00  3.794E-01
3.017556E+00  5.871E-01
3.017747E+00  1.091E+00
3.017936E+00  3.001E+00
3.018124E+00  3.821E+01
3.018310E+00  1.144E+01
3.018496E+00  1.574E+00
3.018680E+00  5.480E-01
3.018864E+00  2.591E-01
3.019046E+00  1.427E-01
3.019227E+00  8.592E-02
3.019406E+00  5.479E-02
3.019585E+00  3.631E-02
3.019763E+00  2.469E-02
3.019939E+00  1.707E-02
3.020115E+00  1.192E-02
3.020289E+00  8.357E-03
3.020462E+00  5.843E-03
3.020634E+00  4.049E-03
3.020806E+00  2.760E-03
3.020976E+00  1.832E-03
3.021145E+00  1.166E-03
3.021313E+00  6.948E-04
3.021480E+00  3.694E-04
3.021646E+00  1.581E-04
3.021811E+00  4.797E-05
3.021975E+00  1.109E-04
3.022138E+00  9.441E-03
3.022300E+00  3.104E-04
3.022461E+00  2.002E-05
3.022621E+00  2.905E-05
3.022780E+00  8.903E-05
3.022938E+00  1.717E-04
3.023096E+00  2.687E-04
3.023252E+00  3.764E-04
3.023407E+00  4.941E-04
3.023562E+00  6.314E-04
3.023715E+00  4.778E-04
3.023868E+00  8.049E-04
3.024171E+00  1.089E-03
3.024321E+00  1.628E-03
3.024470E+00  2.098E-03
3.024618E+00  1.634E-03
3.024765E+00  1.699E-03
3.025057E+00  1.932E-03
3.025773E+00  2.600E-03
3.026469E+00  3.329E-03
3.027011E+00  3.985E-03
3.027410E+00  4.552E-03
3.027802E+00  5.232E-03
3.028060E+00  5.793E-03
3.028315E+00  6.509E-03
3.028441E+00  6.971E-03
3.028567E+00  7.556E-03
3.028692E+00  8.367E-03
3.028816E+00  9.671E-03
3.028940E+00  1.249E-02
3.029062E+00  2.529E-02
3.029185E+00  1.968E-01
3.029306E+00  8.403E-03
3.029427E+00  7.622E-03
3.029548E+00  8.437E-03
3.029667E+00  9.545E-03
3.029786E+00  1.095E-02
3.029905E+00  1.287E-02
3.030022E+00  1.579E-02
3.030139E+00  2.095E-02
3.030256E+00  3.232E-02
3.030372E+00  6.917E-02
3.030487E+00  3.970E-01
3.030601E+00  1.311E+00
3.030715E+00  1.048E-01
3.030829E+00  4.590E-02
3.030941E+00  3.216E-02
3.031054E+00  2.787E-02
3.031165E+00  2.699E-02
3.031276E+00  2.791E-02
3.031386E+00  3.015E-02
3.031496E+00  3.369E-02
3.031605E+00  3.881E-02
3.031714E+00  4.613E-02
3.031822E+00  5.683E-02
3.031930E+00  7.323E-02
3.032037E+00  1.002E-01
3.032143E+00  1.495E-01
3.032249E+00  2.566E-01
3.032354E+00  5.732E-01
3.032459E+00  2.575E+00
3.032563E+00  6.273E+01
3.032667E+00  1.172E+00
3.032770E+00  3.151E-01
3.032872E+00  1.368E-01
3.032974E+00  7.321E-02
3.033076E+00  4.405E-02
3.033177E+00  2.857E-02
3.033277E+00  1.954E-02
3.033377E+00  1.391E-02
3.033477E+00  1.023E-02
3.033576E+00  7.760E-03
3.033674E+00  6.075E-03
3.033772E+00  4.945E-03
3.033869E+00  4.261E-03
3.033966E+00  4.049E-03
3.034063E+00  4.696E-03
3.034159E+00  9.375E-03
3.034254E+00  9.624E+01
3.034349E+00  2.233E-03
3.034444E+00  3.319E-04
3.034538E+00  1.175E-04
3.034632E+00  7.202E-05
3.034725E+00  6.225E-05
3.034817E+00  6.511E-05
3.034909E+00  7.434E-05
3.035092E+00  9.915E-05
3.035183E+00  1.064E-04
3.035274E+00  9.834E-05
3.035364E+00  5.050E-05
3.035453E+00  2.753E-04
3.035542E+00  2.075E-03
3.035631E+00  9.858E-04
3.035719E+00  3.981E-03
3.035807E+00  1.025E-03
3.035894E+00  8.702E-04
3.035981E+00  8.758E-04
3.036067E+00  9.102E-04
3.036239E+00  1.010E-03
3.036493E+00  1.194E-03
3.036827E+00  1.477E-03
3.037154E+00  1.802E-03
3.037475E+00  2.180E-03
3.037712E+00  2.515E-03
3.037945E+00  2.919E-03
3.038099E+00  3.250E-03
3.038251E+00  3.665E-03
3.038327E+00  3.926E-03
3.038402E+00  4.249E-03
3.038477E+00  4.685E-03
3.038552E+00  5.371E-03
3.038626E+00  6.913E-03
3.038700E+00  1.779E-02
3.038773E+00  7.898E-03
3.038846E+00  4.361E-03
3.038919E+00  4.928E-03
3.038992E+00  5.635E-03
3.039064E+00  6.474E-03
3.039136E+00  7.562E-03
3.039207E+00  9.128E-03
3.039279E+00  1.168E-02
3.039350E+00  1.664E-02
3.039420E+00  2.929E-02
3.039490E+00  8.551E-02
3.039560E+00  3.301E+00
3.039630E+00  1.775E-01
3.039699E+00  4.382E-02
3.039768E+00  2.470E-02
3.039837E+00  1.925E-02
3.039905E+00  1.764E-02
3.039973E+00  1.768E-02
3.040041E+00  1.875E-02
3.040108E+00  2.071E-02
3.040176E+00  2.364E-02
3.040242E+00  2.788E-02
3.040309E+00  3.405E-02
3.040375E+00  4.337E-02
3.040441E+00  5.831E-02
3.040507E+00  8.463E-02
3.040572E+00  1.382E-01
3.040637E+00  2.775E-01
3.040702E+00  8.919E-01
3.040767E+00  3.432E+01
3.040831E+00  1.653E+00
3.040895E+00  3.153E-01
3.040958E+00  1.234E-01
3.041022E+00  6.319E-02
3.041085E+00  3.729E-02
3.041148E+00  2.406E-02
3.041210E+00  1.652E-02
3.041272E+00  1.190E-02
3.041334E+00  8.928E-03
3.041396E+00  6.966E-03
3.041458E+00  5.677E-03
3.041519E+00  4.894E-03
3.041580E+00  4.593E-03
3.041640E+00  5.018E-03
3.041701E+00  7.690E-03
3.041761E+00  4.216E-02
3.041821E+00  1.444E-02
3.041880E+00  1.002E-03
3.041940E+00  2.343E-04
3.041999E+00  9.687E-05
3.042058E+00  6.023E-05
3.042116E+00  4.904E-05
3.042175E+00  4.692E-05
3.042233E+00  4.891E-05
3.042348E+00  5.574E-05
3.042406E+00  5.535E-05
3.042463E+00  4.670E-05
3.042520E+00  2.622E-05
3.042576E+00  1.498E-04
3.042633E+00  1.275E-02
3.042689E+00  7.529E-03
3.042745E+00  9.084E-04
3.042800E+00  7.258E-04
3.042856E+00  6.818E-04
3.042911E+00  6.786E-04
3.042966E+00  6.938E-04
3.043021E+00  7.193E-04
3.043130E+00  7.884E-04
3.043291E+00  9.186E-04
3.043451E+00  1.071E-03
3.043660E+00  1.305E-03
3.043867E+00  1.582E-03
3.044019E+00  1.829E-03
3.044170E+00  2.127E-03
3.044269E+00  2.369E-03
3.044368E+00  2.669E-03
3.044417E+00  2.853E-03
3.044465E+00  3.077E-03
3.044514E+00  3.366E-03
3.044562E+00  3.793E-03
3.044611E+00  4.626E-03
3.044659E+00  8.275E-03
3.044706E+00  1.421E-02
3.044754E+00  3.266E-03
3.044801E+00  3.666E-03
3.044849E+00  4.191E-03
3.044896E+00  4.802E-03
3.044943E+00  5.578E-03
3.044989E+00  6.665E-03
3.045036E+00  8.378E-03
3.045082E+00  1.154E-02
3.045128E+00  1.894E-02
3.045174E+00  4.606E-02
3.045220E+00  4.478E-01
3.045266E+00  2.832E-01
3.045311E+00  4.325E-02
3.045356E+00  2.138E-02
3.045401E+00  1.573E-02
3.045446E+00  1.400E-02
3.045491E+00  1.383E-02
3.045535E+00  1.455E-02
3.045580E+00  1.598E-02
3.045624E+00  1.819E-02
3.045668E+00  2.139E-02
3.045712E+00  2.604E-02
3.045756E+00  3.304E-02
3.045799E+00  4.418E-02
3.045842E+00  6.358E-02
3.045886E+00  1.023E-01
3.045929E+00  1.994E-01
3.045971E+00  5.905E-01
3.046014E+00  1.040E+01
3.046057E+00  1.810E+00
3.046099E+00  2.907E-01
3.046141E+00  1.088E-01
3.046183E+00  5.466E-02
3.046225E+00  3.197E-02
3.046267E+00  2.054E-02
3.046308E+00  1.409E-02
3.046350E+00  1.016E-02
3.046391E+00  7.640E-03
3.046432E+00  5.986E-03
3.046473E+00  4.904E-03
3.046513E+00  4.256E-03
3.046554E+00  4.024E-03
3.046594E+00  4.429E-03
3.046635E+00  6.809E-03
3.046675E+00  3.579E-02
3.046715E+00  1.447E-02
3.046755E+00  9.674E-04
3.046794E+00  2.231E-04
3.046834E+00  9.033E-05
3.046873E+00  5.476E-05
3.046913E+00  4.332E-05
3.046952E+00  4.013E-05
3.046991E+00  4.052E-05
3.047068E+00  4.413E-05
3.047107E+00  4.389E-05
3.047145E+00  4.025E-05
3.047183E+00  4.287E-05
3.047221E+00  3.249E-04
3.047259E+00  1.231E-01
3.047297E+00  1.247E-03
3.047335E+00  7.328E-04
3.047372E+00  6.102E-04
3.047410E+00  5.727E-04
3.047447E+00  5.672E-04
3.047484E+00  5.773E-04
3.047558E+00  6.214E-04
3.047667E+00  7.181E-04
3.047776E+00  8.366E-04
3.047883E+00  9.725E-04
3.047989E+00  1.127E-03
3.048129E+00  1.367E-03
3.048233E+00  1.585E-03
3.048335E+00  1.850E-03
3.048403E+00  2.069E-03
3.048470E+00  2.346E-03
3.048503E+00  2.522E-03
3.048537E+00  2.745E-03
3.048570E+00  3.060E-03
3.048603E+00  3.623E-03
3.048636E+00  5.555E-03
3.048669E+00  4.790E-02
3.048701E+00  2.753E-03
3.048734E+00  3.062E-03
3.048766E+00  3.497E-03
3.048799E+00  3.995E-03
3.048831E+00  4.616E-03
3.048863E+00  5.472E-03
3.048895E+00  6.789E-03
3.048927E+00  9.132E-03
3.048959E+00  1.432E-02
3.048990E+00  3.127E-02
3.049022E+00  1.860E-01
3.049054E+00  5.438E-01
3.049085E+00  4.570E-02
3.049116E+00  2.003E-02
3.049147E+00  1.403E-02
3.049178E+00  1.220E-02
3.049209E+00  1.190E-02
3.049240E+00  1.244E-02
3.049271E+00  1.361E-02
3.049301E+00  1.544E-02
3.049332E+00  1.811E-02
3.049362E+00  2.199E-02
3.049393E+00  2.781E-02
3.049423E+00  3.703E-02
3.049453E+00  5.294E-02
3.049483E+00  8.422E-02
3.049513E+00  1.608E-01
3.049542E+00  4.513E-01
3.049572E+00  5.477E+00
3.049602E+00  2.051E+00
3.049631E+00  2.815E-01
3.049661E+00  1.014E-01
3.049690E+00  5.013E-02
3.049719E+00  2.907E-02
3.049748E+00  1.858E-02
3.049777E+00  1.271E-02
3.049806E+00  9.144E-03
3.049835E+00  6.871E-03
3.049863E+00  5.379E-03
3.049892E+00  4.404E-03
3.049920E+00  3.817E-03
3.049949E+00  3.599E-03
3.049977E+00  3.936E-03
3.050005E+00  5.944E-03
3.050033E+00  2.845E-02
3.050061E+00  1.484E-02
3.050089E+00  8.999E-04
3.050117E+00  2.004E-04
3.050145E+00  7.957E-05
3.050173E+00  4.792E-05
3.050200E+00  3.782E-05
3.050228E+00  3.490E-05
3.050255E+00  3.509E-05
3.050309E+00  3.858E-05
3.050336E+00  3.996E-05
3.050363E+00  4.274E-05
3.050390E+00  7.609E-05
3.050417E+00  9.831E-04
3.050444E+00  1.126E-02
3.050471E+00  1.057E-03
3.050497E+00  6.434E-04
3.050524E+00  5.375E-04
3.050550E+00  5.040E-04
3.050576E+00  4.983E-04
3.050602E+00  5.066E-04
3.050629E+00  5.229E-04
3.050681E+00  5.699E-04
3.050758E+00  6.619E-04
3.050860E+00  8.114E-04
3.050961E+00  9.893E-04
3.051060E+00  1.202E-03
3.051134E+00  1.394E-03
3.051207E+00  1.627E-03
3.051255E+00  1.817E-03
3.051303E+00  2.056E-03
3.051327E+00  2.205E-03
3.051351E+00  2.390E-03
3.051374E+00  2.642E-03
3.051398E+00  3.062E-03
3.051421E+00  4.272E-03
3.051445E+00  1.373E-01
3.051468E+00  2.466E-03
3.051492E+00  2.719E-03
3.051515E+00  3.104E-03
3.051538E+00  3.536E-03
3.051561E+00  4.070E-03
3.051584E+00  4.794E-03
3.051607E+00  5.888E-03
3.051630E+00  7.782E-03
3.051653E+00  1.180E-02
3.051676E+00  2.390E-02
3.051699E+00  1.078E-01
3.051721E+00  1.477E+00
3.051744E+00  5.073E-02
3.051766E+00  1.969E-02
3.051789E+00  1.315E-02
3.051811E+00  1.119E-02
3.051833E+00  1.079E-02
3.051855E+00  1.120E-02
3.051878E+00  1.221E-02
3.051900E+00  1.381E-02
3.051922E+00  1.616E-02
3.051944E+00  1.957E-02
3.051965E+00  2.467E-02
3.051987E+00  3.272E-02
3.052009E+00  4.649E-02
3.052031E+00  7.325E-02
3.052052E+00  1.373E-01
3.052074E+00  3.687E-01
3.052095E+00  3.465E+00
3.052117E+00  2.452E+00
3.052138E+00  2.838E-01
3.052159E+00  9.847E-02
3.052180E+00  4.789E-02
3.052202E+00  2.753E-02
3.052223E+00  1.750E-02
3.052244E+00  1.192E-02
3.052265E+00  8.559E-03
3.052285E+00  6.419E-03
3.052306E+00  5.016E-03
3.052327E+00  4.099E-03
3.052348E+00  3.544E-03
3.052368E+00  3.330E-03
3.052389E+00  3.619E-03
3.052409E+00  5.397E-03
3.052430E+00  2.462E-02
3.052450E+00  1.429E-02
3.052471E+00  8.152E-04
3.052491E+00  1.763E-04
3.052511E+00  6.913E-05
3.052531E+00  4.180E-05
3.052551E+00  3.325E-05
3.052571E+00  3.084E-05
3.052589E+00  3.104E-05
3.057608E+00  1.139E-03
3.062569E+00  9.609E-04
3.070759E+00  7.426E-04
3.078769E+00  5.889E-04
3.086604E+00  4.773E-04
3.094270E+00  3.945E-04
3.101772E+00  3.320E-04
3.109113E+00  2.838E-04
3.116299E+00  2.458E-04
3.123334E+00  2.152E-04
3.130221E+00  1.903E-04
3.136966E+00  1.696E-04
3.143573E+00  1.523E-04
3.150044E+00  1.377E-04
3.156383E+00  1.254E-04
3.162595E+00  1.148E-04
3.168682E+00  1.057E-04
3.180496E+00  9.103E-05
3.191850E+00  7.970E-05
3.202768E+00  7.079E-05
3.218374E+00  6.072E-05
3.233118E+00  5.361E-05
3.247060E+00  4.877E-05
3.260259E+00  4.575E-05
3.272766E+00  4.430E-05
3.284628E+00  4.432E-05
3.295890E+00  4.589E-05
3.303084E+00  4.795E-05
3.310039E+00  5.104E-05
3.316767E+00  5.547E-05
3.320048E+00  5.833E-05
3.323277E+00  6.174E-05
3.326453E+00  6.584E-05
3.329578E+00  7.079E-05
3.332653E+00  7.685E-05
3.335679E+00  8.440E-05
3.338657E+00  9.401E-05
3.341589E+00  1.066E-04
3.344474E+00  1.238E-04
3.347315E+00  1.486E-04
3.350111E+00  1.871E-04
3.352865E+00  2.534E-04
3.355576E+00  3.846E-04
3.358246E+00  6.879E-04
3.360876E+00  1.279E-03
3.363465E+00  1.121E-03
3.366016E+00  5.656E-04
3.368529E+00  3.503E-04
3.371004E+00  2.807E-04
3.373443E+00  2.673E-04
3.375845E+00  2.831E-04
3.378213E+00  3.207E-04
3.380546E+00  3.817E-04
3.382845E+00  4.738E-04
3.385111E+00  6.137E-04
3.387344E+00  8.351E-04
3.389546E+00  1.212E-03
3.391716E+00  1.927E-03
3.393855E+00  3.550E-03
3.395964E+00  8.657E-03
3.398044E+00  4.570E-02
3.400094E+00  4.826E-01
3.402116E+00  1.741E-02
3.404110E+00  5.276E-03
3.406076E+00  2.498E-03
3.408016E+00  1.445E-03
3.409929E+00  9.373E-04
3.411815E+00  6.542E-04
3.413677E+00  4.806E-04
3.415513E+00  3.667E-04
3.417325E+00  2.879E-04
3.419112E+00  2.313E-04
3.420876E+00  1.893E-04
3.422617E+00  1.573E-04
3.424334E+00  1.324E-04
3.426029E+00  1.126E-04
3.427702E+00  9.678E-05
3.429353E+00  8.390E-05
3.430983E+00  7.335E-05
3.432591E+00  6.468E-05
3.434179E+00  5.758E-05
3.435747E+00  5.186E-05
3.437295E+00  4.749E-05
3.438823E+00  4.466E-05
3.440332E+00  4.421E-05
3.441821E+00  4.898E-05
3.443293E+00  7.013E-05
3.444746E+00  1.211E-04
3.446180E+00  7.287E-05
3.447598E+00  3.873E-05
3.448997E+00  2.768E-05
3.450380E+00  2.284E-05
3.451745E+00  2.017E-05
3.453094E+00  1.850E-05
3.454427E+00  1.741E-05
3.455744E+00  1.671E-05
3.457044E+00  1.631E-05
3.458330E+00  1.617E-05
3.459599E+00  1.626E-05
3.460854E+00  1.656E-05
3.462094E+00  1.707E-05
3.463320E+00  1.779E-05
3.464531E+00  1.872E-05
3.465727E+00  1.986E-05
3.466910E+00  2.123E-05
3.468079E+00  2.284E-05
3.469235E+00  2.470E-05
3.470377E+00  2.684E-05
3.471507E+00  2.926E-05
3.472623E+00  3.200E-05
3.473727E+00  3.509E-05
3.474818E+00  3.857E-05
3.475897E+00  4.247E-05
3.476963E+00  4.684E-05
3.478018E+00  5.174E-05
3.479061E+00  5.724E-05
3.480092E+00  6.341E-05
3.481112E+00  7.034E-05
3.482121E+00  7.816E-05
3.483119E+00  8.698E-05
3.484105E+00  9.698E-05
3.485081E+00  1.083E-04
3.486046E+00  1.213E-04
3.487001E+00  1.362E-04
3.487946E+00  1.534E-04
3.488880E+00  1.734E-04
3.489804E+00  1.967E-04
3.490719E+00  2.243E-04
3.491623E+00  2.572E-04
3.492518E+00  2.970E-04
3.493404E+00  3.456E-04
3.494280E+00  4.060E-04
3.495147E+00  4.825E-04
3.496005E+00  5.816E-04
3.496854E+00  7.133E-04
3.497694E+00  8.941E-04
3.498526E+00  1.152E-03
3.499349E+00  1.536E-03
3.500163E+00  2.142E-03
3.500969E+00  3.159E-03
3.501767E+00  4.964E-03
3.502557E+00  8.130E-03
3.503339E+00  1.198E-02
3.504113E+00  1.066E-02
3.504879E+00  1.569E-02
3.505637E+00  1.069E-02
3.506388E+00  6.012E-03
3.507131E+00  4.211E-03
3.507867E+00  3.316E-03
3.508595E+00  2.846E-03
3.509317E+00  2.614E-03
3.510031E+00  2.538E-03
3.510738E+00  2.580E-03
3.511439E+00  2.726E-03
3.512132E+00  2.977E-03
3.512819E+00  3.349E-03
3.513499E+00  3.869E-03
3.514173E+00  4.589E-03
3.514840E+00  5.588E-03
3.515500E+00  7.001E-03
3.516155E+00  9.059E-03
3.516803E+00  1.219E-02
3.517445E+00  1.722E-02
3.518081E+00  2.600E-02
3.518710E+00  4.328E-02
3.519334E+00  8.446E-02
3.519952E+00  2.253E-01
3.520565E+00  1.535E+00
3.521171E+00  4.754E+00
3.521772E+00  3.517E-01
3.522368E+00  1.208E-01
3.522958E+00  6.155E-02
3.523542E+00  3.777E-02
3.524121E+00  2.584E-02
3.524695E+00  1.900E-02
3.525263E+00  1.472E-02
3.525827E+00  1.189E-02
3.526385E+00  9.957E-03
3.526938E+00  8.733E-03
3.527486E+00  8.927E-03
3.528030E+00  3.740E-03
3.528568E+00  4.561E-03
3.529102E+00  4.292E-03
3.530155E+00  3.639E-03
3.530674E+00  3.359E-03
3.531700E+00  2.903E-03
3.532707E+00  2.555E-03
3.533697E+00  2.287E-03
3.534670E+00  2.076E-03
3.536097E+00  1.838E-03
3.537945E+00  1.608E-03
3.538845E+00  1.502E-03
3.539290E+00  1.434E-03
3.539731E+00  1.328E-03
3.540168E+00  1.080E-03
3.540601E+00  1.245E-03
3.541031E+00  2.392E-03
3.541458E+00  2.059E-03
3.541880E+00  2.020E-03
3.542300E+00  2.122E-03
3.542716E+00  2.296E-03
3.543128E+00  1.545E-03
3.543537E+00  1.194E-03
3.544744E+00  1.371E-03
3.545140E+00  1.415E-03
3.545533E+00  1.425E-03
3.545923E+00  1.575E-03
3.546309E+00  1.613E-03
3.547073E+00  1.756E-03
3.547450E+00  1.852E-03
3.547824E+00  1.969E-03
3.548196E+00  2.113E-03
3.548564E+00  2.292E-03
3.548930E+00  2.520E-03
3.549292E+00  2.816E-03
3.549652E+00  3.208E-03
3.550009E+00  3.744E-03
3.550363E+00  4.501E-03
3.550714E+00  5.615E-03
3.551063E+00  7.329E-03
3.551409E+00  1.010E-02
3.551752E+00  1.471E-02
3.552093E+00  2.196E-02
3.552431E+00  2.961E-02
3.552766E+00  2.884E-02
3.553099E+00  1.996E-02
3.553430E+00  1.210E-02
3.553758E+00  7.227E-03
3.554083E+00  4.246E-03
3.554406E+00  2.356E-03
3.554726E+00  2.504E-03
3.555044E+00  7.758E-02
3.555360E+00  5.674E-02
3.555673E+00  1.618E-01
3.555984E+00  1.873E-02
3.556293E+00  1.258E-02
3.556599E+00  1.053E-02
3.556903E+00  9.662E-03
3.557205E+00  9.374E-03
3.557505E+00  9.465E-03
3.557802E+00  9.870E-03
3.558097E+00  1.059E-02
3.558390E+00  1.168E-02
3.558681E+00  1.325E-02
3.558970E+00  1.550E-02
3.559257E+00  1.879E-02
3.559541E+00  2.378E-02
3.559824E+00  3.183E-02
3.560105E+00  4.601E-02
3.560383E+00  7.476E-02
3.560660E+00  1.486E-01
3.560934E+00  4.593E-01
3.561207E+00  1.088E+01
3.561477E+00  1.166E+00
3.561746E+00  2.057E-01
3.562013E+00  7.997E-02
3.562278E+00  4.134E-02
3.562541E+00  2.479E-02
3.562802E+00  1.629E-02
3.563061E+00  1.140E-02
3.563319E+00  8.346E-03
3.563574E+00  6.326E-03
3.563828E+00  4.929E-03
3.564080E+00  3.930E-03
3.564331E+00  3.196E-03
3.564579E+00  2.646E-03
3.564826E+00  2.230E-03
3.565072E+00  1.917E-03
3.565315E+00  1.693E-03
3.565557E+00  1.573E-03
3.565797E+00  1.688E-03
3.566036E+00  5.500E-03
3.566273E+00  5.990E-04
3.566508E+00  4.761E-04
3.566742E+00  4.520E-04
3.567661E+00  2.992E-04
3.567887E+00  2.661E-04
3.568111E+00  2.362E-04
3.568334E+00  2.095E-04
3.568556E+00  1.857E-04
3.568776E+00  1.647E-04
3.568994E+00  1.463E-04
3.569211E+00  1.307E-04
3.569427E+00  1.183E-04
3.569641E+00  1.106E-04
3.569854E+00  1.120E-04
3.570065E+00  1.441E-04
3.570275E+00  9.608E-04
3.570484E+00  5.139E-05
3.570691E+00  1.259E-04
3.570897E+00  4.592E-04
3.571102E+00  4.083E-03
3.571305E+00  6.532E-03
3.571507E+00  1.098E-03
3.571708E+00  4.856E-04
3.571907E+00  2.939E-04
3.572105E+00  2.050E-04
3.572302E+00  1.530E-04
3.572498E+00  1.213E-04
3.572692E+00  1.013E-04
3.572885E+00  8.577E-05
3.573077E+00  7.342E-05
3.573267E+00  6.331E-05
3.573457E+00  5.474E-05
3.573645E+00  4.832E-05
3.573832E+00  7.626E-05
3.574018E+00  6.784E-04
3.574203E+00  1.228E-04
3.574386E+00  8.981E-05
3.574568E+00  8.242E-05
3.574750E+00  8.319E-05
3.574930E+00  8.940E-05
3.575109E+00  1.012E-04
3.575287E+00  1.203E-04
3.575463E+00  1.500E-04
3.575639E+00  1.969E-04
3.575814E+00  2.740E-04
3.575987E+00  4.100E-04
3.576160E+00  6.771E-04
3.576331E+00  1.304E-03
3.576501E+00  3.345E-03
3.576671E+00  1.867E-02
3.576839E+00  1.723E-01
3.577006E+00  7.896E-03
3.577173E+00  2.623E-03
3.577338E+00  1.379E-03
3.577502E+00  9.130E-04
3.577665E+00  7.109E-04
3.577828E+00  6.413E-04
3.577989E+00  6.696E-04
3.578149E+00  7.801E-04
3.578309E+00  8.787E-04
3.578467E+00  8.071E-04
3.578624E+00  6.358E-04
3.578781E+00  5.036E-04
3.578937E+00  4.364E-04
3.579091E+00  4.299E-04
3.579245E+00  5.047E-04
3.579398E+00  7.902E-04
3.579550E+00  2.339E-03
3.579701E+00  3.355E-02
3.579851E+00  1.683E-03
3.580000E+00  6.408E-04
3.580149E+00  8.339E-04
3.580296E+00  3.445E-02
3.580443E+00  8.001E-04
3.580589E+00  1.883E-04
3.580734E+00  9.568E-05
3.580878E+00  6.509E-05
3.581022E+00  5.128E-05
3.581164E+00  4.407E-05
3.581306E+00  4.014E-05
3.581447E+00  3.819E-05
3.581587E+00  3.766E-05
3.581726E+00  3.833E-05
3.581865E+00  4.023E-05
3.582002E+00  4.362E-05
3.582139E+00  4.919E-05
3.582275E+00  5.881E-05
3.582411E+00  7.932E-05
3.582545E+00  1.685E-04
3.582679E+00  1.274E-04
3.582812E+00  2.862E-03
3.582945E+00  4.371E-05
3.583076E+00  5.939E-05
3.583207E+00  7.744E-05
3.583337E+00  9.937E-05
3.583467E+00  1.276E-04
3.583595E+00  1.655E-04
3.583723E+00  2.186E-04
3.583850E+00  2.964E-04
3.583977E+00  4.169E-04
3.584103E+00  6.172E-04
3.584228E+00  9.847E-04
3.584352E+00  1.768E-03
3.584476E+00  3.925E-03
3.584599E+00  1.424E-02
3.584722E+00  9.239E-01
3.584844E+00  2.608E-02
3.584965E+00  5.723E-03
3.585085E+00  2.472E-03
3.585205E+00  1.382E-03
3.585324E+00  8.860E-04
3.585442E+00  6.175E-04
3.585560E+00  4.552E-04
3.585678E+00  3.492E-04
3.585794E+00  2.758E-04
3.585910E+00  2.225E-04
3.586025E+00  1.823E-04
3.586140E+00  1.510E-04
3.586254E+00  1.259E-04
3.586368E+00  1.052E-04
3.586481E+00  8.818E-05
3.586593E+00  7.558E-05
3.586705E+00  7.838E-05
3.586816E+00  2.830E-04
3.586926E+00  8.739E-04
3.587036E+00  2.047E-04
3.587145E+00  1.189E-04
3.587254E+00  8.689E-05
3.587362E+00  6.911E-05
3.587470E+00  5.696E-05
3.587577E+00  4.750E-05
3.587789E+00  3.092E-05
3.587895E+00  2.233E-05
3.588000E+00  6.504E-05
3.588104E+00  4.587E-05
3.588208E+00  4.029E-05
3.588311E+00  4.166E-05
3.588414E+00  5.127E-05
3.588516E+00  7.796E-05
3.588617E+00  1.525E-04
3.588719E+00  4.215E-04
3.588819E+00  2.514E-03
3.588919E+00  4.294E-02
3.589019E+00  1.610E-03
3.589118E+00  5.681E-04
3.589216E+00  3.135E-04
3.589314E+00  2.091E-04
3.589412E+00  1.540E-04
3.589509E+00  1.195E-04
3.589606E+00  9.443E-05
3.589702E+00  7.224E-05
3.589797E+00  4.808E-05
3.589892E+00  4.009E-04
3.589987E+00  4.103E-04
3.590081E+00  2.153E-04
3.590175E+00  1.936E-04
3.590268E+00  2.120E-04
3.590361E+00  2.697E-04
3.590453E+00  3.907E-04
3.590545E+00  5.789E-04
3.590636E+00  6.607E-04
3.590727E+00  5.205E-04
3.590818E+00  3.701E-04
3.590908E+00  2.842E-04
3.590997E+00  2.456E-04
3.591087E+00  2.408E-04
3.591175E+00  2.725E-04
3.591263E+00  3.742E-04
3.591351E+00  7.056E-04
3.591439E+00  2.722E-03
3.591526E+00  1.601E-02
3.591612E+00  1.169E-03
3.591698E+00  3.682E-04
3.591784E+00  1.895E-04
3.591869E+00  1.240E-04
3.591954E+00  9.383E-05
3.592039E+00  7.839E-05
3.592123E+00  7.072E-05
3.592206E+00  6.855E-05
3.592290E+00  7.269E-05
3.592373E+00  9.399E-05
3.592455E+00  9.501E-03
3.592537E+00  4.037E-05
3.592619E+00  6.897E-05
3.592700E+00  1.074E-04
3.592781E+00  1.863E-04
3.592861E+00  4.040E-04
3.592941E+00  1.414E-03
3.593021E+00  3.694E-02
3.593101E+00  5.325E-03
3.593180E+00  1.149E-03
3.593258E+00  5.660E-04
3.593336E+00  3.792E-04
3.593414E+00  3.003E-04
3.593492E+00  2.654E-04
3.593569E+00  2.543E-04
3.593646E+00  2.603E-04
3.593722E+00  2.822E-04
3.593798E+00  3.233E-04
3.593874E+00  3.923E-04
3.593949E+00  5.074E-04
3.594024E+00  7.099E-04
3.594099E+00  1.104E-03
3.594173E+00  2.024E-03
3.594247E+00  5.047E-03
3.594321E+00  3.015E-02
3.594394E+00  1.374E-01
3.594467E+00  8.118E-03
3.594540E+00  2.635E-03
3.594612E+00  1.294E-03
3.594684E+00  7.711E-04
3.594755E+00  5.136E-04
3.594827E+00  3.678E-04
3.594898E+00  2.771E-04
3.594968E+00  2.165E-04
3.595039E+00  1.739E-04
3.595109E+00  1.425E-04
3.595178E+00  1.185E-04
3.595248E+00  9.945E-05
3.595317E+00  8.400E-05
3.595385E+00  7.146E-05
3.595454E+00  6.383E-05
3.595522E+00  8.965E-05
3.595590E+00  1.049E-03
3.595657E+00  1.630E-04
3.595724E+00  8.947E-05
3.595791E+00  6.632E-05
3.595858E+00  5.372E-05
3.595924E+00  4.493E-05
3.595990E+00  3.790E-05
3.596056E+00  3.181E-05
3.596121E+00  2.664E-05
3.596187E+00  2.924E-05
3.596251E+00  1.100E-04
3.596316E+00  5.577E-05
3.596380E+00  4.436E-05
3.596444E+00  5.481E-05
3.596508E+00  1.142E-04
3.596571E+00  4.993E-04
3.596634E+00  4.752E-02
3.596697E+00  1.336E-03
3.596760E+00  3.991E-04
3.596822E+00  2.208E-04
3.596884E+00  1.530E-04
3.596946E+00  1.186E-04
3.597008E+00  9.806E-05
3.597069E+00  8.434E-05
3.597130E+00  7.442E-05
3.597191E+00  6.672E-05
3.597371E+00  4.778E-05
3.597431E+00  3.981E-05
3.597490E+00  4.443E-05
3.597549E+00  2.776E-03
3.597608E+00  2.144E-04
3.597667E+00  1.596E-04
3.597725E+00  1.621E-04
3.597783E+00  1.940E-04
3.597841E+00  2.691E-04
3.597899E+00  4.263E-04
3.597956E+00  6.708E-04
3.598014E+00  7.224E-04
3.598070E+00  5.148E-04
3.598127E+00  3.505E-04
3.598184E+00  2.665E-04
3.598240E+00  2.297E-04
3.598296E+00  2.235E-04
3.598351E+00  2.472E-04
3.598407E+00  3.219E-04
3.598462E+00  5.405E-04
3.598517E+00  1.519E-03
3.598572E+00  1.579E-02
3.598627E+00  1.917E-03
3.598681E+00  4.821E-04
3.598735E+00  2.367E-04
3.598789E+00  1.614E-04
3.598843E+00  1.380E-04
3.598896E+00  1.514E-04
3.598949E+00  4.020E-04
3.599002E+00  2.765E-05
3.599055E+00  4.883E-05
3.599108E+00  7.064E-05
3.599160E+00  2.968E-04
3.599212E+00  1.616E-04
3.599264E+00  2.451E-04
3.599316E+00  4.395E-04
3.599367E+00  1.014E-03
3.599418E+00  4.115E-03
3.599469E+00  1.609E+00
3.599520E+00  6.192E-03
3.599571E+00  1.664E-03
3.599621E+00  8.403E-04
3.599672E+00  5.519E-04
3.599722E+00  4.215E-04
3.599771E+00  3.565E-04
3.599821E+00  3.259E-04
3.599871E+00  3.176E-04
3.599920E+00  3.278E-04
3.599969E+00  3.575E-04
3.600018E+00  4.126E-04
3.600066E+00  5.073E-04
3.600115E+00  6.723E-04
3.600163E+00  9.835E-04
3.600211E+00  1.663E-03
3.600259E+00  3.621E-03
3.600307E+00  1.443E-02
3.600354E+00  3.323E+00
3.600401E+00  1.234E-02
3.600448E+00  3.159E-03
3.600495E+00  1.416E-03
3.600542E+00  8.034E-04
3.600589E+00  5.194E-04
3.600635E+00  3.652E-04
3.600681E+00  2.722E-04
3.600727E+00  2.117E-04
3.600773E+00  1.701E-04
3.600818E+00  1.403E-04
3.600864E+00  1.182E-04
3.600909E+00  1.017E-04
3.600954E+00  9.028E-05
3.600999E+00  8.752E-05
3.601044E+00  9.328E-05
3.601088E+00  2.000E-04
3.601133E+00  1.752E-04
3.601177E+00  7.844E-05
3.601221E+00  5.841E-05
3.601265E+00  4.836E-05
3.601309E+00  4.136E-05
3.601352E+00  3.570E-05
3.601396E+00  3.088E-05
3.601439E+00  2.756E-05
3.601482E+00  3.640E-05
3.601525E+00  1.260E-04
3.601567E+00  5.554E-05
3.601610E+00  4.102E-05
3.601652E+00  5.040E-05
3.601694E+00  1.270E-04
3.601736E+00  1.155E-03
3.601778E+00  3.639E-03
3.601820E+00  4.415E-04
3.601862E+00  2.070E-04
3.601903E+00  1.363E-04
3.601944E+00  1.038E-04
3.601985E+00  8.530E-05
3.602026E+00  7.328E-05
3.602067E+00  6.468E-05
3.602108E+00  5.798E-05
3.602229E+00  4.146E-05
3.602269E+00  3.479E-05
3.602308E+00  2.787E-05
3.602348E+00  1.598E-04
3.602388E+00  4.869E-04
3.602427E+00  1.663E-04
3.602466E+00  1.304E-04
3.602505E+00  1.265E-04
3.602544E+00  1.385E-04
3.602583E+00  1.696E-04
3.602622E+00  2.357E-04
3.602660E+00  3.755E-04
3.602699E+00  6.284E-04
3.602737E+00  7.663E-04
3.602775E+00  5.653E-04
3.602813E+00  3.732E-04
3.602851E+00  2.739E-04
3.602889E+00  2.289E-04
3.602926E+00  2.156E-04
3.602964E+00  2.284E-04
3.603001E+00  2.777E-04
3.603038E+00  4.113E-04
3.603075E+00  8.701E-04
3.603112E+00  4.476E-03
3.603149E+00  5.149E-03
3.603185E+00  7.631E-04
3.603222E+00  3.210E-04
3.603258E+00  2.299E-04
3.603294E+00  4.402E-04
3.603330E+00  4.170E-05
3.603366E+00  1.318E-03
3.603402E+00  1.041E-04
3.603438E+00  1.096E-04
3.603473E+00  1.332E-04
3.603509E+00  1.756E-04
3.603544E+00  2.528E-04
3.603579E+00  4.082E-04
3.603614E+00  7.826E-04
3.603649E+00  2.054E-03
3.603684E+00  1.276E-02
3.603718E+00  7.846E-02
3.603753E+00  4.502E-03
3.603787E+00  1.606E-03
3.603821E+00  8.881E-04
3.603856E+00  6.059E-04
3.603890E+00  4.703E-04
3.603924E+00  4.000E-04
3.603957E+00  3.654E-04
3.603991E+00  3.548E-04
3.604025E+00  3.643E-04
3.604058E+00  3.950E-04
3.604091E+00  4.537E-04
3.604125E+00  5.559E-04
3.604158E+00  7.367E-04
3.604191E+00  1.084E-03
3.604223E+00  1.865E-03
3.604256E+00  4.251E-03
3.604289E+00  2.004E-02
3.604321E+00  3.681E-01
3.604354E+00  9.269E-03
3.604386E+00  2.689E-03
3.604418E+00  1.259E-03
3.604450E+00  7.303E-04
3.604482E+00  4.791E-04
3.604514E+00  3.407E-04
3.604545E+00  2.565E-04
3.604577E+00  2.016E-04
3.604609E+00  1.639E-04
3.604640E+00  1.373E-04
3.604671E+00  1.185E-04
3.604702E+00  1.068E-04
3.604733E+00  1.082E-04
3.604764E+00  1.200E-04
3.604795E+00  9.968E-05
3.604826E+00  2.419E-04
3.604856E+00  7.337E-05
3.604887E+00  5.495E-05
3.604917E+00  4.650E-05
3.604948E+00  4.055E-05
3.604978E+00  3.565E-05
3.605008E+00  3.151E-05
3.605038E+00  2.918E-05
3.605068E+00  4.147E-05
3.605098E+00  1.350E-04
3.605127E+00  5.569E-05
3.605157E+00  3.837E-05
3.605186E+00  4.264E-05
3.605216E+00  1.046E-04
3.605245E+00  1.252E-03
3.605274E+00  1.791E-03
3.605303E+00  3.115E-04
3.605332E+00  1.603E-04
3.605361E+00  1.108E-04
3.605390E+00  8.690E-05
3.605419E+00  7.279E-05
3.605447E+00  6.328E-05
3.605476E+00  5.616E-05
3.605504E+00  5.031E-05
3.605561E+00  3.951E-05
3.605589E+00  3.313E-05
3.605617E+00  2.546E-05
3.605645E+00  4.061E-05
3.605673E+00  2.637E-03
3.605700E+00  1.961E-04
3.605728E+00  1.264E-04
3.605756E+00  1.099E-04
3.605783E+00  1.080E-04
3.605810E+00  1.155E-04
3.605838E+00  1.342E-04
3.605865E+00  1.723E-04
3.605892E+00  2.505E-04
3.605919E+00  4.151E-04
3.605946E+00  6.852E-04
3.605973E+00  7.399E-04
3.606000E+00  5.087E-04
3.606026E+00  3.396E-04
3.606053E+00  2.566E-04
3.606079E+00  2.206E-04
3.606106E+00  2.129E-04
3.606132E+00  2.307E-04
3.606158E+00  2.870E-04
3.606184E+00  4.377E-04
3.606210E+00  9.740E-04
3.606236E+00  5.645E-03
3.606262E+00  3.826E-03
3.606288E+00  6.871E-04
3.606314E+00  3.467E-04
3.606339E+00  5.088E-02
3.606365E+00  1.215E-04
3.606390E+00  1.062E-04
3.606416E+00  1.087E-04
3.606441E+00  1.208E-04
3.606466E+00  1.438E-04
3.606491E+00  1.835E-04
3.606516E+00  2.529E-04
3.606541E+00  3.844E-04
3.606566E+00  6.706E-04
3.606591E+00  1.468E-03
3.606616E+00  5.256E-03
3.606641E+00  2.462E-01
3.606665E+00  1.238E-02
3.606690E+00  2.777E-03
3.606714E+00  1.295E-03
3.606738E+00  8.030E-04
3.606763E+00  5.834E-04
3.606787E+00  4.711E-04
3.606811E+00  4.119E-04
3.606835E+00  3.842E-04
3.606859E+00  3.796E-04
3.606883E+00  3.960E-04
3.606907E+00  4.367E-04
3.606930E+00  5.113E-04
3.606954E+00  6.421E-04
3.606978E+00  8.806E-04
3.607001E+00  1.366E-03
3.607024E+00  2.581E-03
3.607048E+00  7.272E-03
3.607071E+00  8.894E-02
3.607094E+00  3.390E-02
3.607117E+00  4.887E-03
3.607141E+00  1.849E-03
3.607164E+00  9.658E-04
3.607186E+00  5.954E-04
3.607209E+00  4.064E-04
3.607232E+00  2.975E-04
3.607255E+00  2.293E-04
3.607277E+00  1.840E-04
3.607300E+00  1.528E-04
3.607322E+00  1.315E-04
3.607345E+00  1.190E-04
3.607367E+00  1.227E-04
3.607389E+00  1.418E-04
3.607412E+00  9.439E-05
3.607434E+00  3.054E-04
3.607456E+00  7.029E-05
3.607478E+00  5.308E-05
3.607500E+00  4.585E-05
3.607522E+00  4.059E-05
3.607544E+00  3.616E-05
3.607565E+00  3.241E-05
3.607587E+00  3.059E-05
3.607609E+00  4.419E-05
3.607630E+00  1.427E-04
3.607652E+00  5.733E-05
3.607673E+00  3.759E-05
3.607694E+00  3.807E-05
3.607716E+00  8.694E-05
3.607737E+00  1.200E-03
3.607758E+00  1.246E-03
3.607779E+00  2.528E-04
3.607800E+00  1.371E-04
3.607821E+00  9.751E-05
3.607842E+00  7.788E-05
3.607863E+00  6.599E-05
3.607883E+00  5.773E-05
3.607904E+00  5.132E-05
3.607945E+00  4.041E-05
3.607966E+00  3.446E-05
3.607986E+00  2.710E-05
3.608007E+00  2.137E-05
3.608027E+00  6.411E-04
3.608047E+00  3.133E-04
3.608067E+00  1.383E-04
3.608088E+00  1.075E-04
3.608108E+00  9.823E-05
3.608128E+00  9.763E-05
3.608145E+00  1.024E-04
3.609859E+00  2.134E-05
3.613224E+00  1.975E-05
3.618125E+00  1.815E-05
3.623166E+00  1.720E-05
3.628013E+00  1.691E-05
3.632676E+00  1.727E-05
3.635688E+00  1.794E-05
3.638624E+00  1.905E-05
3.641488E+00  2.076E-05
3.642894E+00  2.191E-05
3.644282E+00  2.331E-05
3.645653E+00  2.502E-05
3.647008E+00  2.712E-05
3.648346E+00  2.973E-05
3.649668E+00  3.299E-05
3.650974E+00  3.715E-05
3.652265E+00  4.255E-05
3.653540E+00  4.974E-05
3.654800E+00  5.963E-05
3.656045E+00  7.385E-05
3.657275E+00  9.546E-05
3.658491E+00  1.306E-04
3.659693E+00  1.921E-04
3.660880E+00  2.996E-04
3.662054E+00  4.306E-04
3.663214E+00  4.343E-04
3.664361E+00  3.404E-04
3.665495E+00  2.876E-04
3.666616E+00  2.890E-04
3.667724E+00  3.354E-04
3.668820E+00  4.309E-04
3.669903E+00  5.919E-04
3.670974E+00  8.387E-04
3.672032E+00  1.154E-03
3.673079E+00  1.395E-03
3.674115E+00  1.370E-03
3.675139E+00  1.127E-03
3.676151E+00  8.542E-04
3.677153E+00  6.416E-04
3.678143E+00  4.918E-04
3.679123E+00  3.880E-04
3.680092E+00  3.149E-04
3.681050E+00  2.621E-04
3.681998E+00  2.230E-04
3.682936E+00  1.933E-04
3.683864E+00  1.703E-04
3.684782E+00  1.520E-04
3.685690E+00  1.372E-04
3.686588E+00  1.251E-04
3.687477E+00  1.149E-04
3.689227E+00  9.899E-05
3.690941E+00  8.709E-05
3.692619E+00  7.819E-05
3.695071E+00  6.869E-05
3.697449E+00  6.037E-05
3.698226E+00  5.933E-05
3.698995E+00  7.059E-05
3.699756E+00  8.079E-05
3.701255E+00  7.398E-05
3.702725E+00  6.963E-05
3.705579E+00  6.528E-05
3.709655E+00  6.042E-05
3.710312E+00  6.062E-05
3.710962E+00  6.367E-05
3.711606E+00  7.725E-05
3.712244E+00  1.396E-04
3.712876E+00  5.632E-04
3.713503E+00  1.726E-03
3.714123E+00  6.230E-04
3.714737E+00  3.458E-04
3.715346E+00  2.554E-04
3.715949E+00  2.153E-04
3.716546E+00  1.944E-04
3.717138E+00  1.828E-04
3.717725E+00  1.764E-04
3.718306E+00  1.732E-04
3.719452E+00  1.728E-04
3.720578E+00  1.780E-04
3.721683E+00  1.873E-04
3.722768E+00  2.007E-04
3.723834E+00  2.186E-04
3.724882E+00  2.420E-04
3.725910E+00  2.726E-04
3.726418E+00  2.915E-04
3.726921E+00  3.133E-04
3.727420E+00  3.388E-04
3.727914E+00  3.689E-04
3.728404E+00  4.046E-04
3.728890E+00  4.476E-04
3.729372E+00  5.001E-04
3.729850E+00  5.650E-04
3.730323E+00  6.465E-04
3.730792E+00  7.499E-04
3.731258E+00  8.803E-04
3.731719E+00  1.033E-03
3.732177E+00  1.957E-03
3.732630E+00  1.918E-03
3.733080E+00  2.384E-03
3.733526E+00  2.972E-03
3.733968E+00  3.486E-03
3.734407E+00  3.654E-03
3.734842E+00  3.414E-03
3.735273E+00  2.989E-03
3.735701E+00  2.598E-03
3.736125E+00  2.323E-03
3.736546E+00  2.169E-03
3.736963E+00  2.117E-03
3.737377E+00  2.150E-03
3.737787E+00  2.251E-03
3.738194E+00  2.391E-03
3.738598E+00  2.424E-03
3.738998E+00  2.027E-03
3.739395E+00  5.313E-03
3.739789E+00  5.827E-03
3.740180E+00  6.797E-03
3.740568E+00  7.931E-03
3.740953E+00  8.909E-03
3.741334E+00  9.320E-03
3.741713E+00  8.913E-03
3.742088E+00  7.841E-03
3.742830E+00  5.240E-03
3.743197E+00  4.180E-03
3.743560E+00  3.343E-03
3.743921E+00  2.699E-03
3.744279E+00  2.203E-03
3.744635E+00  1.820E-03
3.744987E+00  1.521E-03
3.745337E+00  1.286E-03
3.745684E+00  1.099E-03
3.746028E+00  9.480E-04
3.746370E+00  8.255E-04
3.746709E+00  7.247E-04
3.747046E+00  6.408E-04
3.747380E+00  5.701E-04
3.747711E+00  5.099E-04
3.748040E+00  4.581E-04
3.748366E+00  4.127E-04
3.749012E+00  3.337E-04
3.749331E+00  2.895E-04
3.749647E+00  1.219E-04
3.749961E+00  2.835E-04
3.750583E+00  2.356E-04
3.751195E+00  1.966E-04
3.751799E+00  1.653E-04
3.752687E+00  1.196E-04
3.754125E+00  5.139E-05
3.754406E+00  3.772E-05
3.754686E+00  2.754E-05
3.754963E+00  4.189E-05
3.755238E+00  1.032E-04
3.755512E+00  1.249E-04
3.755783E+00  1.110E-04
3.756052E+00  9.533E-05
3.756320E+00  8.283E-05
3.756586E+00  7.298E-05
3.756849E+00  6.496E-05
3.757111E+00  5.821E-05
3.757372E+00  5.239E-05
3.757630E+00  4.729E-05
3.757886E+00  4.278E-05
3.758141E+00  3.884E-05
3.758394E+00  3.549E-05
3.758645E+00  3.283E-05
3.758894E+00  3.108E-05
3.759142E+00  3.066E-05
3.759388E+00  3.228E-05
3.759632E+00  3.727E-05
3.759875E+00  4.818E-05
3.760116E+00  7.022E-05
3.760355E+00  1.152E-04
3.760593E+00  2.139E-04
3.760829E+00  4.648E-04
3.761063E+00  1.316E-03
3.761296E+00  6.973E-03
3.761527E+00  3.265E-02
3.761757E+00  4.240E-03
3.761985E+00  1.562E-03
3.762212E+00  8.540E-04
3.762437E+00  5.597E-04
3.762660E+00  4.051E-04
3.762882E+00  3.106E-04
3.763103E+00  2.459E-04
3.763322E+00  1.964E-04
3.763756E+00  1.099E-04
3.763971E+00  5.986E-05
3.764184E+00  4.079E-04
3.764396E+00  1.132E-03
3.764607E+00  4.139E-04
3.764816E+00  2.952E-04
3.765024E+00  2.469E-04
3.765231E+00  2.204E-04
3.765436E+00  2.044E-04
3.765640E+00  2.149E-04
3.765842E+00  1.914E-04
3.766043E+00  1.768E-04
3.766835E+00  1.286E-04
3.767030E+00  1.186E-04
3.767224E+00  1.103E-04
3.767416E+00  1.039E-04
3.767607E+00  9.921E-05
3.767797E+00  9.615E-05
3.767986E+00  9.464E-05
3.768174E+00  9.479E-05
3.768360E+00  9.695E-05
3.768545E+00  1.020E-04
3.768729E+00  1.119E-04
3.768912E+00  1.319E-04
3.769094E+00  1.782E-04
3.769274E+00  2.348E-04
3.769454E+00  2.703E-05
3.769632E+00  1.588E-05
3.769810E+00  2.891E-05
3.769986E+00  3.973E-05
3.770161E+00  4.844E-05
3.770335E+00  5.567E-05
3.770508E+00  6.152E-05
3.770680E+00  6.572E-05
3.770850E+00  6.777E-05
3.771020E+00  6.713E-05
3.771189E+00  6.313E-05
3.771357E+00  5.434E-05
3.771523E+00  3.726E-05
3.771854E+00  1.592E-04
3.772017E+00  1.154E-04
3.772180E+00  9.289E-05
3.772342E+00  7.838E-05
3.772503E+00  6.925E-05
3.772662E+00  7.391E-05
3.772821E+00  8.161E-05
3.773136E+00  6.876E-05
3.773292E+00  6.363E-05
3.773447E+00  5.957E-05
3.773755E+00  5.349E-05
3.773907E+00  5.127E-05
3.774059E+00  4.971E-05
3.774209E+00  4.930E-05
3.774359E+00  5.220E-05
3.774508E+00  3.882E-05
3.774656E+00  2.633E-05
3.774803E+00  3.351E-05
3.774949E+00  4.129E-05
3.775095E+00  5.795E-05
3.775239E+00  7.926E-05
3.775383E+00  7.184E-05
3.775526E+00  4.953E-05
3.775668E+00  3.301E-05
3.775809E+00  4.517E-05
3.775950E+00  1.277E-03
3.776089E+00  1.211E-04
3.776228E+00  6.666E-05
3.776366E+00  4.830E-05
3.776503E+00  3.807E-05
3.776640E+00  3.072E-05
3.776776E+00  2.448E-05
3.776911E+00  1.900E-05
3.777045E+00  1.611E-05
3.777178E+00  1.828E-05
3.777311E+00  2.219E-05
3.777443E+00  2.439E-05
3.777574E+00  2.512E-05
3.777705E+00  2.515E-05
3.778346E+00  2.383E-05
3.778598E+00  2.386E-05
3.778723E+00  2.428E-05
3.778847E+00  2.528E-05
3.778970E+00  2.756E-05
3.779093E+00  3.357E-05
3.779215E+00  5.821E-05
3.779336E+00  2.775E-04
3.779457E+00  2.017E-05
3.779577E+00  1.127E-05
3.779697E+00  1.060E-05
3.780051E+00  1.057E-05
3.780168E+00  1.065E-05
3.780284E+00  1.089E-05
3.780400E+00  1.144E-05
3.780515E+00  1.250E-05
3.780629E+00  1.445E-05
3.780743E+00  1.789E-05
3.780856E+00  2.400E-05
3.780969E+00  3.510E-05
3.781081E+00  5.629E-05
3.781192E+00  1.004E-04
3.781303E+00  2.060E-04
3.781413E+00  5.323E-04
3.781523E+00  2.283E-03
3.781632E+00  3.181E-02
3.781740E+00  3.565E-03
3.781848E+00  1.094E-03
3.781955E+00  5.762E-04
3.782062E+00  3.861E-04
3.782168E+00  3.001E-04
3.782274E+00  2.598E-04
3.782379E+00  2.383E-04
3.782484E+00  1.646E-04
3.782588E+00  1.298E-04
3.782691E+00  1.167E-04
3.782794E+00  1.092E-04
3.782897E+00  1.102E-04
3.783100E+00  1.210E-04
3.783201E+00  1.276E-04
3.783301E+00  1.367E-04
3.783401E+00  1.494E-04
3.783500E+00  1.651E-04
3.783599E+00  1.867E-04
3.783697E+00  2.194E-04
3.783795E+00  2.637E-04
3.783892E+00  3.138E-04
3.783989E+00  3.442E-04
3.784086E+00  3.090E-04
3.784181E+00  2.047E-04
3.784277E+00  1.066E-04
3.784372E+00  1.101E-04
3.784466E+00  4.304E-04
3.784560E+00  1.286E-03
3.784653E+00  1.343E-03
3.784746E+00  1.007E-03
3.784839E+00  8.371E-04
3.784931E+00  7.997E-04
3.785023E+00  8.628E-04
3.785114E+00  1.031E-03
3.785204E+00  1.321E-03
3.785295E+00  1.681E-03
3.785384E+00  1.848E-03
3.785474E+00  1.600E-03
3.785563E+00  1.172E-03
3.785651E+00  8.215E-04
3.785739E+00  5.889E-04
3.785827E+00  4.393E-04
3.785914E+00  3.408E-04
3.786001E+00  2.731E-04
3.786087E+00  2.237E-04
3.786173E+00  1.848E-04
3.786259E+00  2.970E-04
3.786344E+00  1.794E-04
3.786428E+00  1.554E-04
3.786513E+00  1.424E-04
3.786596E+00  1.348E-04
3.786680E+00  1.309E-04
3.786763E+00  1.298E-04
3.786846E+00  1.312E-04
3.786928E+00  1.366E-04
3.787010E+00  1.534E-04
3.787091E+00  2.238E-04
3.787172E+00  1.082E-03
3.787253E+00  5.878E-05
3.787333E+00  3.931E-05
3.787493E+00  3.642E-05
3.787729E+00  3.020E-05
3.787807E+00  2.978E-05
3.787962E+00  3.385E-05
3.788039E+00  3.495E-05
3.788344E+00  3.707E-05
3.788419E+00  3.792E-05
3.788494E+00  3.921E-05
3.788568E+00  4.128E-05
3.788642E+00  4.481E-05
3.788716E+00  5.152E-05
3.788789E+00  6.699E-05
3.788863E+00  1.245E-04
3.788935E+00  5.314E-04
3.789008E+00  6.510E-05
3.789080E+00  1.517E-05
3.789152E+00  1.159E-05
3.789223E+00  1.158E-05
3.789294E+00  1.187E-05
3.789365E+00  1.204E-05
3.789436E+00  1.203E-05
3.789645E+00  1.153E-05
3.789714E+00  1.151E-05
3.789783E+00  1.189E-05
3.789852E+00  1.314E-05
3.789920E+00  1.630E-05
3.789988E+00  2.394E-05
3.790056E+00  4.362E-05
3.790123E+00  1.044E-04
3.790190E+00  3.928E-04
3.790257E+00  5.750E-03
3.790323E+00  1.823E-03
3.790390E+00  4.241E-04
3.790455E+00  2.053E-04
3.790521E+00  1.293E-04
3.790586E+00  9.251E-05
3.790651E+00  7.136E-05
3.790716E+00  5.899E-05
3.790780E+00  5.799E-05
3.790845E+00  1.392E-04
3.790908E+00  9.441E-04
3.790972E+00  4.037E-04
3.791035E+00  2.604E-04
3.791098E+00  1.961E-04
3.791161E+00  1.611E-04
3.791223E+00  1.473E-04
3.791286E+00  1.443E-04
3.791348E+00  1.448E-04
3.791409E+00  1.507E-04
3.791471E+00  1.638E-04
3.791532E+00  1.142E-04
3.791593E+00  1.401E-04
3.791653E+00  1.672E-04
3.791714E+00  2.017E-04
3.791774E+00  2.487E-04
3.791833E+00  3.082E-04
3.791893E+00  3.627E-04
3.791952E+00  3.638E-04
3.792011E+00  2.824E-04
3.792070E+00  1.707E-04
3.792129E+00  8.498E-05
3.792187E+00  5.159E-05
3.792245E+00  2.133E-04
3.792303E+00  2.230E-03
3.792360E+00  1.949E-03
3.792418E+00  9.339E-04
3.792475E+00  6.722E-04
3.792531E+00  6.093E-04
3.792588E+00  6.425E-04
3.792644E+00  7.534E-04
3.792700E+00  9.351E-04
3.792756E+00  1.131E-03
3.792812E+00  1.191E-03
3.792867E+00  1.034E-03
3.792922E+00  7.893E-04
3.792977E+00  5.806E-04
3.793032E+00  4.336E-04
3.793086E+00  3.344E-04
3.793141E+00  2.656E-04
3.793195E+00  1.752E-04
3.793248E+00  1.694E-04
3.793302E+00  1.573E-04
3.793355E+00  1.421E-04
3.793409E+00  1.302E-04
3.793461E+00  1.211E-04
3.793514E+00  1.139E-04
3.793619E+00  1.031E-04
3.793671E+00  9.885E-05
3.793723E+00  9.580E-05
3.793774E+00  9.529E-05
3.793826E+00  1.040E-04
3.793877E+00  2.182E-04
3.793928E+00  5.285E-05
3.793979E+00  4.725E-05
3.794029E+00  4.505E-05
3.794130E+00  3.996E-05
3.794180E+00  3.836E-05
3.794229E+00  3.803E-05
3.794475E+00  4.061E-05
3.794524E+00  4.144E-05
3.794572E+00  4.269E-05
3.794620E+00  4.467E-05
3.794668E+00  4.804E-05
3.794716E+00  5.481E-05
3.794763E+00  1.573E-04
3.794811E+00  9.077E-05
3.794858E+00  2.630E-04
3.794905E+00  1.954E-04
3.794952E+00  2.149E-05
3.794998E+00  1.329E-05
3.795045E+00  1.311E-05
3.795091E+00  1.359E-05
3.795137E+00  1.391E-05
3.795183E+00  1.399E-05
3.795229E+00  1.386E-05
3.795320E+00  1.318E-05
3.795365E+00  1.276E-05
3.795410E+00  1.249E-05
3.795455E+00  1.269E-05
3.795500E+00  1.424E-05
3.795544E+00  1.981E-05
3.795588E+00  3.983E-05
3.795632E+00  1.409E-04
3.795676E+00  1.765E-03
3.795720E+00  8.857E-04
3.795764E+00  2.183E-04
3.795807E+00  1.130E-04
3.795851E+00  7.624E-05
3.795894E+00  5.863E-05
3.795937E+00  4.902E-05
3.795979E+00  4.416E-05
3.796022E+00  4.382E-05
3.796065E+00  5.052E-05
3.796107E+00  7.202E-05
3.796149E+00  1.294E-04
3.796191E+00  3.788E-04
3.796233E+00  2.961E-03
3.796274E+00  7.157E-04
3.796316E+00  3.489E-04
3.796357E+00  2.517E-04
3.796398E+00  2.194E-04
3.796480E+00  2.058E-04
3.796521E+00  1.371E-04
3.796562E+00  1.465E-04
3.796602E+00  1.572E-04
3.796642E+00  1.711E-04
3.796682E+00  1.910E-04
3.796722E+00  2.191E-04
3.796762E+00  2.567E-04
3.796802E+00  2.996E-04
3.796841E+00  3.224E-04
3.796881E+00  2.535E-04
3.796920E+00  1.259E-04
3.796959E+00  2.439E-03
3.796998E+00  1.645E-03
3.797036E+00  8.436E-04
3.797075E+00  5.363E-04
3.797114E+00  3.904E-04
3.797152E+00  3.166E-04
3.797190E+00  2.831E-04
3.797228E+00  2.771E-04
3.797266E+00  2.956E-04
3.797304E+00  3.416E-04
3.797341E+00  4.220E-04
3.797379E+00  5.414E-04
3.797416E+00  6.801E-04
3.797453E+00  7.668E-04
3.797491E+00  7.305E-04
3.797527E+00  6.045E-04
3.797564E+00  4.686E-04
3.797601E+00  3.592E-04
3.797674E+00  1.894E-04
3.797710E+00  1.334E-04
3.797746E+00  1.667E-04
3.797782E+00  1.495E-04
3.797818E+00  1.350E-04
3.797854E+00  1.239E-04
3.797889E+00  1.151E-04
3.797960E+00  1.012E-04
3.798066E+00  8.493E-05
3.798100E+00  8.052E-05
3.798135E+00  7.702E-05
3.798170E+00  7.609E-05
3.798204E+00  9.217E-05
3.798239E+00  6.552E-05
3.798273E+00  4.513E-05
3.798307E+00  4.294E-05
3.798341E+00  4.140E-05
3.798375E+00  4.084E-05
3.798509E+00  4.113E-05
3.798575E+00  4.260E-05
3.798608E+00  4.416E-05
3.798641E+00  4.763E-05
3.798674E+00  1.529E-04
3.798707E+00  5.069E-05
3.798739E+00  6.155E-05
3.798772E+00  9.044E-05
3.798804E+00  2.532E-04
3.798836E+00  1.685E-04
3.798868E+00  2.064E-05
3.798900E+00  1.441E-05
3.798932E+00  1.463E-05
3.798964E+00  1.521E-05
3.798996E+00  1.555E-05
3.799027E+00  1.561E-05
3.799059E+00  1.542E-05
3.799121E+00  1.452E-05
3.799183E+00  1.338E-05
3.799214E+00  1.329E-05
3.799245E+00  1.483E-05
3.799276E+00  2.283E-05
3.799306E+00  6.709E-05
3.799337E+00  6.820E-04
3.799367E+00  6.832E-04
3.799398E+00  1.643E-04
3.799428E+00  8.800E-05
3.799458E+00  6.189E-05
3.799488E+00  4.951E-05
3.799518E+00  4.286E-05
3.799547E+00  3.963E-05
3.799577E+00  3.956E-05
3.799607E+00  4.401E-05
3.799636E+00  5.683E-05
3.799665E+00  8.642E-05
3.799695E+00  1.495E-04
3.799724E+00  4.300E-04
3.799753E+00  4.696E-03
3.799782E+00  9.213E-04
3.799811E+00  4.118E-04
3.799839E+00  2.862E-04
3.799868E+00  2.427E-04
3.799897E+00  2.228E-04
3.799925E+00  1.797E-04
3.799953E+00  1.741E-04
3.799982E+00  1.765E-04
3.800010E+00  1.834E-04
3.800038E+00  1.964E-04
3.800066E+00  2.171E-04
3.800094E+00  2.478E-04
3.800122E+00  2.902E-04
3.800149E+00  3.403E-04
3.800177E+00  3.600E-04
3.800204E+00  1.314E-04
3.800232E+00  1.253E-03
3.800259E+00  9.178E-04
3.800286E+00  6.799E-04
3.800314E+00  4.927E-04
3.800341E+00  3.650E-04
3.800368E+00  2.857E-04
3.800395E+00  2.397E-04
3.800421E+00  2.168E-04
3.800448E+00  2.120E-04
3.800475E+00  2.243E-04
3.800501E+00  2.563E-04
3.800528E+00  3.131E-04
3.800554E+00  3.999E-04
3.800580E+00  5.091E-04
3.800607E+00  5.996E-04
3.800633E+00  6.097E-04
3.800659E+00  5.347E-04
3.800685E+00  4.296E-04
3.800710E+00  3.345E-04
3.800736E+00  2.551E-04
3.800762E+00  1.468E-04
3.800788E+00  1.476E-04
3.800813E+00  1.627E-04
3.800838E+00  1.462E-04
3.800864E+00  1.324E-04
3.800889E+00  1.217E-04
3.800914E+00  1.132E-04
3.800964E+00  9.934E-05
3.801039E+00  8.226E-05
3.801088E+00  7.275E-05
3.801113E+00  6.881E-05
3.801137E+00  6.667E-05
3.801162E+00  7.569E-05
3.801186E+00  6.542E-05
3.801210E+00  4.344E-05
3.801234E+00  4.214E-05
3.801283E+00  4.192E-05
3.801330E+00  4.122E-05
3.801354E+00  4.145E-05
3.801378E+00  4.229E-05
3.801401E+00  4.566E-05
3.801425E+00  4.788E-05
3.801448E+00  4.475E-05
3.801472E+00  4.787E-05
3.801495E+00  5.365E-05
3.801518E+00  6.630E-05
3.801542E+00  1.063E-04
3.801565E+00  4.123E-04
3.801588E+00  6.562E-05
3.801611E+00  1.725E-05
3.801634E+00  1.526E-05
3.801679E+00  1.646E-05
3.801702E+00  1.672E-05
3.801724E+00  1.669E-05
3.801747E+00  1.642E-05
3.801792E+00  1.530E-05
3.801836E+00  1.390E-05
3.801859E+00  1.394E-05
3.801881E+00  1.722E-05
3.801903E+00  3.949E-05
3.801925E+00  3.313E-04
3.801947E+00  5.694E-04
3.801969E+00  1.350E-04
3.801990E+00  7.433E-05
3.802012E+00  5.389E-05
3.802034E+00  4.425E-05
3.802055E+00  3.912E-05
3.802077E+00  3.672E-05
3.802098E+00  3.689E-05
3.802120E+00  4.070E-05
3.802141E+00  5.117E-05
3.802162E+00  7.510E-05
3.802183E+00  1.269E-04
3.802204E+00  3.059E-04
3.802226E+00  3.784E-03
3.802247E+00  1.358E-03
3.802267E+00  4.728E-04
3.802288E+00  2.960E-04
3.802309E+00  2.336E-04
3.802330E+00  2.061E-04
3.802351E+00  1.992E-04
3.802392E+00  1.923E-04
3.802412E+00  1.945E-04
3.802433E+00  2.039E-04
3.802453E+00  2.220E-04
3.802473E+00  2.515E-04
3.802494E+00  2.972E-04
3.802514E+00  3.675E-04
3.802534E+00  4.760E-04
3.802554E+00  5.165E-04
3.802574E+00  4.548E-04
3.802589E+00  6.433E-04
3.812559E+00  3.568E-05
3.862569E+00  3.488E-05
3.912569E+00  3.332E-05
3.962569E+00  2.974E-05
4.062569E+00  2.519E-05
4.162569E+00  2.507E-05
4.212569E+00  2.638E-05
4.262569E+00  2.679E-05
4.312569E+00  2.680E-05
4.362569E+00  2.809E-05
4.412569E+00  2.875E-05
4.512569E+00  2.899E-05
4.562569E+00  2.723E-05
4.612569E+00  2.391E-05
4.662569E+00  2.084E-05
4.712569E+00  1.901E-05
4.762569E+00  1.865E-05
4.812569E+00  1.964E-05
4.862569E+00  2.131E-05
4.912569E+00  2.246E-05
4.962569E+00  2.206E-05
5.012569E+00  2.012E-05
5.062569E+00  1.769E-05
5.112569E+00  1.577E-05
5.162569E+00  1.469E-05
5.212569E+00  1.429E-05
5.262569E+00  1.405E-05
5.312569E+00  1.326E-05
5.362569E+00  1.159E-05
5.412569E+00  9.541E-06
5.462569E+00  8.128E-06
5.512569E+00  8.249E-06
5.562569E+00  1.014E-05
5.662569E+00  1.605E-05
5.712569E+00  1.759E-05
5.762569E+00  1.713E-05
5.812569E+00  1.492E-05
5.862569E+00  1.187E-05
5.912569E+00  9.154E-06
5.962569E+00  7.654E-06
6.012569E+00  7.500E-06
6.062569E+00  8.037E-06
6.112569E+00  8.287E-06
6.162569E+00  7.565E-06
6.212569E+00  5.902E-06
6.262569E+00  4.029E-06
6.312569E+00  3.025E-06
6.362569E+00  3.745E-06
6.412569E+00  6.343E-06
6.462569E+00  1.009E-05
6.512569E+00  1.367E-05
6.562569E+00  1.574E-05
6.612569E+00  1.555E-05
6.662569E+00  1.325E-05
6.712569E+00  9.801E-06
6.762569E+00  6.536E-06
6.812569E+00  4.606E-06
6.862569E+00  4.445E-06
6.912569E+00  5.620E-06
6.962569E+00  7.077E-06
7.012569E+00  7.708E-06
7.062569E+00  6.899E-06
7.112569E+00  4.854E-06
7.162569E+00  2.506E-06
7.212569E+00  1.094E-06
7.262569E+00  1.599E-06
7.312569E+00  4.261E-06
7.362569E+00  8.415E-06
7.412569E+00  1.271E-05
7.462569E+00  1.565E-05
7.512569E+00  1.620E-05
7.562569E+00  1.423E-05
7.612569E+00  1.054E-05
7.662569E+00  6.546E-06
7.712569E+00  3.686E-06
7.762569E+00  2.863E-06
7.812569E+00  4.106E-06
7.862569E+00  6.579E-06
7.912569E+00  8.959E-06
7.962569E+00  9.997E-06
8.012569E+00  9.074E-06
8.062569E+00  6.462E-06
8.112569E+00  3.240E-06
8.162569E+00  8.552E-07
8.212569E+00  5.304E-07
8.262569E+00  2.757E-06
8.312569E+00  7.059E-06
8.362569E+00  1.215E-05
8.412569E+00  1.637E-05
8.462569E+00  1.831E-05
8.512569E+00  1.735E-05
8.562569E+00  1.386E-05
8.612569E+00  9.117E-06
8.662569E+00  4.793E-06
8.712569E+00  2.369E-06
8.762569E+00  2.583E-06
8.812569E+00  5.180E-06
8.862569E+00  9.025E-06
8.912569E+00  1.252E-05
8.962569E+00  1.423E-05
9.012569E+00  1.340E-05
9.062569E+00  1.026E-05
9.112569E+00  5.939E-06
9.162569E+00  2.089E-06
9.212569E+00  2.793E-07
9.262569E+00  1.420E-06
9.312569E+00  5.425E-06
9.412569E+00  1.701E-05
9.462569E+00  2.104E-05
9.512569E+00  2.203E-05
9.562569E+00  1.968E-05
9.612569E+00  1.480E-05
9.662569E+00  8.983E-06
9.712569E+00  4.154E-06
9.762569E+00  1.868E-06
9.812569E+00  2.831E-06
9.862569E+00  6.662E-06
9.912569E+00  1.202E-05
9.962569E+00  1.705E-05
1.001257E+01  2.001E-05
1.052592E+01  1.722E-05
1.106560E+01  1.482E-05
1.163295E+01  1.276E-05
1.222939E+01  1.098E-05
1.285640E+01  9.452E-06
1.351557E+01  8.135E-06
1.420853E+01  7.002E-06
1.493702E+01  6.027E-06
1.570286E+01  5.187E-06
1.650797E+01  4.465E-06
1.735435E+01  3.843E-06
1.824413E+01  3.308E-06
1.917953E+01  2.847E-06
2.016289E+01  2.450E-06
2.119667E+01  2.109E-06
2.228345E+01  1.815E-06
2.342595E+01  1.562E-06
2.462703E+01  1.345E-06
2.588969E+01  1.157E-06
2.721709E+01  9.962E-07
2.861254E+01  8.575E-07
3.007954E+01  7.380E-07
3.162176E+01  6.352E-07
3.324305E+01  5.467E-07
3.494746E+01  4.706E-07
3.673927E+01  4.050E-07
3.862294E+01  3.486E-07
