# photon energy(Ry), cross section(Mb)
6.250785E-02  1.908E+01
6.450785E-02  1.692E+01
6.650785E-02  1.506E+01
6.850785E-02  1.344E+01
7.050785E-02  1.203E+01
7.250785E-02  1.079E+01
7.450785E-02  9.707E+00
7.650785E-02  8.753E+00
7.850785E-02  7.912E+00
8.050785E-02  7.168E+00
8.250785E-02  6.507E+00
8.450785E-02  5.919E+00
8.650785E-02  5.395E+00
8.850785E-02  4.927E+00
9.050785E-02  4.507E+00
9.250785E-02  4.130E+00
9.450785E-02  3.791E+00
9.650785E-02  3.486E+00
9.850785E-02  3.210E+00
1.005079E-01  2.960E+00
1.025079E-01  2.733E+00
1.045079E-01  2.527E+00
1.065079E-01  2.340E+00
1.085079E-01  2.170E+00
1.105079E-01  2.014E+00
1.125079E-01  1.871E+00
1.145079E-01  1.741E+00
1.165079E-01  1.621E+00
1.185079E-01  1.511E+00
1.205079E-01  1.410E+00
1.225079E-01  1.317E+00
1.245079E-01  1.232E+00
1.265079E-01  1.153E+00
1.285079E-01  1.079E+00
1.305079E-01  1.012E+00
1.325079E-01  9.490E-01
1.345079E-01  8.909E-01
1.365079E-01  8.370E-01
1.385079E-01  7.868E-01
1.405079E-01  7.402E-01
1.425079E-01  6.968E-01
1.445079E-01  6.564E-01
1.465079E-01  6.187E-01
1.485079E-01  5.835E-01
1.505079E-01  5.507E-01
1.525079E-01  5.200E-01
1.545079E-01  4.913E-01
1.565079E-01  4.644E-01
1.585079E-01  4.393E-01
1.605079E-01  4.157E-01
1.625079E-01  3.936E-01
1.645079E-01  3.729E-01
1.665079E-01  3.534E-01
1.685079E-01  3.352E-01
1.705079E-01  3.180E-01
1.725079E-01  3.018E-01
1.745079E-01  2.867E-01
1.765079E-01  2.724E-01
1.785079E-01  2.589E-01
1.805079E-01  2.463E-01
1.825079E-01  2.343E-01
1.845079E-01  2.231E-01
1.865079E-01  2.125E-01
1.885079E-01  2.025E-01
1.905079E-01  1.930E-01
1.925079E-01  1.841E-01
1.945079E-01  1.757E-01
1.965079E-01  1.677E-01
1.985079E-01  1.602E-01
2.005079E-01  1.531E-01
2.025079E-01  1.464E-01
2.045079E-01  1.400E-01
2.065079E-01  1.340E-01
2.085079E-01  1.283E-01
2.105079E-01  1.228E-01
2.125079E-01  1.177E-01
2.145079E-01  1.128E-01
2.165079E-01  1.082E-01
2.185079E-01  1.038E-01
2.205079E-01  9.967E-02
2.225079E-01  9.571E-02
2.245079E-01  9.195E-02
2.265079E-01  8.838E-02
2.285079E-01  8.497E-02
2.305079E-01  8.173E-02
2.325079E-01  7.864E-02
2.345079E-01  7.570E-02
2.365079E-01  7.290E-02
2.385079E-01  7.022E-02
2.405079E-01  6.767E-02
2.425079E-01  6.523E-02
2.445079E-01  6.290E-02
2.465079E-01  6.067E-02
2.485079E-01  5.854E-02
2.505079E-01  5.650E-02
2.525079E-01  5.455E-02
2.545079E-01  5.268E-02
2.565079E-01  5.089E-02
2.585079E-01  4.917E-02
2.605079E-01  4.752E-02
2.625079E-01  4.593E-02
2.645079E-01  4.441E-02
2.665079E-01  4.295E-02
2.685079E-01  4.154E-02
2.705079E-01  4.019E-02
2.725079E-01  3.888E-02
2.745079E-01  3.763E-02
2.765079E-01  3.642E-02
2.785079E-01  3.526E-02
2.805079E-01  3.413E-02
2.825079E-01  3.305E-02
2.845079E-01  3.201E-02
2.865079E-01  3.100E-02
2.885079E-01  3.003E-02
2.905079E-01  2.908E-02
2.925079E-01  2.818E-02
2.945079E-01  2.730E-02
2.965079E-01  2.645E-02
2.985079E-01  2.563E-02
3.005079E-01  2.483E-02
3.025079E-01  2.407E-02
3.045079E-01  2.332E-02
3.065079E-01  2.260E-02
3.085079E-01  2.191E-02
3.105079E-01  2.123E-02
3.125079E-01  2.058E-02
3.145079E-01  1.995E-02
3.165079E-01  1.934E-02
3.185079E-01  1.875E-02
3.205079E-01  1.818E-02
3.225079E-01  1.762E-02
3.245079E-01  1.709E-02
3.265079E-01  1.657E-02
3.285079E-01  1.606E-02
3.305079E-01  1.558E-02
3.325079E-01  1.511E-02
3.345079E-01  1.465E-02
3.365079E-01  1.421E-02
3.385079E-01  1.378E-02
3.405079E-01  1.337E-02
3.425079E-01  1.297E-02
3.445079E-01  1.258E-02
3.465079E-01  1.221E-02
3.485079E-01  1.185E-02
3.505079E-01  1.150E-02
3.525079E-01  1.116E-02
3.545079E-01  1.083E-02
3.565079E-01  1.051E-02
3.585079E-01  1.021E-02
3.605079E-01  9.913E-03
3.625079E-01  9.628E-03
3.645079E-01  9.353E-03
3.665079E-01  9.086E-03
3.685079E-01  8.829E-03
3.705079E-01  8.581E-03
3.725079E-01  8.342E-03
3.745079E-01  8.110E-03
3.765079E-01  7.887E-03
3.785079E-01  7.672E-03
3.805079E-01  7.464E-03
3.825079E-01  7.263E-03
3.845079E-01  7.070E-03
3.865079E-01  6.883E-03
3.885079E-01  6.702E-03
3.905079E-01  6.529E-03
3.925079E-01  6.361E-03
3.945079E-01  6.199E-03
3.965079E-01  6.043E-03
3.985079E-01  5.892E-03
4.005079E-01  5.747E-03
4.025079E-01  5.606E-03
4.045079E-01  5.471E-03
4.065079E-01  5.340E-03
4.085079E-01  5.214E-03
4.105079E-01  5.093E-03
4.125079E-01  4.975E-03
4.145079E-01  4.862E-03
4.165079E-01  4.752E-03
4.185079E-01  4.646E-03
4.205079E-01  4.544E-03
4.225079E-01  4.445E-03
4.245079E-01  4.350E-03
4.265079E-01  4.257E-03
4.285079E-01  4.168E-03
4.305079E-01  4.082E-03
4.325079E-01  3.998E-03
4.345079E-01  3.917E-03
4.365079E-01  3.838E-03
4.385079E-01  3.762E-03
4.405079E-01  3.688E-03
4.425079E-01  3.616E-03
4.445079E-01  3.546E-03
4.465079E-01  3.479E-03
4.485079E-01  3.413E-03
4.505079E-01  3.349E-03
4.525079E-01  3.287E-03
4.545079E-01  3.226E-03
4.565079E-01  3.167E-03
4.585079E-01  3.109E-03
4.605079E-01  3.053E-03
4.625079E-01  2.998E-03
4.645079E-01  2.945E-03
4.665079E-01  2.892E-03
4.685079E-01  2.841E-03
4.705079E-01  2.791E-03
4.725079E-01  2.742E-03
4.745079E-01  2.693E-03
4.765079E-01  2.646E-03
4.785079E-01  2.600E-03
4.805079E-01  2.554E-03
4.825079E-01  2.509E-03
4.845079E-01  2.465E-03
4.865079E-01  2.422E-03
4.885079E-01  2.380E-03
4.905079E-01  2.338E-03
4.925079E-01  2.296E-03
4.945079E-01  2.256E-03
4.965079E-01  2.215E-03
4.985079E-01  2.176E-03
5.005079E-01  2.137E-03
5.025079E-01  2.098E-03
5.045079E-01  2.060E-03
5.065079E-01  2.023E-03
5.085079E-01  1.986E-03
5.105079E-01  1.949E-03
5.125079E-01  1.913E-03
5.145079E-01  1.877E-03
5.165079E-01  1.842E-03
5.185079E-01  1.807E-03
5.205079E-01  1.773E-03
5.225079E-01  1.739E-03
5.245079E-01  1.705E-03
5.265079E-01  1.672E-03
5.285079E-01  1.639E-03
5.305079E-01  1.607E-03
5.325079E-01  1.574E-03
5.345079E-01  1.543E-03
5.365079E-01  1.512E-03
5.385079E-01  1.481E-03
5.405079E-01  1.451E-03
5.425079E-01  1.421E-03
5.445079E-01  1.391E-03
5.465079E-01  1.362E-03
5.485079E-01  1.333E-03
5.505079E-01  1.305E-03
5.525079E-01  1.277E-03
5.545079E-01  1.249E-03
5.565079E-01  1.222E-03
5.585079E-01  1.196E-03
5.605079E-01  1.170E-03
5.625079E-01  1.144E-03
5.645079E-01  1.119E-03
5.665079E-01  1.094E-03
5.685079E-01  1.070E-03
5.705079E-01  1.046E-03
5.725079E-01  1.022E-03
5.745079E-01  9.994E-04
5.765079E-01  9.768E-04
5.785079E-01  9.548E-04
5.805079E-01  9.332E-04
5.825079E-01  9.120E-04
5.845079E-01  8.913E-04
5.865079E-01  8.711E-04
5.885079E-01  8.513E-04
5.905079E-01  8.320E-04
5.925079E-01  8.132E-04
5.945079E-01  7.947E-04
5.965079E-01  7.768E-04
5.985079E-01  7.593E-04
6.005079E-01  7.422E-04
6.025079E-01  7.256E-04
6.045079E-01  7.094E-04
6.065079E-01  6.936E-04
6.085079E-01  6.783E-04
6.105079E-01  6.634E-04
6.125079E-01  6.489E-04
6.145079E-01  6.348E-04
6.165079E-01  6.211E-04
6.185079E-01  6.079E-04
6.205079E-01  5.950E-04
6.225079E-01  5.825E-04
6.245079E-01  5.704E-04
6.265079E-01  5.587E-04
6.285079E-01  5.473E-04
6.305079E-01  5.363E-04
6.325079E-01  5.257E-04
6.345079E-01  5.153E-04
6.365079E-01  5.054E-04
6.385079E-01  4.958E-04
6.405079E-01  4.864E-04
6.425079E-01  4.774E-04
6.445079E-01  4.688E-04
6.465079E-01  4.604E-04
6.485079E-01  4.523E-04
6.505079E-01  4.445E-04
6.525079E-01  4.370E-04
6.545079E-01  4.297E-04
6.565079E-01  4.227E-04
6.585079E-01  4.160E-04
6.605079E-01  4.095E-04
6.625079E-01  4.032E-04
6.645079E-01  3.972E-04
6.665079E-01  3.914E-04
6.685079E-01  3.858E-04
6.705079E-01  3.804E-04
6.725079E-01  3.753E-04
6.745079E-01  3.703E-04
6.765079E-01  3.655E-04
6.785079E-01  3.609E-04
6.805079E-01  3.565E-04
6.825079E-01  3.522E-04
6.845079E-01  3.481E-04
6.865079E-01  3.441E-04
6.885079E-01  3.403E-04
6.905079E-01  3.366E-04
6.925079E-01  3.331E-04
6.945079E-01  3.297E-04
6.965079E-01  3.264E-04
6.985079E-01  3.232E-04
7.005079E-01  3.201E-04
7.025079E-01  3.171E-04
7.045079E-01  3.142E-04
7.065079E-01  3.115E-04
7.085079E-01  3.088E-04
7.105079E-01  3.061E-04
7.125079E-01  3.036E-04
7.145079E-01  3.011E-04
7.165079E-01  2.987E-04
7.185079E-01  2.963E-04
7.205079E-01  2.940E-04
7.225079E-01  2.917E-04
7.245079E-01  2.895E-04
7.265079E-01  2.873E-04
7.285079E-01  2.852E-04
7.305079E-01  2.830E-04
7.325079E-01  2.810E-04
7.345079E-01  2.789E-04
7.365079E-01  2.768E-04
7.385079E-01  2.748E-04
7.405079E-01  2.728E-04
7.425079E-01  2.707E-04
7.445079E-01  2.687E-04
7.465079E-01  2.667E-04
7.485079E-01  2.647E-04
7.505079E-01  2.626E-04
7.525079E-01  2.606E-04
7.545079E-01  2.585E-04
7.565079E-01  2.565E-04
7.585079E-01  2.544E-04
7.605079E-01  2.523E-04
7.625079E-01  2.502E-04
7.645079E-01  2.481E-04
7.665079E-01  2.459E-04
7.685079E-01  2.437E-04
7.705079E-01  2.415E-04
7.725079E-01  2.393E-04
7.745079E-01  2.370E-04
7.765079E-01  2.347E-04
7.785079E-01  2.324E-04
7.805079E-01  2.300E-04
7.825079E-01  2.277E-04
7.845079E-01  2.253E-04
7.865079E-01  2.228E-04
7.885079E-01  2.204E-04
7.905079E-01  2.179E-04
7.925079E-01  2.153E-04
7.945079E-01  2.128E-04
7.965079E-01  2.102E-04
7.985079E-01  2.076E-04
8.005079E-01  2.050E-04
8.025079E-01  2.023E-04
8.045079E-01  1.996E-04
8.065079E-01  1.969E-04
8.085079E-01  1.942E-04
8.105079E-01  1.915E-04
8.125079E-01  1.887E-04
8.145079E-01  1.859E-04
8.165079E-01  1.831E-04
8.185079E-01  1.803E-04
8.205079E-01  1.775E-04
8.225079E-01  1.747E-04
8.245079E-01  1.718E-04
8.265079E-01  1.690E-04
8.285079E-01  1.662E-04
8.305079E-01  1.633E-04
8.325079E-01  1.605E-04
8.345079E-01  1.576E-04
8.365079E-01  1.548E-04
8.385079E-01  1.520E-04
8.405079E-01  1.492E-04
8.425079E-01  1.463E-04
8.445079E-01  1.435E-04
8.465079E-01  1.408E-04
8.485079E-01  1.380E-04
8.505079E-01  1.353E-04
8.525079E-01  1.325E-04
8.545079E-01  1.298E-04
8.565079E-01  1.271E-04
8.585079E-01  1.245E-04
8.605079E-01  1.218E-04
8.625079E-01  1.192E-04
8.645079E-01  1.167E-04
8.665079E-01  1.141E-04
8.685079E-01  1.116E-04
8.705079E-01  1.092E-04
8.725079E-01  1.067E-04
8.745079E-01  1.043E-04
8.765079E-01  1.020E-04
8.785079E-01  9.965E-05
8.805079E-01  9.737E-05
8.825079E-01  9.512E-05
8.845079E-01  9.293E-05
8.865079E-01  9.077E-05
8.885079E-01  8.865E-05
8.905079E-01  8.658E-05
8.925079E-01  8.456E-05
8.945079E-01  8.258E-05
8.965079E-01  8.064E-05
8.985079E-01  7.875E-05
9.005079E-01  7.690E-05
9.025079E-01  7.510E-05
9.045079E-01  7.335E-05
9.065079E-01  7.164E-05
9.085079E-01  6.998E-05
9.105079E-01  6.836E-05
9.125079E-01  6.678E-05
9.145079E-01  6.526E-05
9.165079E-01  6.377E-05
9.185079E-01  6.234E-05
9.205079E-01  6.094E-05
9.225079E-01  5.959E-05
9.245079E-01  5.829E-05
9.265079E-01  5.702E-05
9.285079E-01  5.580E-05
9.305079E-01  5.462E-05
9.325079E-01  5.349E-05
9.345079E-01  5.239E-05
9.365079E-01  5.133E-05
9.385079E-01  5.032E-05
9.405079E-01  4.934E-05
9.425079E-01  4.840E-05
9.445079E-01  4.750E-05
9.465079E-01  4.663E-05
9.485079E-01  4.580E-05
9.505079E-01  4.501E-05
9.525079E-01  4.425E-05
9.545079E-01  4.353E-05
9.565079E-01  4.283E-05
9.585079E-01  4.217E-05
9.605079E-01  4.155E-05
9.625079E-01  4.095E-05
9.645079E-01  4.038E-05
9.665079E-01  3.985E-05
9.685079E-01  3.934E-05
9.705079E-01  3.886E-05
9.725079E-01  3.841E-05
9.745079E-01  3.798E-05
9.765079E-01  3.758E-05
9.785079E-01  3.721E-05
9.805079E-01  3.686E-05
9.825079E-01  3.653E-05
9.845079E-01  3.623E-05
9.865079E-01  3.595E-05
9.885079E-01  3.569E-05
9.905079E-01  3.545E-05
9.925079E-01  3.524E-05
9.945079E-01  3.504E-05
9.965079E-01  3.486E-05
9.985079E-01  3.470E-05
1.000508E+00  3.456E-05
1.002508E+00  3.444E-05
1.004508E+00  3.433E-05
1.006508E+00  3.424E-05
1.008508E+00  3.416E-05
1.010508E+00  3.410E-05
1.012508E+00  3.405E-05
1.014508E+00  3.401E-05
1.016508E+00  3.399E-05
1.018508E+00  3.398E-05
1.020508E+00  3.398E-05
1.022508E+00  3.400E-05
1.024508E+00  3.402E-05
1.026508E+00  3.405E-05
1.028508E+00  3.409E-05
1.030508E+00  3.414E-05
1.032508E+00  3.420E-05
1.034508E+00  3.426E-05
1.036508E+00  3.433E-05
1.038508E+00  3.441E-05
1.040508E+00  3.449E-05
1.042508E+00  3.458E-05
1.044508E+00  3.467E-05
1.046508E+00  3.476E-05
1.048508E+00  3.486E-05
1.050508E+00  3.495E-05
1.052508E+00  3.505E-05
1.054508E+00  3.515E-05
1.056508E+00  3.525E-05
1.058508E+00  3.535E-05
1.060508E+00  3.545E-05
1.062508E+00  3.555E-05
1.064508E+00  3.564E-05
1.066508E+00  3.573E-05
1.068508E+00  3.582E-05
1.070508E+00  3.590E-05
1.072508E+00  3.598E-05
1.074508E+00  3.606E-05
1.076508E+00  3.612E-05
1.078508E+00  3.619E-05
1.080508E+00  3.624E-05
1.082508E+00  3.629E-05
1.084508E+00  3.633E-05
1.086508E+00  3.636E-05
1.088508E+00  3.638E-05
1.090508E+00  3.639E-05
1.092508E+00  3.640E-05
1.094508E+00  3.639E-05
1.096508E+00  3.638E-05
1.098508E+00  3.635E-05
1.100508E+00  3.631E-05
1.102508E+00  3.626E-05
1.104508E+00  3.620E-05
1.106508E+00  3.613E-05
1.108508E+00  3.604E-05
1.110508E+00  3.595E-05
1.112508E+00  3.584E-05
1.114508E+00  3.571E-05
1.116508E+00  3.558E-05
1.118508E+00  3.543E-05
1.120508E+00  3.527E-05
1.122508E+00  3.510E-05
1.124508E+00  3.491E-05
1.126508E+00  3.471E-05
1.128508E+00  3.450E-05
1.130508E+00  3.427E-05
1.132508E+00  3.404E-05
1.134508E+00  3.379E-05
1.136508E+00  3.352E-05
1.138508E+00  3.325E-05
1.140508E+00  3.296E-05
1.142508E+00  3.266E-05
1.144508E+00  3.235E-05
1.146508E+00  3.203E-05
1.148508E+00  3.170E-05
1.150508E+00  3.136E-05
1.152508E+00  3.100E-05
1.154508E+00  3.064E-05
1.156508E+00  3.027E-05
1.158508E+00  2.988E-05
1.160508E+00  2.949E-05
1.162508E+00  2.909E-05
1.164508E+00  2.868E-05
1.166508E+00  2.827E-05
1.168508E+00  2.785E-05
1.170508E+00  2.742E-05
1.172508E+00  2.698E-05
1.174508E+00  2.654E-05
1.176508E+00  2.609E-05
1.178508E+00  2.564E-05
1.180508E+00  2.519E-05
1.182508E+00  2.473E-05
1.184508E+00  2.427E-05
1.186508E+00  2.380E-05
1.188508E+00  2.333E-05
1.190508E+00  2.286E-05
1.192508E+00  2.239E-05
1.194508E+00  2.192E-05
1.196508E+00  2.145E-05
1.198508E+00  2.098E-05
1.200508E+00  2.051E-05
1.202508E+00  2.004E-05
1.204508E+00  1.958E-05
1.206508E+00  1.911E-05
1.208508E+00  1.865E-05
1.210508E+00  1.819E-05
1.212508E+00  1.773E-05
1.214508E+00  1.728E-05
1.216508E+00  1.683E-05
1.218508E+00  1.639E-05
1.220508E+00  1.595E-05
1.222508E+00  1.552E-05
1.224508E+00  1.509E-05
1.226508E+00  1.467E-05
1.228508E+00  1.425E-05
1.230508E+00  1.384E-05
1.232508E+00  1.344E-05
1.234508E+00  1.304E-05
1.236508E+00  1.265E-05
1.238508E+00  1.227E-05
1.240508E+00  1.190E-05
1.242508E+00  1.153E-05
1.244508E+00  1.117E-05
1.246508E+00  1.082E-05
1.248508E+00  1.048E-05
1.250508E+00  1.014E-05
1.252508E+00  9.818E-06
1.254508E+00  9.500E-06
1.256508E+00  9.189E-06
1.258508E+00  8.888E-06
1.260508E+00  8.594E-06
1.262508E+00  8.309E-06
1.264508E+00  8.033E-06
1.266508E+00  7.765E-06
1.268508E+00  7.505E-06
1.270508E+00  7.253E-06
1.272508E+00  7.009E-06
1.274508E+00  6.774E-06
1.276508E+00  6.546E-06
1.278508E+00  6.327E-06
1.280508E+00  6.115E-06
1.282508E+00  5.912E-06
1.284508E+00  5.715E-06
1.286508E+00  5.527E-06
1.288508E+00  5.346E-06
1.290508E+00  5.172E-06
1.292508E+00  5.005E-06
1.294508E+00  4.845E-06
1.296508E+00  4.692E-06
1.298508E+00  4.546E-06
1.300508E+00  4.407E-06
1.302508E+00  4.274E-06
1.304508E+00  4.147E-06
1.306508E+00  4.026E-06
1.308508E+00  3.911E-06
1.310508E+00  3.802E-06
1.312508E+00  3.699E-06
1.314508E+00  3.602E-06
1.316508E+00  3.509E-06
1.318508E+00  3.422E-06
1.320508E+00  3.341E-06
1.322508E+00  3.264E-06
1.324508E+00  3.192E-06
1.326508E+00  3.124E-06
1.328508E+00  3.062E-06
1.330508E+00  3.003E-06
1.332508E+00  2.950E-06
1.334508E+00  2.900E-06
1.336508E+00  2.855E-06
1.338508E+00  2.813E-06
1.340508E+00  2.776E-06
1.342508E+00  2.742E-06
1.344508E+00  2.712E-06
1.346508E+00  2.686E-06
1.348508E+00  2.663E-06
1.350508E+00  2.644E-06
1.352508E+00  2.628E-06
1.354508E+00  2.615E-06
1.356508E+00  2.606E-06
1.358508E+00  2.600E-06
1.360508E+00  2.598E-06
1.362508E+00  2.598E-06
1.364508E+00  2.601E-06
1.366508E+00  2.607E-06
1.368508E+00  2.617E-06
1.370508E+00  2.629E-06
1.372508E+00  2.644E-06
1.374508E+00  2.662E-06
1.376508E+00  2.682E-06
1.378508E+00  2.705E-06
1.380508E+00  2.731E-06
1.382508E+00  2.760E-06
1.384508E+00  2.791E-06
1.386508E+00  2.825E-06
1.388508E+00  2.861E-06
1.390508E+00  2.899E-06
1.392508E+00  2.940E-06
1.394508E+00  2.984E-06
1.396508E+00  3.030E-06
1.398508E+00  3.078E-06
1.400508E+00  3.128E-06
1.402508E+00  3.181E-06
1.404508E+00  3.235E-06
1.406508E+00  3.292E-06
1.408508E+00  3.350E-06
1.410508E+00  3.411E-06
1.412508E+00  3.474E-06
1.414508E+00  3.538E-06
1.416508E+00  3.604E-06
1.418508E+00  3.671E-06
1.420508E+00  3.741E-06
1.422508E+00  3.811E-06
1.424508E+00  3.883E-06
1.426508E+00  3.957E-06
1.428508E+00  4.031E-06
1.430508E+00  4.107E-06
1.432508E+00  4.184E-06
1.434508E+00  4.261E-06
1.436508E+00  4.340E-06
1.438508E+00  4.419E-06
1.440508E+00  4.498E-06
1.442508E+00  4.578E-06
1.444508E+00  4.659E-06
1.446508E+00  4.739E-06
1.448508E+00  4.820E-06
1.450508E+00  4.900E-06
1.452508E+00  4.980E-06
1.454508E+00  5.060E-06
1.456508E+00  5.140E-06
1.458508E+00  5.219E-06
1.460508E+00  5.297E-06
1.462508E+00  5.374E-06
1.464508E+00  5.450E-06
1.466508E+00  5.525E-06
1.468508E+00  5.599E-06
1.470508E+00  5.671E-06
1.472508E+00  5.742E-06
1.474508E+00  5.811E-06
1.476508E+00  5.878E-06
1.478508E+00  5.943E-06
1.480508E+00  6.006E-06
1.482508E+00  6.067E-06
1.484508E+00  6.125E-06
1.486508E+00  6.181E-06
1.488508E+00  6.235E-06
1.490508E+00  6.285E-06
1.492508E+00  6.333E-06
1.494508E+00  6.378E-06
1.496508E+00  6.420E-06
1.498508E+00  6.458E-06
1.500508E+00  6.494E-06
1.502508E+00  6.526E-06
1.504508E+00  6.555E-06
1.506508E+00  6.580E-06
1.508508E+00  6.602E-06
1.510508E+00  6.620E-06
1.512508E+00  6.634E-06
1.514508E+00  6.645E-06
1.516508E+00  6.652E-06
1.518508E+00  6.655E-06
1.520508E+00  6.654E-06
1.522508E+00  6.650E-06
1.524508E+00  6.642E-06
1.526508E+00  6.629E-06
1.528508E+00  6.613E-06
1.530508E+00  6.593E-06
1.532508E+00  6.570E-06
1.534508E+00  6.542E-06
1.536508E+00  6.510E-06
1.538508E+00  6.475E-06
1.540508E+00  6.436E-06
1.542508E+00  6.394E-06
1.544508E+00  6.347E-06
1.546508E+00  6.297E-06
1.548508E+00  6.244E-06
1.550508E+00  6.187E-06
1.552508E+00  6.127E-06
1.554508E+00  6.064E-06
1.556508E+00  5.997E-06
1.558508E+00  5.927E-06
1.560508E+00  5.855E-06
1.562508E+00  5.779E-06
1.564508E+00  5.701E-06
1.566508E+00  5.620E-06
1.568508E+00  5.536E-06
1.570508E+00  5.450E-06
1.572508E+00  5.362E-06
1.574508E+00  5.272E-06
1.576508E+00  5.179E-06
1.578508E+00  5.085E-06
1.580508E+00  4.989E-06
1.582508E+00  4.891E-06
1.584508E+00  4.792E-06
1.586508E+00  4.691E-06
1.588508E+00  4.589E-06
1.590508E+00  4.487E-06
1.592508E+00  4.383E-06
1.594508E+00  4.278E-06
1.596508E+00  4.173E-06
1.598508E+00  4.067E-06
1.600508E+00  3.961E-06
1.602508E+00  3.855E-06
1.604508E+00  3.749E-06
1.606508E+00  3.642E-06
1.608508E+00  3.536E-06
1.610508E+00  3.430E-06
1.612508E+00  3.325E-06
1.614508E+00  3.220E-06
1.616508E+00  3.116E-06
1.618508E+00  3.013E-06
1.620508E+00  2.910E-06
1.622508E+00  2.809E-06
1.624508E+00  2.708E-06
1.626508E+00  2.609E-06
1.628508E+00  2.512E-06
1.630508E+00  2.416E-06
1.632508E+00  2.321E-06
1.634508E+00  2.228E-06
1.636508E+00  2.136E-06
1.638508E+00  2.047E-06
1.640508E+00  1.959E-06
1.642508E+00  1.873E-06
1.644508E+00  1.789E-06
1.646508E+00  1.707E-06
1.648508E+00  1.627E-06
1.650508E+00  1.549E-06
1.652508E+00  1.473E-06
1.654508E+00  1.399E-06
1.656508E+00  1.328E-06
1.658508E+00  1.258E-06
1.660508E+00  1.191E-06
1.662508E+00  1.127E-06
1.664508E+00  1.064E-06
1.666508E+00  1.004E-06
1.668508E+00  9.457E-07
1.670508E+00  8.898E-07
1.672508E+00  8.362E-07
1.674508E+00  7.848E-07
1.676508E+00  7.355E-07
1.678508E+00  6.885E-07
1.680508E+00  6.435E-07
1.682508E+00  6.007E-07
1.684508E+00  5.599E-07
1.686508E+00  5.212E-07
1.688508E+00  4.844E-07
1.690508E+00  4.496E-07
1.692508E+00  4.167E-07
1.694508E+00  3.856E-07
1.696508E+00  3.564E-07
1.698508E+00  3.289E-07
1.700508E+00  3.030E-07
1.702508E+00  2.788E-07
1.704508E+00  2.562E-07
1.706508E+00  2.351E-07
1.708508E+00  2.154E-07
1.710508E+00  1.972E-07
1.712508E+00  1.803E-07
1.714508E+00  1.646E-07
1.716508E+00  1.501E-07
1.718508E+00  1.368E-07
1.720508E+00  1.246E-07
1.722508E+00  1.134E-07
1.724508E+00  1.032E-07
1.726508E+00  9.383E-08
1.728508E+00  8.534E-08
1.730508E+00  7.763E-08
1.732508E+00  7.066E-08
1.734508E+00  6.436E-08
1.736508E+00  5.868E-08
1.738508E+00  5.357E-08
1.740508E+00  4.898E-08
1.742508E+00  4.487E-08
1.744508E+00  4.118E-08
1.746508E+00  3.787E-08
1.748508E+00  3.491E-08
1.750508E+00  3.225E-08
1.752508E+00  2.985E-08
1.754508E+00  2.769E-08
1.756508E+00  2.573E-08
1.758508E+00  2.394E-08
1.760508E+00  2.229E-08
1.762508E+00  2.076E-08
1.764508E+00  1.934E-08
1.766508E+00  1.799E-08
1.768508E+00  1.670E-08
1.770508E+00  1.547E-08
1.772508E+00  1.428E-08
1.774508E+00  1.311E-08
1.776508E+00  1.197E-08
1.778508E+00  1.085E-08
1.780508E+00  9.750E-09
1.782508E+00  8.669E-09
1.784508E+00  7.611E-09
1.786508E+00  6.580E-09
1.788508E+00  5.584E-09
1.790508E+00  4.632E-09
1.792508E+00  3.735E-09
1.794508E+00  2.906E-09
1.796508E+00  2.158E-09
1.798508E+00  1.509E-09
1.800508E+00  9.736E-10
1.802508E+00  5.719E-10
1.804508E+00  3.232E-10
1.806508E+00  2.481E-10
1.808508E+00  3.681E-10
1.810508E+00  7.055E-10
1.812508E+00  1.283E-09
1.814508E+00  2.125E-09
1.816508E+00  3.254E-09
1.818508E+00  4.695E-09
1.820508E+00  6.471E-09
1.822508E+00  8.607E-09
1.824508E+00  1.113E-08
1.826508E+00  1.405E-08
1.828508E+00  1.741E-08
1.830508E+00  2.122E-08
1.832508E+00  2.551E-08
1.834508E+00  3.029E-08
1.836508E+00  3.559E-08
1.838508E+00  4.143E-08
1.840508E+00  4.782E-08
1.842508E+00  5.478E-08
1.844508E+00  6.233E-08
1.846508E+00  7.047E-08
1.848508E+00  7.924E-08
1.850508E+00  8.863E-08
1.852508E+00  9.865E-08
1.854508E+00  1.093E-07
1.856508E+00  1.206E-07
1.858508E+00  1.326E-07
1.860508E+00  1.452E-07
1.862508E+00  1.585E-07
1.864508E+00  1.725E-07
1.866508E+00  1.871E-07
1.868508E+00  2.023E-07
1.870508E+00  2.182E-07
1.872508E+00  2.347E-07
1.874508E+00  2.518E-07
1.876508E+00  2.696E-07
1.878508E+00  2.879E-07
1.880508E+00  3.068E-07
1.882508E+00  3.262E-07
1.884508E+00  3.462E-07
1.886508E+00  3.667E-07
1.888508E+00  3.877E-07
1.890508E+00  4.092E-07
1.892508E+00  4.310E-07
1.894508E+00  4.533E-07
1.896508E+00  4.760E-07
1.898508E+00  4.989E-07
1.900508E+00  5.222E-07
1.902508E+00  5.458E-07
1.904508E+00  5.696E-07
1.906508E+00  5.935E-07
1.908508E+00  6.177E-07
1.910508E+00  6.419E-07
1.912508E+00  6.662E-07
1.914508E+00  6.905E-07
1.916508E+00  7.148E-07
1.918508E+00  7.391E-07
1.920508E+00  7.633E-07
1.922508E+00  7.873E-07
1.924508E+00  8.111E-07
1.926508E+00  8.347E-07
1.928508E+00  8.580E-07
1.930508E+00  8.810E-07
1.932508E+00  9.037E-07
1.934508E+00  9.259E-07
1.936508E+00  9.477E-07
1.938508E+00  9.689E-07
1.940508E+00  9.897E-07
1.942508E+00  1.010E-06
1.944508E+00  1.029E-06
1.946508E+00  1.048E-06
1.948508E+00  1.066E-06
1.950508E+00  1.084E-06
1.952508E+00  1.101E-06
1.954508E+00  1.117E-06
1.956508E+00  1.132E-06
1.958508E+00  1.146E-06
1.960508E+00  1.159E-06
1.962508E+00  1.171E-06
1.964508E+00  1.183E-06
1.966508E+00  1.193E-06
1.968508E+00  1.203E-06
1.970508E+00  1.211E-06
1.972508E+00  1.219E-06
1.974508E+00  1.225E-06
1.976508E+00  1.230E-06
1.978508E+00  1.234E-06
1.980508E+00  1.238E-06
1.982508E+00  1.240E-06
1.984508E+00  1.241E-06
1.986508E+00  1.240E-06
1.988508E+00  1.239E-06
1.990508E+00  1.237E-06
1.992508E+00  1.233E-06
1.994508E+00  1.229E-06
1.996508E+00  1.223E-06
1.998508E+00  1.217E-06
2.000508E+00  1.209E-06
2.002508E+00  1.200E-06
2.004508E+00  1.190E-06
2.006508E+00  1.179E-06
2.008508E+00  1.168E-06
2.010508E+00  1.155E-06
2.012508E+00  1.141E-06
2.014508E+00  1.126E-06
2.016508E+00  1.111E-06
2.018508E+00  1.095E-06
2.020508E+00  1.077E-06
2.022508E+00  1.060E-06
2.024508E+00  1.041E-06
2.026508E+00  1.021E-06
2.028508E+00  1.001E-06
2.030508E+00  9.807E-07
2.032508E+00  9.594E-07
2.034508E+00  9.375E-07
2.036508E+00  9.151E-07
2.038508E+00  8.923E-07
2.040508E+00  8.691E-07
2.042508E+00  8.454E-07
2.044508E+00  8.215E-07
2.046508E+00  7.972E-07
2.048508E+00  7.727E-07
2.050508E+00  7.481E-07
2.052508E+00  7.232E-07
2.054508E+00  6.983E-07
2.056508E+00  6.733E-07
2.058508E+00  6.484E-07
2.060508E+00  6.234E-07
2.072508E+00  4.771E-07
2.091910E+00  2.703E-07
2.110747E+00  1.298E-07
2.129041E+00  6.563E-08
2.146813E+00  7.269E-08
2.164082E+00  1.354E-07
2.180867E+00  2.328E-07
2.213056E+00  4.480E-07
2.228493E+00  5.328E-07
2.243513E+00  5.895E-07
2.258132E+00  6.151E-07
2.272362E+00  6.110E-07
2.286218E+00  5.820E-07
2.299713E+00  5.347E-07
2.312859E+00  4.762E-07
2.338151E+00  3.525E-07
2.350320E+00  2.977E-07
2.362185E+00  2.521E-07
2.373755E+00  2.173E-07
2.385042E+00  1.936E-07
2.396053E+00  1.802E-07
2.406798E+00  1.754E-07
2.417285E+00  1.774E-07
2.427522E+00  1.839E-07
2.456814E+00  2.096E-07
2.466129E+00  2.146E-07
2.475231E+00  2.160E-07
2.484125E+00  2.133E-07
2.492819E+00  2.062E-07
2.501319E+00  1.951E-07
2.509630E+00  1.805E-07
2.517757E+00  1.630E-07
2.525707E+00  1.435E-07
2.548539E+00  8.272E-08
2.555827E+00  6.509E-08
2.562961E+00  5.034E-08
2.569945E+00  3.928E-08
2.576784E+00  3.263E-08
2.583481E+00  3.098E-08
2.590041E+00  3.482E-08
2.596467E+00  4.448E-08
2.602762E+00  6.022E-08
2.608931E+00  8.215E-08
2.614977E+00  1.103E-07
2.620902E+00  1.446E-07
2.626711E+00  1.849E-07
2.632406E+00  2.311E-07
2.637990E+00  2.827E-07
2.643466E+00  3.396E-07
2.648836E+00  4.013E-07
2.654104E+00  4.675E-07
2.664343E+00  6.118E-07
2.674201E+00  7.692E-07
2.688316E+00  1.023E-06
2.705970E+00  1.380E-06
2.733993E+00  2.011E-06
2.774898E+00  3.016E-06
2.803419E+00  3.808E-06
2.820933E+00  4.404E-06
2.834569E+00  4.997E-06
2.845069E+00  5.594E-06
2.854861E+00  6.343E-06
2.862225E+00  7.109E-06
2.867494E+00  7.826E-06
2.872558E+00  8.721E-06
2.877428E+00  9.881E-06
2.880570E+00  1.088E-05
2.883634E+00  1.218E-05
2.885137E+00  1.300E-05
2.886621E+00  1.400E-05
2.888086E+00  1.529E-05
2.889533E+00  1.708E-05
2.890963E+00  1.993E-05
2.892374E+00  2.579E-05
2.893769E+00  4.883E-05
2.895146E+00  5.712E-04
2.896506E+00  6.975E-06
2.899178E+00  1.213E-05
2.900489E+00  1.424E-05
2.904331E+00  1.990E-05
2.906816E+00  2.405E-05
2.908037E+00  2.639E-05
2.909244E+00  2.898E-05
2.910436E+00  3.186E-05
2.911615E+00  3.509E-05
2.912780E+00  3.873E-05
2.913931E+00  4.286E-05
2.915070E+00  4.757E-05
2.916195E+00  5.298E-05
2.917307E+00  5.921E-05
2.918407E+00  6.643E-05
2.919495E+00  7.485E-05
2.920570E+00  8.472E-05
2.921633E+00  9.637E-05
2.922684E+00  1.102E-04
2.923723E+00  1.268E-04
2.924751E+00  1.468E-04
2.925768E+00  1.711E-04
2.926773E+00  2.011E-04
2.927767E+00  2.383E-04
2.928750E+00  2.853E-04
2.929723E+00  3.453E-04
2.930685E+00  4.234E-04
2.931637E+00  5.270E-04
2.932578E+00  6.677E-04
2.933509E+00  8.642E-04
2.934430E+00  1.148E-03
2.935342E+00  1.578E-03
2.936244E+00  2.266E-03
2.937136E+00  3.454E-03
2.938019E+00  5.751E-03
2.938892E+00  1.103E-02
2.939756E+00  2.761E-02
2.940612E+00  1.401E-01
2.941458E+00  3.667E+00
2.942296E+00  7.876E-02
2.943124E+00  2.398E-02
2.943945E+00  1.179E-02
2.944757E+00  7.155E-03
2.945560E+00  4.891E-03
2.946356E+00  3.610E-03
2.947143E+00  2.812E-03
2.947922E+00  2.278E-03
2.948694E+00  1.903E-03
2.949458E+00  1.629E-03
2.950214E+00  1.422E-03
2.950962E+00  1.261E-03
2.951703E+00  1.135E-03
2.952437E+00  1.033E-03
2.953163E+00  9.504E-04
2.953883E+00  8.821E-04
2.954595E+00  8.252E-04
2.955998E+00  7.371E-04
2.957375E+00  6.738E-04
2.958725E+00  6.278E-04
2.960701E+00  5.816E-04
2.962622E+00  5.549E-04
2.965099E+00  5.412E-04
2.967485E+00  5.477E-04
2.969785E+00  5.730E-04
2.971455E+00  6.057E-04
2.973081E+00  6.535E-04
2.974141E+00  6.974E-04
2.975182E+00  7.562E-04
2.975695E+00  7.942E-04
2.976204E+00  8.412E-04
2.976709E+00  9.021E-04
2.977209E+00  9.872E-04
2.977705E+00  1.121E-03
2.978197E+00  1.386E-03
2.978684E+00  2.265E-03
2.979167E+00  1.325E+00
2.979646E+00  1.782E-04
2.980121E+00  4.211E-04
2.980591E+00  5.788E-04
2.981058E+00  6.887E-04
2.981521E+00  7.774E-04
2.983776E+00  1.163E-03
2.984652E+00  1.340E-03
2.985514E+00  1.550E-03
2.986361E+00  1.806E-03
2.986779E+00  1.956E-03
2.987194E+00  2.126E-03
2.987605E+00  2.318E-03
2.988014E+00  2.537E-03
2.988418E+00  2.788E-03
2.988820E+00  3.079E-03
2.989218E+00  3.418E-03
2.989613E+00  3.817E-03
2.990005E+00  4.291E-03
2.990394E+00  4.861E-03
2.990779E+00  5.555E-03
2.991162E+00  6.413E-03
2.991541E+00  7.491E-03
2.991918E+00  8.876E-03
2.992291E+00  1.070E-02
2.992662E+00  1.316E-02
2.993029E+00  1.663E-02
2.993394E+00  2.174E-02
2.993756E+00  2.976E-02
2.994115E+00  4.352E-02
2.994471E+00  7.041E-02
2.994824E+00  1.354E-01
2.995175E+00  3.743E-01
2.995523E+00  3.710E+00
2.995868E+00  2.645E+00
2.996211E+00  3.451E-01
2.996551E+00  1.531E-01
2.996888E+00  1.260E-01
2.997223E+00  2.021E-01
2.997555E+00  9.986E-01
2.997885E+00  5.662E+00
2.998212E+00  3.077E-01
2.998536E+00  1.048E-01
2.998859E+00  5.442E-02
2.999179E+00  3.410E-02
2.999496E+00  2.373E-02
2.999811E+00  1.763E-02
3.000124E+00  1.369E-02
3.000434E+00  1.099E-02
3.000742E+00  9.031E-03
3.001048E+00  7.561E-03
3.001351E+00  6.422E-03
3.001652E+00  5.513E-03
3.001951E+00  4.771E-03
3.002248E+00  4.148E-03
3.002543E+00  3.607E-03
3.003126E+00  2.636E-03
3.003700E+00  1.577E-03
3.003984E+00  2.000E-02
3.004266E+00  4.265E-03
3.004546E+00  3.097E-03
3.004824E+00  2.610E-03
3.005100E+00  2.309E-03
3.005374E+00  2.090E-03
3.005646E+00  1.917E-03
3.005916E+00  1.773E-03
3.006451E+00  1.544E-03
3.006978E+00  1.367E-03
3.007497E+00  1.225E-03
3.008263E+00  1.057E-03
3.009013E+00  9.284E-04
3.009747E+00  8.274E-04
3.010466E+00  7.481E-04
3.011171E+00  6.878E-04
3.011633E+00  6.598E-04
3.011862E+00  6.520E-04
3.012089E+00  6.523E-04
3.012314E+00  6.740E-04
3.012538E+00  8.086E-04
3.012761E+00  2.905E-04
3.012982E+00  4.216E-04
3.013202E+00  4.574E-04
3.013420E+00  4.661E-04
3.013852E+00  4.639E-04
3.015524E+00  4.297E-04
3.016328E+00  4.235E-04
3.016917E+00  4.280E-04
3.017496E+00  4.450E-04
3.017875E+00  4.676E-04
3.018063E+00  4.840E-04
3.018250E+00  5.054E-04
3.018435E+00  5.334E-04
3.018620E+00  5.707E-04
3.018803E+00  6.218E-04
3.018985E+00  6.943E-04
3.019166E+00  8.027E-04
3.019346E+00  9.773E-04
3.019524E+00  1.293E-03
3.019702E+00  1.983E-03
3.019879E+00  4.160E-03
3.020054E+00  2.394E-02
3.020228E+00  4.192E-02
3.020402E+00  3.293E-03
3.020574E+00  1.304E-03
3.020745E+00  9.781E-04
3.020915E+00  1.119E-03
3.021084E+00  1.839E-03
3.021252E+00  5.214E-03
3.021419E+00  1.753E-01
3.021585E+00  9.528E-03
3.021750E+00  1.959E-03
3.021914E+00  9.814E-04
3.022077E+00  8.524E-04
3.022239E+00  1.463E-03
3.022400E+00  1.666E-02
3.022560E+00  3.695E-03
3.022719E+00  6.027E-04
3.022878E+00  2.657E-04
3.023035E+00  1.690E-04
3.023191E+00  1.313E-04
3.023347E+00  1.183E-04
3.023501E+00  1.251E-04
3.023655E+00  1.693E-04
3.023807E+00  3.564E-04
3.023959E+00  1.977E-03
3.024110E+00  2.664E-02
3.024260E+00  1.238E-03
3.024409E+00  5.050E-04
3.024557E+00  3.193E-04
3.024705E+00  2.421E-04
3.024851E+00  2.016E-04
3.024997E+00  1.772E-04
3.025142E+00  1.611E-04
3.025286E+00  1.499E-04
3.025429E+00  1.416E-04
3.025571E+00  1.352E-04
3.025853E+00  1.262E-04
3.026270E+00  1.178E-04
3.026816E+00  1.112E-04
3.027611E+00  1.058E-04
3.029124E+00  9.976E-05
3.029367E+00  9.705E-05
3.029487E+00  9.405E-05
3.029606E+00  8.748E-05
3.029725E+00  6.783E-05
3.029844E+00  2.370E-04
3.029962E+00  1.388E-04
3.030079E+00  1.267E-04
3.030195E+00  1.226E-04
3.030426E+00  1.207E-04
3.030768E+00  1.230E-04
3.031104E+00  1.288E-04
3.031435E+00  1.383E-04
3.031653E+00  1.475E-04
3.031869E+00  1.602E-04
3.031976E+00  1.683E-04
3.032082E+00  1.781E-04
3.032188E+00  1.901E-04
3.032293E+00  2.048E-04
3.032398E+00  2.234E-04
3.032502E+00  2.475E-04
3.032606E+00  2.795E-04
3.032709E+00  3.240E-04
3.032811E+00  3.893E-04
3.032914E+00  4.933E-04
3.033015E+00  6.805E-04
3.033116E+00  1.097E-03
3.033217E+00  2.518E-03
3.033316E+00  2.299E-02
3.033416E+00  1.138E-02
3.033515E+00  2.269E-03
3.033613E+00  2.345E-03
3.033711E+00  6.338E-03
3.033809E+00  2.850E-01
3.033906E+00  1.091E-02
3.034002E+00  2.245E-03
3.034098E+00  9.672E-04
3.034194E+00  5.713E-04
3.034289E+00  4.234E-04
3.034383E+00  4.092E-04
3.034477E+00  7.213E-04
3.034571E+00  6.641E-03
3.034664E+00  2.757E-05
3.034757E+00  2.006E-05
3.034849E+00  3.298E-05
3.034940E+00  4.938E-05
3.035032E+00  7.421E-05
3.035123E+00  1.190E-04
3.035213E+00  2.139E-04
3.035303E+00  4.670E-04
3.035392E+00  1.514E-03
3.035481E+00  2.103E-02
3.035570E+00  9.921E-03
3.035658E+00  1.586E-03
3.035746E+00  6.779E-04
3.035833E+00  3.988E-04
3.035920E+00  2.753E-04
3.036007E+00  2.090E-04
3.036093E+00  1.690E-04
3.036178E+00  1.428E-04
3.036263E+00  1.245E-04
3.036348E+00  1.113E-04
3.036433E+00  1.014E-04
3.036517E+00  9.375E-05
3.036600E+00  8.772E-05
3.036683E+00  8.287E-05
3.036848E+00  7.564E-05
3.037012E+00  7.061E-05
3.037254E+00  6.556E-05
3.037572E+00  6.152E-05
3.037961E+00  5.881E-05
3.038712E+00  5.630E-05
3.038859E+00  5.484E-05
3.038931E+00  5.306E-05
3.039003E+00  4.893E-05
3.039075E+00  4.131E-05
3.039147E+00  1.130E-04
3.039218E+00  7.852E-05
3.039289E+00  7.280E-05
3.039359E+00  7.092E-05
3.039500E+00  7.042E-05
3.039707E+00  7.267E-05
3.039913E+00  7.721E-05
3.040115E+00  8.445E-05
3.040248E+00  9.150E-05
3.040315E+00  9.600E-05
3.040446E+00  1.078E-04
3.040511E+00  1.158E-04
3.040577E+00  1.257E-04
3.040641E+00  1.383E-04
3.040706E+00  1.549E-04
3.040770E+00  1.776E-04
3.040834E+00  2.102E-04
3.040898E+00  2.605E-04
3.040961E+00  3.465E-04
3.041024E+00  5.214E-04
3.041087E+00  1.008E-03
3.041149E+00  3.942E-03
3.041212E+00  9.605E-02
3.041274E+00  2.045E-03
3.041335E+00  1.007E-03
3.041397E+00  1.230E-03
3.041458E+00  2.914E-03
3.041519E+00  3.019E-02
3.041580E+00  1.559E-02
3.041640E+00  2.078E-03
3.041700E+00  8.011E-04
3.041760E+00  4.470E-04
3.041820E+00  3.133E-04
3.041879E+00  2.702E-04
3.041938E+00  3.132E-04
3.041997E+00  8.485E-04
3.042056E+00  6.514E-04
3.042114E+00  2.460E-05
3.042172E+00  3.085E-05
3.042230E+00  5.184E-05
3.042288E+00  8.579E-05
3.042345E+00  1.514E-04
3.042402E+00  3.101E-04
3.042459E+00  8.626E-04
3.042516E+00  5.889E-03
3.042572E+00  2.811E-02
3.042628E+00  1.830E-03
3.042684E+00  6.606E-04
3.042740E+00  3.599E-04
3.042795E+00  2.372E-04
3.042850E+00  1.745E-04
3.042905E+00  1.378E-04
3.042960E+00  1.144E-04
3.043015E+00  9.837E-05
3.043069E+00  8.692E-05
3.043123E+00  7.843E-05
3.043177E+00  7.195E-05
3.043230E+00  6.688E-05
3.043284E+00  6.283E-05
3.043390E+00  5.687E-05
3.043495E+00  5.278E-05
3.043651E+00  4.872E-05
3.043857E+00  4.554E-05
3.044109E+00  4.349E-05
3.044550E+00  4.220E-05
3.044693E+00  4.158E-05
3.044741E+00  4.105E-05
3.044788E+00  4.006E-05
3.044835E+00  3.790E-05
3.044882E+00  3.241E-05
3.044929E+00  2.251E-04
3.044975E+00  6.419E-05
3.045021E+00  5.631E-05
3.045068E+00  5.408E-05
3.045114E+00  5.335E-05
3.045205E+00  5.356E-05
3.045341E+00  5.584E-05
3.045475E+00  5.992E-05
3.045563E+00  6.388E-05
3.045651E+00  6.928E-05
3.045695E+00  7.272E-05
3.045782E+00  8.180E-05
3.045825E+00  8.790E-05
3.045868E+00  9.555E-05
3.045911E+00  1.054E-04
3.045953E+00  1.184E-04
3.045996E+00  1.363E-04
3.046038E+00  1.625E-04
3.046080E+00  2.039E-04
3.046122E+00  2.778E-04
3.046164E+00  4.389E-04
3.046206E+00  9.577E-04
3.046247E+00  6.186E-03
3.046289E+00  9.090E-03
3.046330E+00  1.052E-03
3.046371E+00  6.683E-04
3.046412E+00  8.732E-04
3.046453E+00  2.034E-03
3.046493E+00  1.756E-02
3.046534E+00  1.436E-02
3.046574E+00  1.652E-03
3.046614E+00  6.130E-04
3.046654E+00  3.357E-04
3.046694E+00  2.335E-04
3.046734E+00  2.030E-04
3.046773E+00  2.486E-04
3.046813E+00  1.069E-03
3.046852E+00  1.382E-04
3.046891E+00  1.957E-05
3.046930E+00  2.915E-05
3.046969E+00  4.652E-05
3.047007E+00  7.562E-05
3.047046E+00  1.343E-04
3.047084E+00  2.831E-04
3.047122E+00  8.511E-04
3.047160E+00  8.410E-03
3.047198E+00  1.028E-02
3.047236E+00  1.177E-03
3.047274E+00  4.669E-04
3.047311E+00  2.647E-04
3.047349E+00  1.785E-04
3.047386E+00  1.333E-04
3.047423E+00  1.064E-04
3.047460E+00  8.902E-05
3.047497E+00  7.707E-05
3.047534E+00  6.847E-05
3.047570E+00  6.207E-05
3.047607E+00  5.716E-05
3.047643E+00  5.332E-05
3.047679E+00  5.025E-05
3.047751E+00  4.573E-05
3.047822E+00  4.263E-05
3.047929E+00  3.957E-05
3.048068E+00  3.722E-05
3.048240E+00  3.578E-05
3.048640E+00  3.465E-05
3.048706E+00  3.359E-05
3.048738E+00  3.213E-05
3.048770E+00  2.864E-05
3.048802E+00  8.409E-04
3.048834E+00  6.108E-05
3.048866E+00  4.913E-05
3.048898E+00  4.633E-05
3.048930E+00  4.539E-05
3.048993E+00  4.536E-05
3.049087E+00  4.722E-05
3.049179E+00  5.067E-05
3.049241E+00  5.403E-05
3.049301E+00  5.860E-05
3.049332E+00  6.152E-05
3.049362E+00  6.499E-05
3.049392E+00  6.920E-05
3.049422E+00  7.436E-05
3.049452E+00  8.083E-05
3.049482E+00  8.914E-05
3.049511E+00  1.002E-04
3.049541E+00  1.154E-04
3.049570E+00  1.379E-04
3.049600E+00  1.736E-04
3.049629E+00  2.385E-04
3.049658E+00  3.841E-04
3.049687E+00  8.863E-04
3.049716E+00  7.777E-03
3.049745E+00  4.715E-03
3.049774E+00  7.742E-04
3.049803E+00  5.429E-04
3.049831E+00  7.403E-04
3.049860E+00  1.779E-03
3.049888E+00  1.761E-02
3.049916E+00  9.739E-03
3.049945E+00  1.240E-03
3.049973E+00  4.656E-04
3.050001E+00  2.547E-04
3.050029E+00  1.767E-04
3.050056E+00  1.547E-04
3.050084E+00  2.025E-04
3.050112E+00  2.570E-03
3.050139E+00  3.589E-05
3.050167E+00  1.746E-05
3.050194E+00  2.678E-05
3.050221E+00  4.075E-05
3.050249E+00  6.463E-05
3.050276E+00  1.135E-04
3.050303E+00  2.391E-04
3.050330E+00  7.307E-04
3.050356E+00  9.122E-03
3.050383E+00  1.415E-02
3.050410E+00  1.036E-03
3.050436E+00  3.993E-04
3.050463E+00  2.249E-04
3.050489E+00  1.514E-04
3.050516E+00  1.131E-04
3.050542E+00  9.037E-05
3.050568E+00  7.571E-05
3.050594E+00  6.566E-05
3.050620E+00  5.843E-05
3.050646E+00  5.306E-05
3.050672E+00  4.895E-05
3.050697E+00  4.573E-05
3.050748E+00  4.110E-05
3.050799E+00  3.801E-05
3.050850E+00  3.586E-05
3.050925E+00  3.374E-05
3.051024E+00  3.214E-05
3.051170E+00  3.113E-05
3.051408E+00  3.065E-05
3.051454E+00  2.983E-05
3.051477E+00  2.872E-05
3.051501E+00  2.620E-05
3.051524E+00  4.069E-05
3.051547E+00  6.500E-05
3.051570E+00  4.567E-05
3.051592E+00  4.211E-05
3.051615E+00  4.095E-05
3.051638E+00  4.062E-05
3.051683E+00  4.106E-05
3.051750E+00  4.317E-05
3.051817E+00  4.679E-05
3.051861E+00  5.030E-05
3.051905E+00  5.512E-05
3.051948E+00  6.199E-05
3.051970E+00  6.661E-05
3.051991E+00  7.239E-05
3.052013E+00  7.981E-05
3.052034E+00  8.965E-05
3.052056E+00  1.033E-04
3.052077E+00  1.233E-04
3.052098E+00  1.553E-04
3.052120E+00  2.136E-04
3.052141E+00  3.457E-04
3.052162E+00  8.116E-04
3.052183E+00  8.047E-03
3.052204E+00  3.624E-03
3.052225E+00  6.610E-04
3.052246E+00  4.835E-04
3.052266E+00  6.778E-04
3.052287E+00  1.692E-03
3.052308E+00  2.092E-02
3.052328E+00  6.736E-03
3.052349E+00  9.702E-04
3.052369E+00  3.710E-04
3.052389E+00  2.028E-04
3.052410E+00  1.397E-04
3.052430E+00  1.215E-04
3.052450E+00  1.632E-04
3.052470E+00  1.452E-02
3.052490E+00  1.751E-05
3.052510E+00  1.655E-05
3.052528E+00  2.376E-05
3.057547E+00  1.772E-05
3.062508E+00  1.459E-05
3.070698E+00  1.066E-05
3.078708E+00  8.049E-06
3.086544E+00  6.343E-06
3.094210E+00  5.204E-06
3.101711E+00  4.396E-06
3.109052E+00  3.784E-06
3.116238E+00  3.296E-06
3.123273E+00  2.896E-06
3.130161E+00  2.564E-06
3.136906E+00  2.287E-06
3.143512E+00  2.055E-06
3.149983E+00  1.858E-06
3.156322E+00  1.689E-06
3.168621E+00  1.415E-06
3.180435E+00  1.204E-06
3.191789E+00  1.041E-06
3.202707E+00  9.198E-07
3.213211E+00  8.335E-07
3.223321E+00  7.761E-07
3.233057E+00  7.420E-07
3.242437E+00  7.266E-07
3.255878E+00  7.311E-07
3.268610E+00  7.620E-07
3.280682E+00  8.137E-07
3.295829E+00  9.078E-07
3.309978E+00  1.024E-06
3.326392E+00  1.198E-06
3.338596E+00  1.365E-06
3.347254E+00  1.515E-06
3.355515E+00  1.700E-06
3.360815E+00  1.852E-06
3.365955E+00  2.038E-06
3.370943E+00  2.274E-06
3.373382E+00  2.417E-06
3.375785E+00  2.583E-06
3.378152E+00  2.777E-06
3.380485E+00  3.007E-06
3.382784E+00  3.283E-06
3.385050E+00  3.619E-06
3.387284E+00  4.036E-06
3.389485E+00  4.564E-06
3.391655E+00  5.246E-06
3.393794E+00  6.153E-06
3.395903E+00  7.398E-06
3.397983E+00  9.179E-06
3.400033E+00  1.186E-05
3.402055E+00  1.618E-05
3.404049E+00  2.381E-05
3.406015E+00  3.928E-05
3.407955E+00  7.850E-05
3.409868E+00  2.306E-04
3.411755E+00  1.584E-03
3.413616E+00  5.448E-04
3.415452E+00  1.256E-04
3.417264E+00  5.318E-05
3.419052E+00  2.947E-05
3.420815E+00  1.897E-05
3.422556E+00  1.344E-05
3.424273E+00  1.019E-05
3.425968E+00  8.133E-06
3.427641E+00  6.751E-06
3.429292E+00  5.785E-06
3.430922E+00  5.088E-06
3.432530E+00  4.574E-06
3.434118E+00  4.186E-06
3.435686E+00  3.892E-06
3.437234E+00  3.666E-06
3.438762E+00  3.493E-06
3.441761E+00  3.260E-06
3.444685E+00  3.133E-06
3.448936E+00  3.075E-06
3.453034E+00  3.125E-06
3.456984E+00  3.257E-06
3.462033E+00  3.540E-06
3.466849E+00  3.942E-06
3.471446E+00  4.472E-06
3.474757E+00  4.968E-06
3.477957E+00  5.563E-06
3.481052E+00  6.280E-06
3.484045E+00  7.144E-06
3.486940E+00  8.196E-06
3.489743E+00  9.496E-06
3.491562E+00  1.055E-05
3.493343E+00  1.186E-05
3.494219E+00  1.271E-05
3.495086E+00  1.396E-05
3.495944E+00  1.850E-05
3.496793E+00  1.449E-05
3.497634E+00  1.427E-05
3.500103E+00  1.763E-05
3.501706E+00  2.014E-05
3.503278E+00  2.308E-05
3.504818E+00  2.658E-05
3.506327E+00  3.082E-05
3.507806E+00  3.602E-05
3.508535E+00  3.907E-05
3.509256E+00  4.248E-05
3.509970E+00  4.632E-05
3.510678E+00  5.065E-05
3.511378E+00  5.557E-05
3.512071E+00  6.118E-05
3.512758E+00  6.762E-05
3.513438E+00  7.506E-05
3.514112E+00  8.372E-05
3.514779E+00  9.388E-05
3.515440E+00  1.059E-04
3.516094E+00  1.204E-04
3.516742E+00  1.379E-04
3.517384E+00  1.595E-04
3.518020E+00  1.867E-04
3.518650E+00  2.219E-04
3.519274E+00  2.688E-04
3.519892E+00  3.343E-04
3.520504E+00  4.320E-04
3.521111E+00  5.933E-04
3.521712E+00  9.102E-04
3.522307E+00  1.794E-03
3.522897E+00  1.193E-02
3.523481E+00  1.630E-01
3.524060E+00  2.468E-03
3.524634E+00  1.208E-03
3.525203E+00  1.295E-03
3.525766E+00  1.853E-03
3.526324E+00  3.101E-03
3.526877E+00  6.162E-03
3.527426E+00  1.644E-02
3.527969E+00  8.099E-02
3.528507E+00  9.164E-02
3.529041E+00  1.946E-02
3.529570E+00  7.724E-03
3.530094E+00  4.141E-03
3.530613E+00  2.603E-03
3.531128E+00  1.803E-03
3.531639E+00  1.334E-03
3.532145E+00  1.035E-03
3.532646E+00  8.316E-04
3.533143E+00  6.876E-04
3.533636E+00  5.818E-04
3.534124E+00  5.019E-04
3.534609E+00  4.403E-04
3.535089E+00  3.920E-04
3.535565E+00  3.539E-04
3.536037E+00  3.236E-04
3.536504E+00  2.997E-04
3.536968E+00  2.812E-04
3.537428E+00  2.675E-04
3.537884E+00  2.584E-04
3.538336E+00  2.545E-04
3.538785E+00  2.589E-04
3.539229E+00  3.031E-04
3.539670E+00  2.188E-04
3.540107E+00  2.522E-04
3.540541E+00  2.810E-04
3.540971E+00  3.209E-04
3.541397E+00  3.818E-04
3.541820E+00  4.792E-04
3.542239E+00  6.448E-04
3.542655E+00  9.526E-04
3.543067E+00  1.610E-03
3.543476E+00  3.397E-03
3.543882E+00  1.140E-02
3.544285E+00  1.633E-01
3.544684E+00  2.319E-02
3.545080E+00  5.425E-03
3.545472E+00  2.433E-03
3.545862E+00  1.422E-03
3.546248E+00  9.597E-04
3.546632E+00  7.088E-04
3.547012E+00  5.567E-04
3.547389E+00  4.572E-04
3.547764E+00  3.884E-04
3.548135E+00  3.386E-04
3.548503E+00  3.013E-04
3.548869E+00  2.726E-04
3.549231E+00  2.499E-04
3.549591E+00  2.314E-04
3.550302E+00  2.012E-04
3.550654E+00  1.892E-04
3.551002E+00  2.628E-04
3.551348E+00  2.049E-04
3.551692E+00  1.928E-04
3.552032E+00  1.863E-04
3.552706E+00  1.792E-04
3.553697E+00  1.766E-04
3.554666E+00  1.811E-04
3.555299E+00  1.882E-04
3.555923E+00  1.992E-04
3.556538E+00  2.151E-04
3.557144E+00  2.378E-04
3.557444E+00  2.527E-04
3.557741E+00  2.709E-04
3.558037E+00  2.931E-04
3.558330E+00  3.209E-04
3.558621E+00  3.563E-04
3.558909E+00  4.026E-04
3.559196E+00  4.655E-04
3.559481E+00  5.551E-04
3.559763E+00  6.919E-04
3.560044E+00  9.229E-04
3.560322E+00  1.383E-03
3.560599E+00  2.621E-03
3.560873E+00  9.807E-03
3.561146E+00  1.193E-01
3.561416E+00  2.064E-03
3.561685E+00  3.772E-04
3.561952E+00  1.388E-04
3.562217E+00  1.244E-04
3.562480E+00  1.845E-04
3.562741E+00  3.013E-04
3.563000E+00  5.071E-04
3.563258E+00  9.365E-04
3.563513E+00  2.437E-03
3.563767E+00  3.782E-01
3.564020E+00  5.124E-03
3.564270E+00  2.386E-02
3.564519E+00  1.752E-02
3.564766E+00  4.706E-04
3.565011E+00  1.435E-03
3.565254E+00  1.222E-02
3.565496E+00  3.571E-03
3.565736E+00  1.565E-03
3.565975E+00  8.922E-04
3.566212E+00  5.797E-04
3.566447E+00  4.071E-04
3.566681E+00  3.011E-04
3.566913E+00  2.311E-04
3.567144E+00  1.826E-04
3.567373E+00  1.476E-04
3.567600E+00  1.217E-04
3.567826E+00  1.021E-04
3.568051E+00  8.699E-05
3.568274E+00  7.526E-05
3.568495E+00  6.610E-05
3.568715E+00  5.896E-05
3.568934E+00  5.346E-05
3.569151E+00  4.935E-05
3.569366E+00  4.647E-05
3.569580E+00  4.475E-05
3.569793E+00  4.419E-05
3.570005E+00  4.492E-05
3.570215E+00  4.724E-05
3.570423E+00  5.182E-05
3.570631E+00  6.046E-05
3.570837E+00  8.072E-05
3.571041E+00  2.030E-04
3.571244E+00  3.172E-03
3.571446E+00  3.637E-04
3.571647E+00  4.257E-04
3.571846E+00  8.308E-04
3.572044E+00  3.193E-03
3.572241E+00  2.449E-02
3.572437E+00  1.738E-03
3.572631E+00  4.865E-04
3.572824E+00  2.166E-04
3.573016E+00  1.188E-04
3.573207E+00  7.313E-05
3.573396E+00  4.831E-05
3.573584E+00  3.337E-05
3.573771E+00  2.367E-05
3.573957E+00  1.700E-05
3.574142E+00  1.218E-05
3.574325E+00  8.565E-06
3.574508E+00  5.812E-06
3.574689E+00  3.915E-06
3.574869E+00  3.963E-06
3.575048E+00  1.690E-05
3.575226E+00  1.441E-03
3.575403E+00  1.027E-04
3.575578E+00  3.062E-05
3.575753E+00  1.694E-05
3.575926E+00  1.147E-05
3.576099E+00  8.557E-06
3.576270E+00  6.746E-06
3.576441E+00  5.521E-06
3.576610E+00  4.648E-06
3.576778E+00  4.011E-06
3.576946E+00  3.543E-06
3.577112E+00  3.205E-06
3.577441E+00  2.745E-06
3.577605E+00  3.706E-06
3.577767E+00  3.452E-06
3.577928E+00  3.849E-06
3.578088E+00  4.689E-06
3.578248E+00  6.288E-06
3.578406E+00  9.519E-06
3.578564E+00  1.712E-05
3.578720E+00  4.172E-05
3.578876E+00  2.874E-04
3.579031E+00  9.915E-03
3.579184E+00  2.380E-04
3.579337E+00  6.229E-05
3.579489E+00  3.203E-05
3.579640E+00  2.158E-05
3.579790E+00  1.692E-05
3.579940E+00  1.463E-05
3.580088E+00  1.357E-05
3.580236E+00  1.326E-05
3.580382E+00  1.353E-05
3.580528E+00  1.429E-05
3.580673E+00  1.558E-05
3.580818E+00  1.748E-05
3.580961E+00  2.020E-05
3.581103E+00  2.408E-05
3.581245E+00  2.970E-05
3.581386E+00  3.819E-05
3.581526E+00  5.170E-05
3.581665E+00  7.495E-05
3.581804E+00  1.197E-04
3.581942E+00  2.224E-04
3.582078E+00  5.418E-04
3.582215E+00  2.583E-03
3.582350E+00  2.423E-01
3.582485E+00  2.236E-03
3.582618E+00  7.522E-04
3.582751E+00  4.617E-04
3.582884E+00  4.022E-04
3.583015E+00  4.909E-04
3.583146E+00  9.819E-04
3.583276E+00  7.364E-03
3.583406E+00  7.426E-03
3.583534E+00  1.014E-03
3.583662E+00  5.683E-04
3.583790E+00  6.259E-04
3.583916E+00  1.397E-03
3.584042E+00  1.495E-03
3.584167E+00  2.371E-04
3.584292E+00  7.245E-05
3.584416E+00  3.423E-05
3.584539E+00  2.184E-05
3.584661E+00  1.732E-05
3.584783E+00  1.591E-05
3.584904E+00  1.603E-05
3.585024E+00  1.708E-05
3.585144E+00  1.883E-05
3.585263E+00  2.125E-05
3.585382E+00  2.438E-05
3.585500E+00  2.837E-05
3.585617E+00  3.345E-05
3.585733E+00  4.001E-05
3.585849E+00  4.866E-05
3.585965E+00  6.038E-05
3.586079E+00  7.692E-05
3.586193E+00  1.016E-04
3.586307E+00  1.416E-04
3.586420E+00  2.157E-04
3.586532E+00  3.902E-04
3.586644E+00  1.093E-03
3.586755E+00  3.231E-02
3.586865E+00  2.741E-03
3.586975E+00  1.305E-03
3.587085E+00  2.197E-03
3.587193E+00  9.532E-03
3.587302E+00  6.774E-02
3.587409E+00  4.601E-03
3.587516E+00  1.452E-03
3.587623E+00  7.168E-04
3.587729E+00  4.349E-04
3.587834E+00  2.980E-04
3.587939E+00  2.219E-04
3.588043E+00  1.764E-04
3.588147E+00  1.490E-04
3.588250E+00  1.347E-04
3.588353E+00  1.343E-04
3.588455E+00  1.639E-04
3.588557E+00  4.240E-04
3.588658E+00  2.423E-04
3.588758E+00  7.271E-06
3.588958E+00  1.377E-05
3.589057E+00  1.557E-05
3.589254E+00  1.808E-05
3.589351E+00  2.038E-05
3.589448E+00  2.697E-05
3.589545E+00  1.183E-04
3.589641E+00  9.578E-06
3.589737E+00  1.353E-05
3.589832E+00  2.134E-05
3.589926E+00  4.007E-05
3.590020E+00  1.237E-04
3.590114E+00  2.905E-03
3.590207E+00  5.709E-04
3.590300E+00  2.139E-04
3.590392E+00  7.190E-04
3.590484E+00  1.211E-04
3.590576E+00  1.403E-05
3.590667E+00  7.988E-06
3.590757E+00  7.298E-06
3.590847E+00  7.590E-06
3.590937E+00  8.301E-06
3.591026E+00  9.379E-06
3.591114E+00  1.092E-05
3.591203E+00  1.316E-05
3.591291E+00  1.648E-05
3.591378E+00  2.168E-05
3.591465E+00  3.043E-05
3.591551E+00  4.684E-05
3.591638E+00  8.337E-05
3.591723E+00  1.943E-04
3.591809E+00  9.172E-04
3.591893E+00  2.576E-02
3.591978E+00  5.140E-04
3.592062E+00  1.849E-04
3.592146E+00  2.023E-04
3.592229E+00  4.722E-03
3.592312E+00  3.456E-04
3.592394E+00  8.630E-05
3.592476E+00  4.502E-05
3.592558E+00  3.022E-05
3.592639E+00  2.307E-05
3.592720E+00  1.915E-05
3.592801E+00  1.699E-05
3.592881E+00  1.604E-05
3.592960E+00  1.629E-05
3.593040E+00  1.824E-05
3.593119E+00  2.362E-05
3.593197E+00  3.826E-05
3.593276E+00  8.745E-05
3.593353E+00  3.626E-04
3.593431E+00  1.259E-02
3.593508E+00  2.448E-03
3.593585E+00  8.512E-04
3.593661E+00  7.723E-04
3.593737E+00  1.284E-03
3.593813E+00  4.238E-03
3.593888E+00  1.660E-03
3.593963E+00  3.311E-04
3.594038E+00  1.176E-04
3.594112E+00  5.649E-05
3.594186E+00  3.316E-05
3.594260E+00  2.274E-05
3.594333E+00  1.776E-05
3.594406E+00  1.545E-05
3.594479E+00  1.467E-05
3.594551E+00  1.488E-05
3.594623E+00  1.586E-05
3.594695E+00  1.756E-05
3.594766E+00  2.001E-05
3.594837E+00  2.337E-05
3.594908E+00  2.794E-05
3.594978E+00  3.423E-05
3.595048E+00  4.315E-05
3.595118E+00  5.644E-05
3.595187E+00  7.788E-05
3.595256E+00  1.174E-04
3.595325E+00  2.114E-04
3.595393E+00  6.186E-04
3.595461E+00  5.646E-02
3.595529E+00  1.151E-03
3.595597E+00  7.727E-04
3.595664E+00  1.543E-03
3.595731E+00  8.706E-03
3.595797E+00  2.140E-02
3.595864E+00  2.098E-03
3.595930E+00  7.257E-04
3.595995E+00  3.680E-04
3.596061E+00  2.243E-04
3.596126E+00  1.524E-04
3.596191E+00  1.114E-04
3.596255E+00  8.591E-05
3.596319E+00  6.932E-05
3.596383E+00  5.848E-05
3.596447E+00  5.239E-05
3.596511E+00  5.452E-05
3.596574E+00  6.816E-04
3.596637E+00  1.350E-05
3.596699E+00  1.701E-05
3.596762E+00  1.678E-05
3.596824E+00  1.570E-05
3.596885E+00  1.414E-05
3.596947E+00  1.107E-05
3.597008E+00  1.840E-03
3.597069E+00  2.675E-05
3.597130E+00  2.768E-05
3.597190E+00  5.473E-05
3.597250E+00  2.173E-03
3.597310E+00  4.125E-05
3.597370E+00  2.571E-05
3.597429E+00  2.678E-05
3.597489E+00  3.540E-05
3.597547E+00  6.329E-05
3.597606E+00  2.503E-04
3.597664E+00  1.401E-03
3.597723E+00  4.469E-05
3.597781E+00  1.476E-05
3.597838E+00  2.204E-05
3.597896E+00  4.329E-04
3.597953E+00  4.577E-05
3.598010E+00  8.308E-06
3.598066E+00  3.305E-06
3.598123E+00  1.875E-06
3.598179E+00  1.401E-06
3.598235E+00  1.322E-06
3.598291E+00  1.485E-06
3.598346E+00  1.866E-06
3.598401E+00  2.521E-06
3.598456E+00  3.597E-06
3.598511E+00  5.421E-06
3.598566E+00  8.751E-06
3.598620E+00  1.563E-05
3.598674E+00  3.317E-05
3.598728E+00  1.015E-04
3.598782E+00  1.502E-03
3.598835E+00  1.344E-03
3.598888E+00  1.269E-04
3.598941E+00  4.813E-05
3.598994E+00  2.641E-05
3.599047E+00  1.734E-05
3.599099E+00  1.270E-05
3.599151E+00  1.004E-05
3.599203E+00  8.418E-06
3.599255E+00  7.423E-06
3.599306E+00  6.873E-06
3.599358E+00  6.732E-06
3.599409E+00  7.129E-06
3.599460E+00  8.555E-06
3.599510E+00  1.264E-05
3.599561E+00  2.584E-05
3.599611E+00  8.526E-05
3.599661E+00  7.344E-04
3.599711E+00  8.383E-03
3.599760E+00  7.887E-04
3.599810E+00  5.221E-04
3.599859E+00  6.419E-04
3.599908E+00  1.432E-03
3.599957E+00  5.174E-03
3.600005E+00  9.911E-04
3.600054E+00  2.879E-04
3.600102E+00  9.937E-05
3.600150E+00  5.065E-05
3.600198E+00  3.068E-05
3.600246E+00  2.112E-05
3.600293E+00  1.618E-05
3.600340E+00  1.362E-05
3.600388E+00  1.245E-05
3.600435E+00  1.220E-05
3.600481E+00  1.265E-05
3.600528E+00  1.373E-05
3.600574E+00  1.548E-05
3.600620E+00  1.801E-05
3.600666E+00  2.158E-05
3.600712E+00  2.663E-05
3.600758E+00  3.401E-05
3.600803E+00  4.544E-05
3.600848E+00  6.508E-05
3.600893E+00  1.058E-04
3.600938E+00  2.322E-04
3.600983E+00  1.640E-03
3.601028E+00  2.005E-03
3.601072E+00  5.074E-04
3.601116E+00  6.788E-04
3.601160E+00  1.921E-03
3.601204E+00  2.694E-02
3.601248E+00  5.065E-03
3.601291E+00  9.992E-04
3.601335E+00  4.136E-04
3.601378E+00  2.261E-04
3.601421E+00  1.430E-04
3.601464E+00  9.879E-05
3.601507E+00  7.236E-05
3.601549E+00  5.513E-05
3.601591E+00  4.299E-05
3.601634E+00  3.330E-05
3.601676E+00  1.926E-05
3.601718E+00  3.525E-05
3.601759E+00  2.590E-05
3.601801E+00  2.180E-05
3.601842E+00  1.896E-05
3.601883E+00  1.675E-05
3.601925E+00  1.484E-05
3.601965E+00  1.242E-05
3.602006E+00  5.958E-05
3.602047E+00  2.249E-05
3.602087E+00  3.014E-04
3.602128E+00  2.196E-05
3.602168E+00  1.478E-05
3.602208E+00  1.419E-05
3.602248E+00  1.507E-05
3.602287E+00  1.739E-05
3.602327E+00  2.249E-05
3.602366E+00  3.544E-05
3.602406E+00  8.847E-05
3.602445E+00  2.997E-03
3.602484E+00  8.410E-05
3.602523E+00  1.232E-05
3.602561E+00  5.006E-06
3.602600E+00  6.280E-06
3.602638E+00  2.605E-05
3.602676E+00  8.080E-04
3.602714E+00  1.654E-05
3.602752E+00  4.631E-06
3.602790E+00  2.194E-06
3.602828E+00  1.396E-06
3.602865E+00  1.139E-06
3.602903E+00  1.161E-06
3.602940E+00  1.406E-06
3.602977E+00  1.928E-06
3.603014E+00  2.906E-06
3.603051E+00  4.823E-06
3.603088E+00  9.181E-06
3.603124E+00  2.285E-05
3.603161E+00  1.296E-04
3.603197E+00  7.163E-04
3.603233E+00  9.373E-05
3.603269E+00  1.118E-03
3.603305E+00  2.158E-04
3.603341E+00  4.347E-05
3.603377E+00  2.013E-05
3.603412E+00  1.237E-05
3.603448E+00  8.789E-06
3.603483E+00  6.857E-06
3.603518E+00  5.731E-06
3.603553E+00  5.079E-06
3.603588E+00  4.773E-06
3.603623E+00  4.820E-06
3.603658E+00  5.425E-06
3.603692E+00  7.318E-06
3.603726E+00  1.326E-05
3.603761E+00  3.715E-05
3.603795E+00  2.148E-04
3.603829E+00  3.762E-02
3.603863E+00  7.898E-04
3.603897E+00  3.868E-04
3.603930E+00  3.932E-04
3.603964E+00  6.596E-04
3.603997E+00  2.258E-03
3.604031E+00  2.724E-03
3.604064E+00  4.376E-04
3.604097E+00  3.403E-04
3.604130E+00  7.024E-05
3.604163E+00  3.809E-05
3.604195E+00  2.436E-05
3.604228E+00  1.744E-05
3.604260E+00  1.371E-05
3.604293E+00  1.173E-05
3.604325E+00  1.081E-05
3.604357E+00  1.064E-05
3.604389E+00  1.107E-05
3.604421E+00  1.207E-05
3.604453E+00  1.369E-05
3.604485E+00  1.606E-05
3.604516E+00  1.947E-05
3.604548E+00  2.441E-05
3.604579E+00  3.187E-05
3.604610E+00  4.406E-05
3.604642E+00  6.694E-05
3.604673E+00  1.240E-04
3.604704E+00  4.172E-04
3.604734E+00  4.386E-02
3.604765E+00  5.194E-04
3.604796E+00  4.515E-04
3.604826E+00  9.392E-04
3.604857E+00  5.039E-03
3.604887E+00  1.770E-02
3.604917E+00  1.455E-03
3.604947E+00  4.832E-04
3.604977E+00  2.392E-04
3.605007E+00  1.424E-04
3.605037E+00  9.405E-05
3.605067E+00  6.608E-05
3.605096E+00  4.789E-05
3.605126E+00  3.433E-05
3.605155E+00  2.052E-05
3.605184E+00  3.069E-03
3.605214E+00  4.073E-05
3.605243E+00  2.797E-05
3.605272E+00  2.246E-05
3.605300E+00  1.895E-05
3.605329E+00  1.638E-05
3.605387E+00  1.232E-05
3.605415E+00  3.445E-06
3.605443E+00  3.188E-05
3.605472E+00  2.954E-05
3.605500E+00  1.380E-05
3.605528E+00  1.212E-05
3.605556E+00  1.178E-05
3.605584E+00  1.213E-05
3.605612E+00  1.326E-05
3.605640E+00  1.575E-05
3.605667E+00  2.140E-05
3.605695E+00  3.800E-05
3.605722E+00  1.481E-04
3.605750E+00  6.872E-04
3.605777E+00  2.046E-05
3.605804E+00  4.426E-06
3.605831E+00  2.611E-06
3.605858E+00  4.811E-06
3.605885E+00  2.282E-05
3.605912E+00  6.018E-04
3.605939E+00  1.406E-05
3.605965E+00  4.027E-06
3.605992E+00  1.968E-06
3.606019E+00  1.319E-06
3.606045E+00  1.159E-06
3.606071E+00  1.287E-06
3.606097E+00  1.708E-06
3.606124E+00  2.590E-06
3.606150E+00  4.455E-06
3.606176E+00  9.121E-06
3.606201E+00  2.656E-05
3.606227E+00  2.749E-04
3.606253E+00  2.213E-04
3.606279E+00  4.651E-05
3.606304E+00  8.688E-05
3.606330E+00  4.378E-01
3.606355E+00  8.874E-05
3.606380E+00  2.578E-05
3.606406E+00  1.325E-05
3.606431E+00  8.575E-06
3.606456E+00  6.305E-06
3.606481E+00  5.052E-06
3.606506E+00  4.330E-06
3.606530E+00  3.949E-06
3.606555E+00  3.861E-06
3.606580E+00  4.161E-06
3.606604E+00  5.262E-06
3.606629E+00  8.694E-06
3.606653E+00  2.163E-05
3.606678E+00  1.016E-04
3.606702E+00  3.620E-03
3.606726E+00  8.717E-04
3.606750E+00  3.205E-04
3.606774E+00  2.871E-04
3.606798E+00  4.149E-04
3.606822E+00  1.067E-03
3.606846E+00  4.315E-03
3.606870E+00  7.306E-04
3.606893E+00  1.953E-04
3.606917E+00  1.673E-04
3.606940E+00  4.637E-05
3.606964E+00  2.755E-05
3.606987E+00  1.882E-05
3.607010E+00  1.418E-05
3.607034E+00  1.163E-05
3.607057E+00  1.029E-05
3.607080E+00  9.758E-06
3.607103E+00  9.828E-06
3.607126E+00  1.043E-05
3.607148E+00  1.157E-05
3.607171E+00  1.334E-05
3.607194E+00  1.594E-05
3.607217E+00  1.971E-05
3.607239E+00  2.535E-05
3.607262E+00  3.428E-05
3.607284E+00  5.012E-05
3.607306E+00  8.503E-05
3.607329E+00  2.132E-04
3.607351E+00  4.058E-03
3.607373E+00  7.194E-04
3.607395E+00  3.804E-04
3.607417E+00  6.564E-04
3.607439E+00  2.543E-03
3.607461E+00  4.769E-02
3.607483E+00  1.918E-03
3.607504E+00  5.310E-04
3.607526E+00  2.443E-04
3.607548E+00  1.394E-04
3.607569E+00  8.911E-05
3.607591E+00  6.059E-05
3.607612E+00  4.199E-05
3.607634E+00  2.742E-05
3.607655E+00  1.062E-05
3.607676E+00  3.208E-04
3.607697E+00  4.405E-05
3.607718E+00  2.933E-05
3.607739E+00  2.295E-05
3.607760E+00  1.900E-05
3.607781E+00  1.618E-05
3.607802E+00  1.397E-05
3.607823E+00  1.199E-05
3.607843E+00  7.545E-06
3.607864E+00  8.340E-05
3.607885E+00  1.974E-05
3.607905E+00  1.279E-05
3.607925E+00  1.131E-05
3.607946E+00  1.079E-05
3.607966E+00  1.080E-05
3.607986E+00  1.137E-05
3.608007E+00  1.279E-05
3.608027E+00  1.593E-05
3.608047E+00  2.389E-05
3.608067E+00  5.585E-05
3.608084E+00  5.668E-04
3.609798E+00  2.813E-06
3.616444E+00  2.727E-06
3.621447E+00  2.729E-06
3.626357E+00  2.814E-06
3.629527E+00  2.930E-06
3.632616E+00  3.103E-06
3.635627E+00  3.340E-06
3.638563E+00  3.650E-06
3.641427E+00  4.042E-06
3.644221E+00  4.531E-06
3.646947E+00  5.138E-06
3.649607E+00  5.892E-06
3.652204E+00  6.838E-06
3.653479E+00  7.401E-06
3.654739E+00  8.040E-06
3.655984E+00  8.766E-06
3.657214E+00  9.596E-06
3.658430E+00  1.055E-05
3.659632E+00  1.166E-05
3.660820E+00  1.294E-05
3.661993E+00  1.446E-05
3.663154E+00  1.625E-05
3.664301E+00  1.840E-05
3.665434E+00  2.099E-05
3.666555E+00  2.416E-05
3.667663E+00  2.807E-05
3.668759E+00  3.297E-05
3.669842E+00  3.920E-05
3.670913E+00  4.721E-05
3.671972E+00  5.770E-05
3.673019E+00  7.159E-05
3.674054E+00  9.017E-05
3.675078E+00  1.150E-04
3.676091E+00  1.475E-04
3.677092E+00  1.874E-04
3.678083E+00  2.295E-04
3.679062E+00  2.611E-04
3.680031E+00  2.677E-04
3.680990E+00  2.468E-04
3.682876E+00  1.723E-04
3.683803E+00  1.396E-04
3.684721E+00  1.139E-04
3.685629E+00  9.447E-05
3.686528E+00  7.991E-05
3.687417E+00  6.907E-05
3.688296E+00  6.103E-05
3.689167E+00  5.518E-05
3.690028E+00  5.106E-05
3.690880E+00  4.842E-05
3.691723E+00  4.712E-05
3.692558E+00  4.716E-05
3.693384E+00  4.870E-05
3.694201E+00  5.206E-05
3.695010E+00  5.793E-05
3.695811E+00  6.752E-05
3.696604E+00  8.325E-05
3.697389E+00  1.101E-04
3.698165E+00  1.599E-04
3.698934E+00  2.659E-04
3.699695E+00  5.542E-04
3.700449E+00  1.855E-03
3.701195E+00  1.741E-02
3.701933E+00  2.547E-03
3.702664E+00  6.564E-04
3.703388E+00  2.953E-04
3.704105E+00  1.698E-04
3.704815E+00  1.120E-04
3.705518E+00  8.080E-05
3.706214E+00  6.200E-05
3.706903E+00  4.983E-05
3.707586E+00  4.149E-05
3.708262E+00  3.555E-05
3.708931E+00  3.118E-05
3.709594E+00  2.789E-05
3.710251E+00  2.537E-05
3.710901E+00  2.341E-05
3.711546E+00  2.189E-05
3.712184E+00  2.071E-05
3.712816E+00  1.980E-05
3.714062E+00  1.865E-05
3.715285E+00  1.824E-05
3.716486E+00  1.852E-05
3.717078E+00  1.894E-05
3.717664E+00  1.957E-05
3.718245E+00  2.045E-05
3.718821E+00  2.164E-05
3.719391E+00  2.321E-05
3.719957E+00  2.527E-05
3.720517E+00  2.791E-05
3.721072E+00  3.126E-05
3.722167E+00  3.940E-05
3.722708E+00  4.218E-05
3.723243E+00  4.105E-05
3.723774E+00  3.472E-05
3.724300E+00  2.568E-05
3.724821E+00  1.759E-05
3.725337E+00  1.194E-05
3.725850E+00  8.490E-06
3.726357E+00  6.623E-06
3.726860E+00  6.961E-06
3.727359E+00  4.476E-06
3.727854E+00  4.151E-06
3.728344E+00  4.219E-06
3.728830E+00  4.427E-06
3.729311E+00  4.745E-06
3.729789E+00  5.160E-06
3.730262E+00  5.671E-06
3.730732E+00  6.290E-06
3.731197E+00  7.042E-06
3.731658E+00  7.973E-06
3.732116E+00  9.165E-06
3.732570E+00  1.077E-05
3.733019E+00  1.308E-05
3.733465E+00  1.678E-05
3.733908E+00  2.369E-05
3.734346E+00  4.038E-05
3.734781E+00  1.077E-04
3.735212E+00  1.121E-03
3.735640E+00  1.510E-04
3.736064E+00  3.802E-05
3.736485E+00  2.096E-05
3.736902E+00  1.644E-05
3.737316E+00  1.532E-05
3.737726E+00  1.555E-05
3.738133E+00  1.650E-05
3.738537E+00  1.795E-05
3.738938E+00  1.989E-05
3.739335E+00  2.240E-05
3.739729E+00  2.602E-05
3.740120E+00  3.439E-05
3.740507E+00  1.805E-04
3.740892E+00  5.144E-05
3.741273E+00  4.523E-05
3.741652E+00  4.923E-05
3.742027E+00  5.576E-05
3.742400E+00  6.403E-05
3.742769E+00  7.394E-05
3.743136E+00  8.537E-05
3.743861E+00  1.101E-04
3.744219E+00  1.191E-04
3.744574E+00  1.183E-04
3.744926E+00  9.258E-05
3.745276E+00  1.658E-05
3.745623E+00  6.295E-04
3.745968E+00  3.798E-04
3.746309E+00  2.851E-04
3.746648E+00  2.305E-04
3.746985E+00  1.905E-04
3.747319E+00  1.590E-04
3.747650E+00  1.339E-04
3.747979E+00  1.136E-04
3.748305E+00  9.732E-05
3.748629E+00  8.413E-05
3.748951E+00  7.340E-05
3.749270E+00  6.462E-05
3.749586E+00  5.742E-05
3.749901E+00  5.147E-05
3.750213E+00  4.656E-05
3.750522E+00  4.251E-05
3.750830E+00  3.920E-05
3.751135E+00  3.655E-05
3.751437E+00  3.453E-05
3.751738E+00  3.318E-05
3.752036E+00  3.266E-05
3.752332E+00  3.343E-05
3.752626E+00  3.687E-05
3.752918E+00  4.898E-05
3.753208E+00  1.359E-04
3.753495E+00  1.583E-04
3.753781E+00  2.315E-05
3.754064E+00  1.987E-05
3.754345E+00  2.277E-05
3.754625E+00  2.939E-05
3.754902E+00  4.337E-05
3.755177E+00  7.844E-05
3.755451E+00  2.044E-04
3.755722E+00  1.275E-03
3.755992E+00  1.386E-03
3.756259E+00  2.444E-04
3.756525E+00  1.014E-04
3.756789E+00  5.871E-05
3.757051E+00  4.026E-05
3.757311E+00  3.050E-05
3.757569E+00  2.463E-05
3.757826E+00  2.078E-05
3.758080E+00  1.808E-05
3.758333E+00  1.608E-05
3.758584E+00  1.456E-05
3.758834E+00  1.334E-05
3.759081E+00  1.234E-05
3.759571E+00  1.074E-05
3.760294E+00  8.443E-06
3.760532E+00  1.687E-05
3.760768E+00  1.144E-05
3.761002E+00  1.023E-05
3.761235E+00  9.952E-06
3.761466E+00  2.085E-05
3.761696E+00  2.100E-05
3.761924E+00  2.602E-05
3.762151E+00  1.868E-04
3.762376E+00  2.918E-06
3.762600E+00  3.010E-06
3.762822E+00  5.049E-06
3.763479E+00  5.533E-06
3.764336E+00  5.967E-06
3.764963E+00  6.426E-06
3.765170E+00  6.313E-06
3.765375E+00  5.414E-06
3.765579E+00  3.544E-06
3.765781E+00  2.060E-06
3.765983E+00  1.624E-06
3.766183E+00  1.702E-06
3.766381E+00  1.941E-06
3.766579E+00  2.284E-06
3.766775E+00  2.888E-06
3.766970E+00  4.384E-06
3.767163E+00  9.682E-06
3.767355E+00  3.406E-05
3.767547E+00  3.887E-05
3.767737E+00  1.710E-05
3.767925E+00  1.020E-05
3.768113E+00  7.488E-06
3.768299E+00  6.107E-06
3.768484E+00  5.265E-06
3.768668E+00  4.669E-06
3.769214E+00  3.284E-06
3.769393E+00  2.759E-06
3.769572E+00  2.122E-06
3.769749E+00  1.372E-06
3.769925E+00  1.142E-06
3.770100E+00  1.010E-05
3.770274E+00  1.259E-04
3.770447E+00  1.615E-04
3.770619E+00  5.010E-05
3.770790E+00  3.350E-05
3.770959E+00  2.853E-05
3.771128E+00  2.740E-05
3.771296E+00  2.846E-05
3.771463E+00  3.153E-05
3.771628E+00  3.720E-05
3.771793E+00  4.709E-05
3.771957E+00  6.505E-05
3.772119E+00  1.010E-04
3.772281E+00  1.826E-04
3.772442E+00  3.578E-04
3.772602E+00  3.886E-04
3.772761E+00  2.274E-04
3.772918E+00  3.812E-04
3.773075E+00  2.513E-03
3.773231E+00  2.497E-04
3.773387E+00  9.331E-05
3.773541E+00  5.269E-05
3.773694E+00  3.554E-05
3.773846E+00  2.646E-05
3.773998E+00  2.098E-05
3.774149E+00  1.739E-05
3.774298E+00  1.489E-05
3.774447E+00  1.307E-05
3.774595E+00  1.170E-05
3.774742E+00  1.063E-05
3.774888E+00  9.781E-06
3.775034E+00  9.080E-06
3.775322E+00  7.960E-06
3.775748E+00  6.460E-06
3.775889E+00  5.880E-06
3.776029E+00  5.434E-06
3.776167E+00  8.064E-06
3.776305E+00  1.382E-04
3.776443E+00  9.326E-05
3.776579E+00  4.046E-05
3.776715E+00  3.285E-05
3.776850E+00  3.485E-05
3.776984E+00  4.505E-05
3.777118E+00  7.776E-05
3.777250E+00  2.408E-04
3.777382E+00  3.615E-04
3.777513E+00  5.717E-05
3.777644E+00  1.981E-05
3.777774E+00  1.117E-05
3.777903E+00  8.375E-06
3.778031E+00  7.418E-06
3.778158E+00  7.239E-06
3.778285E+00  7.515E-06
3.778412E+00  8.187E-06
3.778537E+00  9.363E-06
3.778662E+00  1.140E-05
3.778786E+00  1.526E-05
3.778909E+00  2.429E-05
3.779032E+00  5.761E-05
3.779154E+00  5.223E-04
3.779276E+00  7.990E-05
3.779396E+00  2.409E-05
3.779516E+00  1.114E-05
3.779636E+00  9.174E-06
3.779755E+00  1.257E-05
3.779873E+00  2.497E-05
3.779990E+00  7.699E-05
3.780107E+00  7.175E-04
3.780223E+00  5.762E-04
3.780339E+00  1.048E-04
3.780454E+00  4.673E-05
3.780569E+00  2.774E-05
3.780682E+00  1.832E-05
3.780795E+00  1.366E-05
3.780908E+00  1.182E-05
3.781020E+00  1.105E-05
3.781131E+00  1.077E-05
3.781242E+00  1.094E-05
3.781352E+00  1.191E-05
3.781462E+00  1.537E-05
3.781571E+00  3.145E-05
3.781679E+00  4.092E-06
3.781787E+00  2.762E-06
3.781895E+00  3.120E-06
3.782002E+00  9.711E-06
3.782108E+00  4.785E-05
3.782213E+00  1.953E-05
3.782318E+00  1.458E-05
3.782423E+00  1.317E-05
3.782527E+00  1.288E-05
3.782631E+00  1.317E-05
3.782734E+00  1.397E-05
3.782836E+00  1.546E-05
3.782938E+00  1.807E-05
3.783039E+00  2.032E-05
3.783140E+00  1.143E-05
3.783240E+00  9.503E-06
3.783340E+00  1.130E-05
3.783439E+00  1.351E-05
3.783538E+00  1.603E-05
3.783637E+00  1.918E-05
3.783734E+00  2.350E-05
3.783832E+00  3.023E-05
3.783928E+00  4.400E-05
3.784025E+00  9.827E-05
3.784121E+00  6.425E-05
3.784216E+00  6.922E-05
3.784311E+00  7.761E-05
3.784405E+00  2.584E-05
3.784499E+00  1.071E-06
3.784593E+00  1.554E-05
3.784686E+00  5.037E-05
3.784778E+00  1.032E-04
3.784870E+00  2.564E-04
3.784962E+00  8.756E-04
3.785053E+00  2.242E-03
3.785144E+00  4.201E-04
3.785234E+00  9.825E-05
3.785324E+00  3.040E-05
3.785413E+00  1.211E-05
3.785502E+00  7.260E-06
3.785590E+00  6.569E-06
3.785679E+00  7.453E-06
3.785766E+00  1.015E-05
3.785853E+00  2.398E-05
3.785940E+00  5.130E-04
3.786026E+00  7.719E-05
3.786112E+00  4.752E-05
3.786198E+00  5.224E-05
3.786283E+00  6.359E-05
3.786368E+00  5.798E-05
3.786452E+00  3.820E-05
3.786536E+00  2.456E-05
3.786619E+00  1.760E-05
3.786702E+00  1.412E-05
3.786785E+00  1.242E-05
3.786867E+00  1.173E-05
3.786949E+00  1.179E-05
3.787030E+00  1.258E-05
3.787112E+00  1.435E-05
3.787192E+00  1.787E-05
3.787273E+00  2.544E-05
3.787353E+00  4.637E-05
3.787432E+00  1.588E-04
3.787511E+00  5.516E-04
3.787590E+00  8.088E-05
3.787668E+00  1.102E-04
3.787747E+00  2.505E-05
3.787824E+00  4.386E-05
3.787902E+00  6.006E-05
3.787979E+00  2.226E-05
3.788055E+00  1.303E-05
3.788131E+00  9.619E-06
3.788207E+00  8.014E-06
3.788283E+00  7.185E-06
3.788358E+00  6.774E-06
3.788433E+00  6.636E-06
3.788507E+00  6.717E-06
3.788581E+00  7.018E-06
3.788655E+00  7.591E-06
3.788729E+00  8.569E-06
3.788802E+00  1.026E-05
3.788875E+00  1.348E-05
3.788947E+00  2.086E-05
3.789019E+00  4.621E-05
3.789091E+00  2.862E-04
3.789162E+00  9.676E-05
3.789234E+00  2.236E-05
3.789304E+00  8.882E-06
3.789375E+00  6.827E-06
3.789445E+00  7.822E-06
3.789515E+00  1.163E-05
3.789584E+00  2.248E-05
3.789654E+00  6.125E-05
3.789722E+00  3.025E-04
3.789791E+00  5.157E-04
3.789859E+00  1.058E-04
3.789927E+00  4.313E-05
3.789995E+00  2.471E-05
3.790062E+00  1.699E-05
3.790129E+00  1.313E-05
3.790196E+00  1.110E-05
3.790263E+00  1.029E-05
3.790329E+00  1.094E-05
3.790395E+00  1.589E-05
3.790460E+00  3.565E-05
3.790526E+00  2.508E-04
3.790590E+00  4.789E-05
3.790655E+00  1.753E-05
3.790720E+00  1.190E-05
3.790784E+00  9.925E-06
3.790848E+00  9.283E-06
3.790911E+00  1.010E-05
3.790974E+00  1.819E-05
3.791038E+00  1.905E-04
3.791100E+00  1.612E-04
3.791163E+00  8.333E-05
3.791225E+00  1.038E-04
3.791287E+00  1.845E-04
3.791348E+00  9.107E-05
3.791410E+00  2.956E-05
3.791471E+00  1.629E-05
3.791532E+00  1.312E-05
3.791592E+00  1.304E-05
3.791653E+00  1.467E-05
3.791713E+00  1.810E-05
3.791773E+00  2.461E-05
3.791832E+00  3.832E-05
3.791891E+00  7.557E-05
3.791950E+00  2.296E-04
3.792009E+00  1.116E-03
3.792068E+00  4.335E-04
3.792126E+00  1.582E-04
3.792184E+00  5.348E-05
3.792242E+00  2.232E-05
3.792299E+00  1.861E-05
3.792414E+00  2.524E-05
3.792471E+00  3.194E-05
3.792527E+00  3.751E-05
3.792584E+00  4.083E-05
3.792640E+00  4.170E-05
3.792695E+00  4.097E-05
3.792806E+00  3.860E-05
3.792862E+00  3.822E-05
3.792917E+00  3.890E-05
3.792971E+00  4.098E-05
3.793026E+00  4.505E-05
3.793080E+00  5.208E-05
3.793134E+00  6.371E-05
3.793188E+00  8.214E-05
3.793241E+00  1.068E-04
3.793295E+00  1.221E-04
3.793348E+00  1.029E-04
3.793401E+00  5.999E-04
3.793453E+00  5.741E-05
3.793506E+00  3.571E-05
3.793558E+00  2.565E-05
3.793610E+00  2.033E-05
3.793662E+00  1.753E-05
3.793713E+00  1.635E-05
3.793765E+00  1.653E-05
3.793816E+00  1.842E-05
3.793867E+00  2.373E-05
3.793918E+00  4.085E-05
3.793968E+00  1.668E-04
3.794019E+00  3.146E-05
3.794069E+00  1.045E-04
3.794119E+00  3.455E-05
3.794169E+00  7.859E-05
3.794218E+00  1.980E-04
3.794267E+00  5.575E-05
3.794317E+00  2.288E-05
3.794365E+00  1.375E-05
3.794414E+00  1.014E-05
3.794463E+00  8.437E-06
3.794511E+00  7.586E-06
3.794559E+00  7.200E-06
3.794607E+00  7.123E-06
3.794655E+00  7.308E-06
3.794703E+00  7.776E-06
3.794750E+00  8.633E-06
3.794797E+00  1.015E-05
3.794844E+00  1.303E-05
3.794891E+00  1.962E-05
3.794938E+00  4.239E-05
3.794984E+00  2.678E-04
3.795030E+00  6.011E-05
3.795077E+00  1.272E-05
3.795122E+00  7.334E-06
3.795168E+00  7.983E-06
3.795214E+00  1.152E-05
3.795259E+00  1.964E-05
3.795304E+00  4.028E-05
3.795349E+00  1.168E-04
3.795394E+00  5.135E-04
3.795439E+00  2.380E-04
3.795483E+00  7.131E-05
3.795528E+00  3.293E-05
3.795572E+00  1.881E-05
3.795616E+00  1.187E-05
3.795659E+00  7.876E-06
3.795703E+00  6.593E-06
3.795747E+00  2.235E-05
3.795790E+00  3.032E-03
3.795833E+00  1.416E-04
3.795876E+00  7.983E-05
3.795919E+00  2.964E-05
3.795961E+00  2.346E-05
3.796004E+00  2.134E-05
3.796046E+00  2.069E-05
3.796088E+00  2.108E-05
3.796130E+00  2.257E-05
3.796172E+00  2.575E-05
3.796214E+00  3.575E-05
3.796255E+00  4.108E-05
3.796296E+00  6.299E-05
3.796338E+00  1.290E-04
3.796379E+00  4.215E-04
3.796420E+00  3.922E-04
3.796460E+00  9.271E-05
3.796501E+00  3.657E-05
3.796541E+00  2.055E-05
3.796581E+00  1.463E-05
3.796622E+00  1.243E-05
3.796661E+00  1.242E-05
3.796701E+00  1.662E-05
3.796741E+00  6.635E-05
3.796780E+00  1.733E-05
3.796820E+00  2.250E-05
3.796859E+00  4.391E-05
3.796898E+00  1.423E-04
3.796937E+00  7.353E-06
3.796976E+00  1.815E-06
3.797014E+00  5.467E-06
3.797053E+00  1.101E-05
3.797129E+00  2.424E-05
3.797167E+00  3.271E-05
3.797205E+00  4.157E-05
3.797243E+00  4.879E-05
3.797281E+00  5.263E-05
3.797318E+00  5.304E-05
3.797430E+00  4.759E-05
3.797467E+00  4.699E-05
3.797504E+00  4.783E-05
3.797540E+00  5.053E-05
3.797577E+00  5.575E-05
3.797613E+00  6.464E-05
3.797649E+00  7.899E-05
3.797686E+00  1.007E-04
3.797722E+00  1.275E-04
3.797757E+00  1.411E-04
3.797793E+00  1.198E-04
3.797829E+00  8.173E-05
3.797864E+00  5.173E-05
3.797900E+00  7.871E-05
3.797935E+00  2.899E-05
3.797970E+00  2.176E-05
3.798005E+00  1.782E-05
3.798040E+00  1.558E-05
3.798074E+00  1.442E-05
3.798109E+00  1.414E-05
3.798144E+00  1.482E-05
3.798178E+00  1.725E-05
3.798212E+00  2.573E-05
3.798246E+00  1.202E-04
3.798280E+00  5.410E-05
3.798314E+00  1.048E-04
3.798348E+00  3.447E-04
3.798381E+00  1.584E-04
3.798415E+00  4.605E-05
3.798448E+00  2.192E-05
3.798482E+00  1.395E-05
3.798515E+00  1.057E-05
3.798548E+00  8.949E-06
3.798581E+00  8.171E-06
3.798613E+00  7.880E-06
3.798646E+00  7.940E-06
3.798679E+00  8.337E-06
3.798711E+00  9.162E-06
3.798743E+00  1.069E-05
3.798776E+00  1.371E-05
3.798808E+00  2.107E-05
3.798840E+00  5.147E-05
3.798872E+00  3.442E-04
3.798903E+00  2.332E-05
3.798935E+00  7.827E-06
3.798967E+00  7.323E-06
3.798998E+00  1.008E-05
3.799029E+00  1.605E-05
3.799061E+00  2.881E-05
3.799092E+00  6.600E-05
3.799123E+00  2.455E-04
3.799154E+00  3.337E-04
3.799184E+00  8.916E-05
3.799215E+00  3.592E-05
3.799246E+00  1.852E-05
3.799276E+00  1.035E-05
3.799307E+00  5.919E-06
3.799337E+00  1.073E-05
3.799367E+00  8.224E-04
3.799397E+00  1.310E-04
3.799427E+00  5.464E-05
3.799457E+00  4.529E-05
3.799487E+00  5.586E-05
3.799516E+00  1.759E-05
3.799546E+00  1.615E-05
3.799575E+00  1.670E-05
3.799605E+00  1.780E-05
3.799634E+00  1.967E-05
3.799663E+00  2.281E-05
3.799692E+00  2.835E-05
3.799721E+00  3.923E-05
3.799750E+00  6.497E-05
3.799779E+00  1.453E-04
3.799807E+00  6.790E-04
3.799836E+00  4.035E-04
3.799864E+00  8.350E-05
3.799893E+00  3.408E-05
3.799921E+00  1.983E-05
3.799949E+00  1.443E-05
3.799977E+00  1.241E-05
3.800005E+00  1.271E-05
3.800033E+00  2.032E-05
3.800061E+00  2.383E-05
3.800089E+00  1.366E-05
3.800116E+00  1.451E-05
3.800144E+00  1.732E-05
3.800171E+00  3.682E-05
3.800198E+00  1.324E-04
3.800226E+00  3.702E-05
3.800253E+00  4.728E-06
3.800280E+00  4.459E-06
3.800307E+00  2.018E-05
3.800334E+00  1.499E-05
3.800361E+00  2.155E-05
3.800387E+00  2.993E-05
3.800414E+00  3.913E-05
3.800440E+00  4.732E-05
3.800467E+00  5.253E-05
3.800493E+00  5.416E-05
3.800520E+00  5.328E-05
3.800572E+00  4.987E-05
3.800598E+00  4.926E-05
3.800624E+00  5.006E-05
3.800650E+00  5.274E-05
3.800675E+00  5.795E-05
3.800701E+00  6.677E-05
3.800727E+00  8.088E-05
3.800752E+00  1.020E-04
3.800778E+00  1.279E-04
3.800803E+00  1.425E-04
3.800828E+00  1.246E-04
3.800854E+00  8.836E-05
3.800879E+00  5.872E-05
3.800904E+00  4.098E-05
3.800929E+00  2.503E-05
3.800953E+00  2.044E-05
3.800978E+00  1.674E-05
3.801003E+00  1.425E-05
3.801028E+00  1.256E-05
3.801077E+00  9.972E-06
3.801101E+00  7.844E-06
3.801125E+00  2.657E-05
3.801150E+00  1.042E-04
3.801174E+00  1.032E-04
3.801198E+00  1.917E-04
3.801222E+00  5.368E-04
3.801246E+00  1.887E-04
3.801270E+00  5.435E-05
3.801293E+00  2.526E-05
3.801317E+00  1.566E-05
3.801341E+00  1.164E-05
3.801364E+00  9.745E-06
3.801388E+00  8.848E-06
3.801411E+00  8.526E-06
3.801434E+00  8.623E-06
3.801458E+00  9.133E-06
3.801481E+00  1.020E-05
3.801504E+00  1.229E-05
3.801527E+00  1.694E-05
3.801550E+00  3.185E-05
3.801573E+00  1.745E-04
3.801596E+00  3.576E-05
3.801618E+00  7.708E-06
3.801641E+00  6.783E-06
3.801664E+00  9.265E-06
3.801686E+00  1.438E-05
3.801709E+00  2.460E-05
3.801731E+00  5.104E-05
3.801753E+00  1.665E-04
3.801776E+00  2.821E-04
3.801798E+00  7.830E-05
3.801820E+00  3.019E-05
3.801842E+00  1.484E-05
3.801864E+00  7.805E-06
3.801886E+00  5.024E-06
3.801908E+00  2.846E-05
3.801930E+00  1.029E-03
3.801951E+00  8.216E-05
3.801973E+00  4.386E-05
3.801994E+00  3.615E-05
3.802016E+00  4.305E-05
3.802037E+00  3.219E-05
3.802059E+00  1.374E-05
3.802080E+00  1.421E-05
3.802101E+00  1.557E-05
3.802123E+00  1.755E-05
3.802144E+00  2.071E-05
3.802165E+00  2.624E-05
3.802186E+00  3.732E-05
3.802207E+00  6.534E-05
3.802228E+00  1.790E-04
3.802248E+00  1.139E-03
3.802269E+00  2.006E-04
3.802290E+00  4.974E-05
3.802310E+00  2.268E-05
3.802331E+00  1.418E-05
3.802351E+00  1.079E-05
3.802372E+00  9.374E-06
3.802392E+00  8.965E-06
3.802413E+00  9.629E-06
3.802433E+00  1.168E-05
3.802453E+00  1.066E-05
3.802473E+00  1.181E-05
3.802493E+00  1.550E-05
3.802513E+00  2.228E-05
3.802529E+00  3.370E-05
3.812499E+00  2.336E-06
3.862509E+00  2.637E-06
3.912509E+00  3.296E-06
3.962509E+00  3.579E-06
4.012509E+00  3.547E-06
4.062509E+00  3.142E-06
4.112509E+00  2.770E-06
4.162509E+00  2.482E-06
4.212509E+00  2.427E-06
4.312509E+00  2.790E-06
4.362509E+00  2.907E-06
4.412509E+00  2.651E-06
4.462509E+00  2.129E-06
4.512509E+00  1.645E-06
4.562509E+00  1.347E-06
4.612509E+00  1.336E-06
4.662509E+00  1.553E-06
4.712509E+00  1.805E-06
4.762509E+00  1.843E-06
4.812508E+00  1.563E-06
4.862508E+00  1.155E-06
4.912508E+00  8.571E-07
4.962508E+00  7.869E-07
5.012508E+00  9.836E-07
5.062508E+00  1.334E-06
5.112508E+00  1.567E-06
5.162508E+00  1.495E-06
5.212508E+00  1.160E-06
5.262508E+00  7.630E-07
5.312508E+00  5.485E-07
5.362508E+00  6.829E-07
5.412508E+00  1.128E-06
5.462508E+00  1.652E-06
5.512508E+00  1.977E-06
5.562508E+00  1.931E-06
5.612508E+00  1.513E-06
5.662508E+00  9.150E-07
5.712508E+00  4.384E-07
5.762508E+00  3.218E-07
5.812508E+00  5.906E-07
5.862508E+00  1.055E-06
5.912508E+00  1.431E-06
5.962508E+00  1.497E-06
6.012508E+00  1.200E-06
6.062508E+00  7.017E-07
6.112508E+00  2.963E-07
6.162508E+00  2.555E-07
6.212508E+00  6.709E-07
6.312508E+00  2.134E-06
6.362508E+00  2.542E-06
6.412508E+00  2.427E-06
6.462508E+00  1.831E-06
6.512508E+00  1.022E-06
6.562508E+00  3.686E-07
6.612508E+00  1.567E-07
6.662508E+00  4.545E-07
6.762508E+00  1.718E-06
6.812508E+00  2.025E-06
6.862508E+00  1.844E-06
6.912508E+00  1.255E-06
6.962508E+00  5.547E-07
7.012508E+00  1.134E-07
7.062508E+00  2.031E-07
7.112508E+00  8.632E-07
7.162508E+00  1.873E-06
7.212508E+00  2.844E-06
7.262508E+00  3.380E-06
7.312508E+00  3.257E-06
7.362508E+00  2.519E-06
7.412508E+00  1.469E-06
7.462508E+00  5.363E-07
7.512508E+00  1.008E-07
7.562508E+00  3.265E-07
7.612508E+00  1.096E-06
7.662508E+00  2.064E-06
7.712508E+00  2.799E-06
7.762508E+00  2.976E-06
7.812508E+00  2.507E-06
7.862508E+00  1.589E-06
7.912508E+00  6.266E-07
7.962508E+00  6.331E-08
8.012508E+00  1.982E-07
8.062508E+00  1.056E-06
8.162508E+00  3.670E-06
8.212508E+00  4.489E-06
8.262508E+00  4.513E-06
8.312508E+00  3.730E-06
8.362508E+00  2.427E-06
8.412508E+00  1.090E-06
8.462508E+00  2.207E-07
8.512508E+00  1.449E-07
8.562508E+00  8.875E-07
8.612508E+00  2.161E-06
8.662508E+00  3.475E-06
8.712508E+00  4.322E-06
8.762508E+00  4.370E-06
8.812508E+00  3.594E-06
8.862508E+00  2.283E-06
8.912508E+00  9.441E-07
8.962508E+00  1.119E-07
9.012508E+00  1.559E-07
9.062508E+00  1.139E-06
9.112508E+00  2.783E-06
9.162508E+00  4.567E-06
9.212508E+00  5.893E-06
9.262508E+00  6.312E-06
9.312508E+00  5.675E-06
9.362508E+00  4.191E-06
9.412508E+00  2.366E-06
9.462508E+00  8.201E-07
9.512508E+00  8.678E-08
9.562508E+00  4.248E-07
9.612508E+00  1.730E-06
9.662508E+00  3.568E-06
9.712508E+00  5.317E-06
9.762508E+00  6.381E-06
9.812508E+00  6.391E-06
9.862508E+00  5.329E-06
9.912508E+00  3.557E-06
9.962508E+00  1.673E-06
1.001251E+01  3.422E-07
1.052586E+01  2.945E-07
1.106554E+01  2.535E-07
1.163288E+01  2.182E-07
1.222931E+01  1.878E-07
1.285633E+01  1.616E-07
1.351549E+01  1.391E-07
1.420844E+01  1.197E-07
1.493693E+01  1.031E-07
1.570277E+01  8.871E-08
1.650787E+01  7.635E-08
1.735425E+01  6.572E-08
1.824402E+01  5.656E-08
1.917941E+01  4.869E-08
2.016277E+01  4.190E-08
2.119654E+01  3.607E-08
2.228332E+01  3.104E-08
2.342581E+01  2.672E-08
2.462688E+01  2.300E-08
2.588953E+01  1.979E-08
2.721692E+01  1.704E-08
2.861237E+01  1.466E-08
3.007936E+01  1.262E-08
3.162157E+01  1.086E-08
3.324285E+01  9.350E-09
3.494725E+01  8.048E-09
3.673905E+01  6.927E-09
3.862270E+01  5.962E-09
