# photon energy(Ry), cross section(Mb)
6.454531E-02  4.169E+01
6.654531E-02  3.909E+01
6.854531E-02  3.671E+01
7.054531E-02  3.453E+01
7.254531E-02  3.253E+01
7.454531E-02  3.068E+01
7.654531E-02  2.898E+01
7.854531E-02  2.740E+01
8.054531E-02  2.595E+01
8.254531E-02  2.459E+01
8.454531E-02  2.334E+01
8.654531E-02  2.217E+01
8.854531E-02  2.108E+01
9.054531E-02  2.006E+01
9.254531E-02  1.911E+01
9.454531E-02  1.822E+01
9.654531E-02  1.739E+01
9.854531E-02  1.661E+01
1.005453E-01  1.587E+01
1.025453E-01  1.518E+01
1.045453E-01  1.454E+01
1.065453E-01  1.392E+01
1.085453E-01  1.335E+01
1.105453E-01  1.280E+01
1.125453E-01  1.229E+01
1.145453E-01  1.180E+01
1.165453E-01  1.135E+01
1.185453E-01  1.091E+01
1.205453E-01  1.050E+01
1.225453E-01  1.011E+01
1.245453E-01  9.735E+00
1.265453E-01  9.382E+00
1.285453E-01  9.047E+00
1.305453E-01  8.728E+00
1.325453E-01  8.424E+00
1.345453E-01  8.134E+00
1.365453E-01  7.859E+00
1.385453E-01  7.595E+00
1.405453E-01  7.344E+00
1.425453E-01  7.104E+00
1.445453E-01  6.875E+00
1.465453E-01  6.656E+00
1.485453E-01  6.446E+00
1.505453E-01  6.245E+00
1.525453E-01  6.053E+00
1.545453E-01  5.869E+00
1.565453E-01  5.692E+00
1.585453E-01  5.523E+00
1.605453E-01  5.360E+00
1.625453E-01  5.204E+00
1.645453E-01  5.054E+00
1.665453E-01  4.910E+00
1.685453E-01  4.771E+00
1.705453E-01  4.637E+00
1.725453E-01  4.509E+00
1.745453E-01  4.385E+00
1.765453E-01  4.266E+00
1.785453E-01  4.152E+00
1.805453E-01  4.041E+00
1.825453E-01  3.934E+00
1.845453E-01  3.831E+00
1.865453E-01  3.732E+00
1.885453E-01  3.636E+00
1.905453E-01  3.544E+00
1.925453E-01  3.454E+00
1.945453E-01  3.368E+00
1.965453E-01  3.284E+00
1.985453E-01  3.203E+00
2.005453E-01  3.125E+00
2.025453E-01  3.049E+00
2.045453E-01  2.976E+00
2.065453E-01  2.905E+00
2.085453E-01  2.837E+00
2.105453E-01  2.770E+00
2.125453E-01  2.706E+00
2.145453E-01  2.643E+00
2.165453E-01  2.583E+00
2.185453E-01  2.524E+00
2.205453E-01  2.467E+00
2.225453E-01  2.412E+00
2.245453E-01  2.359E+00
2.265453E-01  2.307E+00
2.285453E-01  2.256E+00
2.305453E-01  2.207E+00
2.325453E-01  2.160E+00
2.345453E-01  2.113E+00
2.365453E-01  2.069E+00
2.385453E-01  2.025E+00
2.405453E-01  1.982E+00
2.425453E-01  1.941E+00
2.445453E-01  1.901E+00
2.465453E-01  1.862E+00
2.485453E-01  1.824E+00
2.505453E-01  1.787E+00
2.525453E-01  1.752E+00
2.545453E-01  1.717E+00
2.565453E-01  1.683E+00
2.585453E-01  1.650E+00
2.605453E-01  1.617E+00
2.625453E-01  1.586E+00
2.645453E-01  1.556E+00
2.665453E-01  1.526E+00
2.685453E-01  1.497E+00
2.705453E-01  1.469E+00
2.725453E-01  1.441E+00
2.745453E-01  1.414E+00
2.765453E-01  1.388E+00
2.785453E-01  1.363E+00
2.805453E-01  1.338E+00
2.825453E-01  1.313E+00
2.845453E-01  1.290E+00
2.865453E-01  1.267E+00
2.885453E-01  1.244E+00
2.905453E-01  1.222E+00
2.925453E-01  1.201E+00
2.945453E-01  1.180E+00
2.965453E-01  1.159E+00
2.985453E-01  1.139E+00
3.005453E-01  1.120E+00
3.025453E-01  1.100E+00
3.045453E-01  1.082E+00
3.065453E-01  1.064E+00
3.085453E-01  1.046E+00
3.105453E-01  1.028E+00
3.125453E-01  1.011E+00
3.145453E-01  9.946E-01
3.165453E-01  9.783E-01
3.185453E-01  9.624E-01
3.205453E-01  9.468E-01
3.225453E-01  9.316E-01
3.245453E-01  9.166E-01
3.265453E-01  9.020E-01
3.285453E-01  8.877E-01
3.305453E-01  8.737E-01
3.325453E-01  8.601E-01
3.345453E-01  8.466E-01
3.365453E-01  8.335E-01
3.385453E-01  8.206E-01
3.405453E-01  8.080E-01
3.425453E-01  7.957E-01
3.445453E-01  7.836E-01
3.465453E-01  7.717E-01
3.485453E-01  7.601E-01
3.505453E-01  7.487E-01
3.525453E-01  7.376E-01
3.545453E-01  7.266E-01
3.565453E-01  7.159E-01
3.585453E-01  7.054E-01
3.605453E-01  6.951E-01
3.625453E-01  6.849E-01
3.645453E-01  6.750E-01
3.665453E-01  6.653E-01
3.685453E-01  6.557E-01
3.705453E-01  6.464E-01
3.725453E-01  6.372E-01
3.745453E-01  6.281E-01
3.765453E-01  6.193E-01
3.785453E-01  6.106E-01
3.805453E-01  6.020E-01
3.825453E-01  5.937E-01
3.845453E-01  5.854E-01
3.865453E-01  5.774E-01
3.885453E-01  5.694E-01
3.905453E-01  5.616E-01
3.925453E-01  5.540E-01
3.945453E-01  5.465E-01
3.965453E-01  5.391E-01
3.985453E-01  5.319E-01
4.005453E-01  5.247E-01
4.025453E-01  5.177E-01
4.045453E-01  5.109E-01
4.065453E-01  5.041E-01
4.085453E-01  4.975E-01
4.105453E-01  4.910E-01
4.125453E-01  4.845E-01
4.145453E-01  4.782E-01
4.165453E-01  4.721E-01
4.185453E-01  4.660E-01
4.205453E-01  4.600E-01
4.225453E-01  4.541E-01
4.245453E-01  4.483E-01
4.265453E-01  4.426E-01
4.285453E-01  4.370E-01
4.305453E-01  4.315E-01
4.325453E-01  4.261E-01
4.345453E-01  4.208E-01
4.365453E-01  4.156E-01
4.385453E-01  4.104E-01
4.405453E-01  4.054E-01
4.425453E-01  4.004E-01
4.445453E-01  3.955E-01
4.465453E-01  3.907E-01
4.485453E-01  3.860E-01
4.505453E-01  3.813E-01
4.525453E-01  3.767E-01
4.545453E-01  3.722E-01
4.565453E-01  3.678E-01
4.585453E-01  3.634E-01
4.605453E-01  3.591E-01
4.625453E-01  3.548E-01
4.645453E-01  3.507E-01
4.665453E-01  3.466E-01
4.685453E-01  3.425E-01
4.705453E-01  3.386E-01
4.725453E-01  3.346E-01
4.745453E-01  3.308E-01
4.765453E-01  3.270E-01
4.785453E-01  3.233E-01
4.805453E-01  3.196E-01
4.825453E-01  3.160E-01
4.845453E-01  3.124E-01
4.865453E-01  3.089E-01
4.885453E-01  3.054E-01
4.905453E-01  3.020E-01
4.925453E-01  2.986E-01
4.945453E-01  2.953E-01
4.965453E-01  2.921E-01
4.985453E-01  2.889E-01
5.005453E-01  2.857E-01
5.025453E-01  2.826E-01
5.045453E-01  2.795E-01
5.065453E-01  2.765E-01
5.085453E-01  2.735E-01
5.105453E-01  2.705E-01
5.125453E-01  2.676E-01
5.145453E-01  2.648E-01
5.165453E-01  2.620E-01
5.185453E-01  2.592E-01
5.205453E-01  2.564E-01
5.225453E-01  2.537E-01
5.245453E-01  2.511E-01
5.265453E-01  2.484E-01
5.285453E-01  2.459E-01
5.305453E-01  2.433E-01
5.325453E-01  2.408E-01
5.345453E-01  2.383E-01
5.365453E-01  2.358E-01
5.385453E-01  2.334E-01
5.405453E-01  2.310E-01
5.425453E-01  2.287E-01
5.445453E-01  2.264E-01
5.465453E-01  2.241E-01
5.485453E-01  2.218E-01
5.505453E-01  2.196E-01
5.525453E-01  2.174E-01
5.545453E-01  2.152E-01
5.565453E-01  2.131E-01
5.585453E-01  2.110E-01
5.605453E-01  2.089E-01
5.625453E-01  2.068E-01
5.645453E-01  2.048E-01
5.665453E-01  2.028E-01
5.685453E-01  2.008E-01
5.705453E-01  1.988E-01
5.725453E-01  1.969E-01
5.745453E-01  1.950E-01
5.765453E-01  1.931E-01
5.785453E-01  1.912E-01
5.805453E-01  1.894E-01
5.825453E-01  1.876E-01
5.845453E-01  1.858E-01
5.865453E-01  1.840E-01
5.885453E-01  1.823E-01
5.905453E-01  1.805E-01
5.925453E-01  1.788E-01
5.945453E-01  1.772E-01
5.965453E-01  1.755E-01
5.985453E-01  1.739E-01
6.005453E-01  1.722E-01
6.025453E-01  1.706E-01
6.045453E-01  1.690E-01
6.065453E-01  1.675E-01
6.085453E-01  1.659E-01
6.105453E-01  1.644E-01
6.125453E-01  1.629E-01
6.145453E-01  1.614E-01
6.165453E-01  1.599E-01
6.185453E-01  1.585E-01
6.205453E-01  1.570E-01
6.225453E-01  1.556E-01
6.245453E-01  1.542E-01
6.265453E-01  1.528E-01
6.285453E-01  1.515E-01
6.305453E-01  1.501E-01
6.325453E-01  1.488E-01
6.345453E-01  1.474E-01
6.365453E-01  1.461E-01
6.385453E-01  1.448E-01
6.405453E-01  1.436E-01
6.425453E-01  1.423E-01
6.445453E-01  1.410E-01
6.465453E-01  1.398E-01
6.485453E-01  1.386E-01
6.505453E-01  1.374E-01
6.525453E-01  1.362E-01
6.545453E-01  1.350E-01
6.565453E-01  1.339E-01
6.585453E-01  1.327E-01
6.605453E-01  1.316E-01
6.625453E-01  1.304E-01
6.645453E-01  1.293E-01
6.665453E-01  1.282E-01
6.685453E-01  1.271E-01
6.705453E-01  1.261E-01
6.725453E-01  1.250E-01
6.745453E-01  1.239E-01
6.765453E-01  1.229E-01
6.785453E-01  1.219E-01
6.805453E-01  1.209E-01
6.825453E-01  1.199E-01
6.845453E-01  1.189E-01
6.865453E-01  1.179E-01
6.885453E-01  1.169E-01
6.905453E-01  1.159E-01
6.925453E-01  1.150E-01
6.945453E-01  1.141E-01
6.965453E-01  1.131E-01
6.985453E-01  1.122E-01
7.005453E-01  1.113E-01
7.025453E-01  1.104E-01
7.045453E-01  1.095E-01
7.065453E-01  1.086E-01
7.085453E-01  1.077E-01
7.105453E-01  1.069E-01
7.125453E-01  1.060E-01
7.145453E-01  1.052E-01
7.165453E-01  1.044E-01
7.185453E-01  1.035E-01
7.205453E-01  1.027E-01
7.225453E-01  1.019E-01
7.245453E-01  1.011E-01
7.265453E-01  1.003E-01
7.285453E-01  9.953E-02
7.305453E-01  9.875E-02
7.325453E-01  9.799E-02
7.345453E-01  9.723E-02
7.365453E-01  9.648E-02
7.385453E-01  9.573E-02
7.405453E-01  9.500E-02
7.425453E-01  9.427E-02
7.445453E-01  9.355E-02
7.465453E-01  9.283E-02
7.485453E-01  9.213E-02
7.505453E-01  9.143E-02
7.525453E-01  9.073E-02
7.545453E-01  9.005E-02
7.565453E-01  8.937E-02
7.585453E-01  8.870E-02
7.605453E-01  8.803E-02
7.625453E-01  8.737E-02
7.645453E-01  8.672E-02
7.665453E-01  8.608E-02
7.685453E-01  8.544E-02
7.705453E-01  8.480E-02
7.725453E-01  8.418E-02
7.745453E-01  8.356E-02
7.765453E-01  8.294E-02
7.785453E-01  8.233E-02
7.805453E-01  8.173E-02
7.825453E-01  8.113E-02
7.845453E-01  8.054E-02
7.865453E-01  7.995E-02
7.885453E-01  7.937E-02
7.905453E-01  7.879E-02
7.925453E-01  7.822E-02
7.945453E-01  7.766E-02
7.965453E-01  7.710E-02
7.985453E-01  7.654E-02
8.005453E-01  7.599E-02
8.025453E-01  7.545E-02
8.045453E-01  7.491E-02
8.065453E-01  7.438E-02
8.085453E-01  7.385E-02
8.105453E-01  7.332E-02
8.125453E-01  7.280E-02
8.145453E-01  7.229E-02
8.165453E-01  7.177E-02
8.185453E-01  7.127E-02
8.205453E-01  7.077E-02
8.225453E-01  7.027E-02
8.245453E-01  6.978E-02
8.265453E-01  6.929E-02
8.285453E-01  6.880E-02
8.305453E-01  6.832E-02
8.325453E-01  6.785E-02
8.345453E-01  6.738E-02
8.365453E-01  6.691E-02
8.385453E-01  6.644E-02
8.405453E-01  6.599E-02
8.425453E-01  6.553E-02
8.445453E-01  6.508E-02
8.465453E-01  6.463E-02
8.485453E-01  6.419E-02
8.505453E-01  6.375E-02
8.525453E-01  6.331E-02
8.545453E-01  6.288E-02
8.565453E-01  6.245E-02
8.585453E-01  6.203E-02
8.605453E-01  6.160E-02
8.625453E-01  6.119E-02
8.645453E-01  6.077E-02
8.665453E-01  6.036E-02
8.685453E-01  5.995E-02
8.705453E-01  5.955E-02
8.725453E-01  5.915E-02
8.745453E-01  5.875E-02
8.765453E-01  5.836E-02
8.785453E-01  5.797E-02
8.805453E-01  5.758E-02
8.825453E-01  5.720E-02
8.845453E-01  5.682E-02
8.865453E-01  5.644E-02
8.885453E-01  5.607E-02
8.905453E-01  5.570E-02
8.925453E-01  5.533E-02
8.945453E-01  5.497E-02
8.965453E-01  5.461E-02
8.985453E-01  5.425E-02
9.005453E-01  5.389E-02
9.025453E-01  5.354E-02
9.045453E-01  5.319E-02
9.065453E-01  5.285E-02
9.085453E-01  5.250E-02
9.105453E-01  5.216E-02
9.125453E-01  5.182E-02
9.145453E-01  5.149E-02
9.165453E-01  5.116E-02
9.185453E-01  5.083E-02
9.205453E-01  5.050E-02
9.225453E-01  5.018E-02
9.245453E-01  4.986E-02
9.265453E-01  4.954E-02
9.285453E-01  4.923E-02
9.305453E-01  4.892E-02
9.325453E-01  4.861E-02
9.345453E-01  4.830E-02
9.365453E-01  4.799E-02
9.385453E-01  4.769E-02
9.405453E-01  4.739E-02
9.425453E-01  4.710E-02
9.445453E-01  4.680E-02
9.465453E-01  4.651E-02
9.485453E-01  4.622E-02
9.505453E-01  4.594E-02
9.525453E-01  4.565E-02
9.545453E-01  4.537E-02
9.565453E-01  4.509E-02
9.585453E-01  4.481E-02
9.605453E-01  4.454E-02
9.625453E-01  4.427E-02
9.645453E-01  4.400E-02
9.665453E-01  4.373E-02
9.685453E-01  4.346E-02
9.705453E-01  4.320E-02
9.725453E-01  4.294E-02
9.745453E-01  4.268E-02
9.765453E-01  4.243E-02
9.785453E-01  4.217E-02
9.805453E-01  4.192E-02
9.825453E-01  4.167E-02
9.845453E-01  4.142E-02
9.865453E-01  4.118E-02
9.885453E-01  4.093E-02
9.905453E-01  4.069E-02
9.925453E-01  4.045E-02
9.945453E-01  4.021E-02
9.965453E-01  3.998E-02
9.985453E-01  3.974E-02
1.000545E+00  3.951E-02
1.002545E+00  3.928E-02
1.004545E+00  3.905E-02
1.006545E+00  3.883E-02
1.008545E+00  3.860E-02
1.010545E+00  3.838E-02
1.012545E+00  3.816E-02
1.014545E+00  3.794E-02
1.016545E+00  3.773E-02
1.018545E+00  3.751E-02
1.020545E+00  3.730E-02
1.022545E+00  3.709E-02
1.024545E+00  3.688E-02
1.026545E+00  3.667E-02
1.028545E+00  3.646E-02
1.030545E+00  3.626E-02
1.032545E+00  3.605E-02
1.034545E+00  3.585E-02
1.036545E+00  3.565E-02
1.038545E+00  3.545E-02
1.040545E+00  3.525E-02
1.042545E+00  3.506E-02
1.044545E+00  3.486E-02
1.046545E+00  3.467E-02
1.048545E+00  3.448E-02
1.050545E+00  3.429E-02
1.052545E+00  3.410E-02
1.054545E+00  3.391E-02
1.056545E+00  3.373E-02
1.058545E+00  3.354E-02
1.060545E+00  3.336E-02
1.062545E+00  3.318E-02
1.064545E+00  3.300E-02
1.066545E+00  3.282E-02
1.068545E+00  3.264E-02
1.070545E+00  3.247E-02
1.072545E+00  3.229E-02
1.074545E+00  3.212E-02
1.076545E+00  3.195E-02
1.078545E+00  3.177E-02
1.080545E+00  3.160E-02
1.082545E+00  3.143E-02
1.084545E+00  3.127E-02
1.086545E+00  3.110E-02
1.088545E+00  3.093E-02
1.090545E+00  3.077E-02
1.092545E+00  3.061E-02
1.094545E+00  3.044E-02
1.096545E+00  3.028E-02
1.098545E+00  3.012E-02
1.100545E+00  2.996E-02
1.102545E+00  2.980E-02
1.104545E+00  2.965E-02
1.106545E+00  2.949E-02
1.108545E+00  2.934E-02
1.110545E+00  2.918E-02
1.112545E+00  2.903E-02
1.114545E+00  2.888E-02
1.116545E+00  2.873E-02
1.118545E+00  2.857E-02
1.120545E+00  2.843E-02
1.122545E+00  2.828E-02
1.124545E+00  2.813E-02
1.126545E+00  2.798E-02
1.128545E+00  2.784E-02
1.130545E+00  2.769E-02
1.132545E+00  2.755E-02
1.134545E+00  2.740E-02
1.136545E+00  2.726E-02
1.138545E+00  2.712E-02
1.140545E+00  2.698E-02
1.142545E+00  2.684E-02
1.144545E+00  2.670E-02
1.146545E+00  2.656E-02
1.148545E+00  2.642E-02
1.150545E+00  2.629E-02
1.152545E+00  2.615E-02
1.154545E+00  2.602E-02
1.156545E+00  2.588E-02
1.158545E+00  2.575E-02
1.160545E+00  2.562E-02
1.162545E+00  2.548E-02
1.164545E+00  2.535E-02
1.166545E+00  2.522E-02
1.168545E+00  2.509E-02
1.170545E+00  2.496E-02
1.172545E+00  2.484E-02
1.174545E+00  2.471E-02
1.176545E+00  2.458E-02
1.178545E+00  2.445E-02
1.180545E+00  2.433E-02
1.182545E+00  2.420E-02
1.184545E+00  2.408E-02
1.186545E+00  2.396E-02
1.188545E+00  2.383E-02
1.190545E+00  2.371E-02
1.192545E+00  2.359E-02
1.194545E+00  2.347E-02
1.196545E+00  2.335E-02
1.198545E+00  2.323E-02
1.200545E+00  2.311E-02
1.202545E+00  2.300E-02
1.204545E+00  2.288E-02
1.206545E+00  2.276E-02
1.208545E+00  2.265E-02
1.210545E+00  2.253E-02
1.212545E+00  2.242E-02
1.214545E+00  2.230E-02
1.216545E+00  2.219E-02
1.218545E+00  2.208E-02
1.220545E+00  2.197E-02
1.222545E+00  2.186E-02
1.224545E+00  2.175E-02
1.226545E+00  2.164E-02
1.228545E+00  2.153E-02
1.230545E+00  2.142E-02
1.232545E+00  2.131E-02
1.234545E+00  2.120E-02
1.236545E+00  2.110E-02
1.238545E+00  2.099E-02
1.240545E+00  2.089E-02
1.242545E+00  2.078E-02
1.244545E+00  2.068E-02
1.246545E+00  2.057E-02
1.248545E+00  2.047E-02
1.250545E+00  2.037E-02
1.252545E+00  2.027E-02
1.254545E+00  2.017E-02
1.256545E+00  2.007E-02
1.258545E+00  1.997E-02
1.260545E+00  1.987E-02
1.262545E+00  1.977E-02
1.264545E+00  1.968E-02
1.266545E+00  1.958E-02
1.268545E+00  1.948E-02
1.270545E+00  1.939E-02
1.272545E+00  1.929E-02
1.274545E+00  1.920E-02
1.276545E+00  1.911E-02
1.278545E+00  1.901E-02
1.280545E+00  1.892E-02
1.282545E+00  1.883E-02
1.284545E+00  1.874E-02
1.286545E+00  1.865E-02
1.288545E+00  1.856E-02
1.290545E+00  1.847E-02
1.292545E+00  1.838E-02
1.294545E+00  1.829E-02
1.296545E+00  1.821E-02
1.298545E+00  1.812E-02
1.300545E+00  1.803E-02
1.302545E+00  1.795E-02
1.304545E+00  1.786E-02
1.306545E+00  1.778E-02
1.308545E+00  1.770E-02
1.310545E+00  1.761E-02
1.312545E+00  1.753E-02
1.314545E+00  1.745E-02
1.316545E+00  1.737E-02
1.318545E+00  1.729E-02
1.320545E+00  1.721E-02
1.322545E+00  1.713E-02
1.324545E+00  1.705E-02
1.326545E+00  1.697E-02
1.328545E+00  1.689E-02
1.330545E+00  1.682E-02
1.332545E+00  1.674E-02
1.334545E+00  1.666E-02
1.336545E+00  1.659E-02
1.338545E+00  1.651E-02
1.340545E+00  1.644E-02
1.342545E+00  1.637E-02
1.344545E+00  1.629E-02
1.346545E+00  1.622E-02
1.348545E+00  1.615E-02
1.350545E+00  1.608E-02
1.352545E+00  1.601E-02
1.354545E+00  1.594E-02
1.356545E+00  1.587E-02
1.358545E+00  1.580E-02
1.360545E+00  1.573E-02
1.362545E+00  1.566E-02
1.364545E+00  1.559E-02
1.366545E+00  1.552E-02
1.368545E+00  1.546E-02
1.370545E+00  1.539E-02
1.372545E+00  1.532E-02
1.374545E+00  1.526E-02
1.376545E+00  1.519E-02
1.378545E+00  1.513E-02
1.380545E+00  1.506E-02
1.382545E+00  1.500E-02
1.384545E+00  1.494E-02
1.386545E+00  1.488E-02
1.388545E+00  1.481E-02
1.390545E+00  1.475E-02
1.392545E+00  1.469E-02
1.394545E+00  1.463E-02
1.396545E+00  1.457E-02
1.398545E+00  1.451E-02
1.400545E+00  1.445E-02
1.402545E+00  1.439E-02
1.404545E+00  1.433E-02
1.406545E+00  1.427E-02
1.408545E+00  1.421E-02
1.410545E+00  1.416E-02
1.412545E+00  1.410E-02
1.414545E+00  1.404E-02
1.416545E+00  1.398E-02
1.418545E+00  1.393E-02
1.420545E+00  1.387E-02
1.422545E+00  1.382E-02
1.424545E+00  1.376E-02
1.426545E+00  1.371E-02
1.428545E+00  1.365E-02
1.430545E+00  1.360E-02
1.432545E+00  1.354E-02
1.434545E+00  1.349E-02
1.436545E+00  1.344E-02
1.438545E+00  1.338E-02
1.440545E+00  1.333E-02
1.442545E+00  1.328E-02
1.444545E+00  1.322E-02
1.446545E+00  1.317E-02
1.448545E+00  1.312E-02
1.450545E+00  1.307E-02
1.452545E+00  1.302E-02
1.454545E+00  1.297E-02
1.456545E+00  1.292E-02
1.458545E+00  1.287E-02
1.460545E+00  1.282E-02
1.462545E+00  1.277E-02
1.464545E+00  1.272E-02
1.466545E+00  1.267E-02
1.468545E+00  1.262E-02
1.470545E+00  1.257E-02
1.472545E+00  1.252E-02
1.474545E+00  1.247E-02
1.476545E+00  1.242E-02
1.478545E+00  1.238E-02
1.480545E+00  1.233E-02
1.482545E+00  1.228E-02
1.484545E+00  1.223E-02
1.486545E+00  1.219E-02
1.488545E+00  1.214E-02
1.490545E+00  1.209E-02
1.492545E+00  1.205E-02
1.494545E+00  1.200E-02
1.496545E+00  1.195E-02
1.498545E+00  1.191E-02
1.500545E+00  1.186E-02
1.502545E+00  1.181E-02
1.504545E+00  1.177E-02
1.506545E+00  1.172E-02
1.508545E+00  1.168E-02
1.510545E+00  1.163E-02
1.512545E+00  1.159E-02
1.514545E+00  1.154E-02
1.516545E+00  1.150E-02
1.518545E+00  1.145E-02
1.520545E+00  1.141E-02
1.522545E+00  1.137E-02
1.524545E+00  1.132E-02
1.526545E+00  1.128E-02
1.528545E+00  1.123E-02
1.530545E+00  1.119E-02
1.532545E+00  1.115E-02
1.534545E+00  1.110E-02
1.536545E+00  1.106E-02
1.538545E+00  1.102E-02
1.540545E+00  1.097E-02
1.542545E+00  1.093E-02
1.544545E+00  1.089E-02
1.546545E+00  1.084E-02
1.548545E+00  1.080E-02
1.550545E+00  1.076E-02
1.552545E+00  1.072E-02
1.554545E+00  1.067E-02
1.556545E+00  1.063E-02
1.558545E+00  1.059E-02
1.560545E+00  1.055E-02
1.562545E+00  1.051E-02
1.564545E+00  1.047E-02
1.566545E+00  1.042E-02
1.568545E+00  1.038E-02
1.570545E+00  1.034E-02
1.572545E+00  1.030E-02
1.574545E+00  1.026E-02
1.576545E+00  1.022E-02
1.578545E+00  1.018E-02
1.580545E+00  1.014E-02
1.582545E+00  1.010E-02
1.584545E+00  1.006E-02
1.586545E+00  1.002E-02
1.588545E+00  9.976E-03
1.590545E+00  9.937E-03
1.592545E+00  9.897E-03
1.594545E+00  9.857E-03
1.596545E+00  9.817E-03
1.598545E+00  9.778E-03
1.600545E+00  9.739E-03
1.602545E+00  9.699E-03
1.604545E+00  9.660E-03
1.606545E+00  9.621E-03
1.608545E+00  9.582E-03
1.610545E+00  9.544E-03
1.612545E+00  9.505E-03
1.614545E+00  9.467E-03
1.616545E+00  9.429E-03
1.618545E+00  9.390E-03
1.620545E+00  9.352E-03
1.622545E+00  9.315E-03
1.624545E+00  9.277E-03
1.626545E+00  9.239E-03
1.628545E+00  9.202E-03
1.630545E+00  9.165E-03
1.632545E+00  9.128E-03
1.634545E+00  9.091E-03
1.636545E+00  9.054E-03
1.638545E+00  9.017E-03
1.640545E+00  8.981E-03
1.642545E+00  8.944E-03
1.644545E+00  8.908E-03
1.646545E+00  8.872E-03
1.648545E+00  8.836E-03
1.650545E+00  8.801E-03
1.652545E+00  8.765E-03
1.654545E+00  8.730E-03
1.656545E+00  8.695E-03
1.658545E+00  8.660E-03
1.660545E+00  8.625E-03
1.662545E+00  8.590E-03
1.664545E+00  8.556E-03
1.666545E+00  8.521E-03
1.668545E+00  8.487E-03
1.670545E+00  8.453E-03
1.672545E+00  8.419E-03
1.674545E+00  8.386E-03
1.676545E+00  8.352E-03
1.678545E+00  8.319E-03
1.680545E+00  8.286E-03
1.682545E+00  8.253E-03
1.684545E+00  8.220E-03
1.686545E+00  8.188E-03
1.688545E+00  8.155E-03
1.690545E+00  8.123E-03
1.692545E+00  8.091E-03
1.694545E+00  8.060E-03
1.696545E+00  8.028E-03
1.698545E+00  7.997E-03
1.700545E+00  7.966E-03
1.702545E+00  7.935E-03
1.704545E+00  7.904E-03
1.706545E+00  7.873E-03
1.708545E+00  7.843E-03
1.710545E+00  7.813E-03
1.712545E+00  7.783E-03
1.714545E+00  7.753E-03
1.716545E+00  7.723E-03
1.718545E+00  7.694E-03
1.720545E+00  7.665E-03
1.722545E+00  7.636E-03
1.724545E+00  7.607E-03
1.726545E+00  7.578E-03
1.728545E+00  7.550E-03
1.730545E+00  7.522E-03
1.732545E+00  7.494E-03
1.734545E+00  7.466E-03
1.736545E+00  7.438E-03
1.738545E+00  7.411E-03
1.740545E+00  7.384E-03
1.742545E+00  7.357E-03
1.744545E+00  7.330E-03
1.746545E+00  7.303E-03
1.748545E+00  7.277E-03
1.750545E+00  7.251E-03
1.752545E+00  7.225E-03
1.754545E+00  7.199E-03
1.756545E+00  7.173E-03
1.758545E+00  7.148E-03
1.760545E+00  7.123E-03
1.762545E+00  7.098E-03
1.764545E+00  7.073E-03
1.766545E+00  7.048E-03
1.768545E+00  7.024E-03
1.770545E+00  6.999E-03
1.772545E+00  6.975E-03
1.774545E+00  6.951E-03
1.776545E+00  6.928E-03
1.778545E+00  6.904E-03
1.780545E+00  6.881E-03
1.782545E+00  6.858E-03
1.784545E+00  6.835E-03
1.786545E+00  6.812E-03
1.788545E+00  6.789E-03
1.790545E+00  6.767E-03
1.792545E+00  6.745E-03
1.794545E+00  6.723E-03
1.796545E+00  6.701E-03
1.798545E+00  6.679E-03
1.800545E+00  6.657E-03
1.802545E+00  6.636E-03
1.804545E+00  6.615E-03
1.806545E+00  6.594E-03
1.808545E+00  6.573E-03
1.810545E+00  6.552E-03
1.812545E+00  6.531E-03
1.814545E+00  6.511E-03
1.816545E+00  6.490E-03
1.818545E+00  6.470E-03
1.820545E+00  6.450E-03
1.822545E+00  6.430E-03
1.824545E+00  6.411E-03
1.826545E+00  6.391E-03
1.828545E+00  6.372E-03
1.830545E+00  6.352E-03
1.832545E+00  6.333E-03
1.834545E+00  6.314E-03
1.836545E+00  6.295E-03
1.838545E+00  6.276E-03
1.840545E+00  6.258E-03
1.842545E+00  6.239E-03
1.844545E+00  6.221E-03
1.846545E+00  6.203E-03
1.848545E+00  6.184E-03
1.850545E+00  6.166E-03
1.852545E+00  6.148E-03
1.854545E+00  6.130E-03
1.856545E+00  6.113E-03
1.858545E+00  6.095E-03
1.860545E+00  6.078E-03
1.862545E+00  6.060E-03
1.864545E+00  6.043E-03
1.866545E+00  6.026E-03
1.868545E+00  6.008E-03
1.870545E+00  5.991E-03
1.872545E+00  5.974E-03
1.874545E+00  5.957E-03
1.876545E+00  5.941E-03
1.878545E+00  5.924E-03
1.880545E+00  5.907E-03
1.882545E+00  5.891E-03
1.884545E+00  5.874E-03
1.886545E+00  5.858E-03
1.888545E+00  5.841E-03
1.890545E+00  5.825E-03
1.892545E+00  5.809E-03
1.894545E+00  5.793E-03
1.896545E+00  5.777E-03
1.898545E+00  5.761E-03
1.900545E+00  5.745E-03
1.902545E+00  5.729E-03
1.904545E+00  5.713E-03
1.906545E+00  5.697E-03
1.908545E+00  5.681E-03
1.910545E+00  5.665E-03
1.912545E+00  5.650E-03
1.914545E+00  5.634E-03
1.916545E+00  5.618E-03
1.918545E+00  5.603E-03
1.920545E+00  5.587E-03
1.922545E+00  5.572E-03
1.924545E+00  5.556E-03
1.926545E+00  5.541E-03
1.928545E+00  5.526E-03
1.930545E+00  5.510E-03
1.932545E+00  5.495E-03
1.934545E+00  5.480E-03
1.936545E+00  5.464E-03
1.938545E+00  5.449E-03
1.940545E+00  5.434E-03
1.942545E+00  5.418E-03
1.944545E+00  5.403E-03
1.946545E+00  5.388E-03
1.948545E+00  5.373E-03
1.950545E+00  5.358E-03
1.952545E+00  5.343E-03
1.954545E+00  5.327E-03
1.956545E+00  5.312E-03
1.958545E+00  5.297E-03
1.960545E+00  5.282E-03
1.962545E+00  5.267E-03
1.964545E+00  5.252E-03
1.966545E+00  5.237E-03
1.968545E+00  5.222E-03
1.970545E+00  5.206E-03
1.972545E+00  5.191E-03
1.974545E+00  5.176E-03
1.976545E+00  5.161E-03
1.978545E+00  5.146E-03
1.980545E+00  5.131E-03
1.982545E+00  5.116E-03
1.984545E+00  5.101E-03
1.986545E+00  5.086E-03
1.988545E+00  5.071E-03
1.990545E+00  5.055E-03
1.992545E+00  5.040E-03
1.994545E+00  5.025E-03
1.996545E+00  5.010E-03
1.998545E+00  4.995E-03
2.000545E+00  4.980E-03
2.002545E+00  4.965E-03
2.004545E+00  4.950E-03
2.006545E+00  4.935E-03
2.008545E+00  4.920E-03
2.010545E+00  4.904E-03
2.012545E+00  4.889E-03
2.014545E+00  4.874E-03
2.016545E+00  4.859E-03
2.018545E+00  4.844E-03
2.020545E+00  4.829E-03
2.022545E+00  4.814E-03
2.024545E+00  4.799E-03
2.026545E+00  4.783E-03
2.028545E+00  4.768E-03
2.030545E+00  4.753E-03
2.032545E+00  4.738E-03
2.034545E+00  4.723E-03
2.036545E+00  4.708E-03
2.038545E+00  4.693E-03
2.040545E+00  4.677E-03
2.042545E+00  4.662E-03
2.044545E+00  4.647E-03
2.046545E+00  4.632E-03
2.048545E+00  4.617E-03
2.050545E+00  4.602E-03
2.052545E+00  4.587E-03
2.054545E+00  4.572E-03
2.056545E+00  4.556E-03
2.058545E+00  4.541E-03
2.060545E+00  4.526E-03
2.062545E+00  4.511E-03
2.074545E+00  4.421E-03
2.093947E+00  4.277E-03
2.182904E+00  3.671E-03
2.260169E+00  3.265E-03
2.340188E+00  2.975E-03
2.543130E+00  2.420E-03
2.720440E+00  1.844E-03
2.785967E+00  1.688E-03
2.818152E+00  1.652E-03
2.832192E+00  1.669E-03
2.840896E+00  1.724E-03
2.845066E+00  1.788E-03
2.847107E+00  1.841E-03
2.849120E+00  1.922E-03
2.851105E+00  2.054E-03
2.853062E+00  2.297E-03
2.854993E+00  2.847E-03
2.856898E+00  4.776E-03
2.858777E+00  4.018E-02
2.860630E+00  7.705E-03
2.862459E+00  1.919E-03
2.864262E+00  1.432E-03
2.866042E+00  1.337E-03
2.867799E+00  1.318E-03
2.874596E+00  1.348E-03
2.882608E+00  1.412E-03
2.885671E+00  1.453E-03
2.888658E+00  1.525E-03
2.890124E+00  1.586E-03
2.891571E+00  1.681E-03
2.893000E+00  1.853E-03
2.894412E+00  2.240E-03
2.895806E+00  3.800E-03
2.897183E+00  2.626E-02
2.898544E+00  2.390E-04
2.899887E+00  5.750E-04
2.901215E+00  7.419E-04
2.902527E+00  8.351E-04
2.903823E+00  8.927E-04
2.905103E+00  9.307E-04
2.907618E+00  9.744E-04
2.911281E+00  1.000E-03
2.917107E+00  9.957E-04
2.922607E+00  9.583E-04
2.926789E+00  9.069E-04
2.929804E+00  8.516E-04
2.932722E+00  7.743E-04
2.934615E+00  7.034E-04
2.935547E+00  6.596E-04
2.936468E+00  6.085E-04
2.937379E+00  5.486E-04
2.938281E+00  4.786E-04
2.940056E+00  3.241E-04
2.940929E+00  3.187E-04
2.941794E+00  8.114E-04
2.942649E+00  7.633E-03
2.943495E+00  3.737E-01
2.944333E+00  1.388E-02
2.945162E+00  6.367E+00
2.945982E+00  3.744E-03
2.946794E+00  2.975E-03
2.947598E+00  2.561E-03
2.948393E+00  2.304E-03
2.949181E+00  2.130E-03
2.949960E+00  2.008E-03
2.950731E+00  1.921E-03
2.952251E+00  1.812E-03
2.953741E+00  1.764E-03
2.955201E+00  1.765E-03
2.956632E+00  1.816E-03
2.957338E+00  1.865E-03
2.958036E+00  1.934E-03
2.958727E+00  2.029E-03
2.959412E+00  2.157E-03
2.960090E+00  2.330E-03
2.960762E+00  2.568E-03
2.961427E+00  2.900E-03
2.962086E+00  3.380E-03
2.962738E+00  4.100E-03
2.963385E+00  5.246E-03
2.964025E+00  7.224E-03
2.964659E+00  1.108E-02
2.965287E+00  2.024E-02
2.965909E+00  5.205E-02
2.966526E+00  3.884E-01
2.967136E+00  6.339E-01
2.967741E+00  5.827E-02
2.968341E+00  2.040E-02
2.968934E+00  1.045E-02
2.969523E+00  6.450E-03
2.970106E+00  4.460E-03
2.970683E+00  3.330E-03
2.971255E+00  2.627E-03
2.971822E+00  2.161E-03
2.972384E+00  1.837E-03
2.972941E+00  1.604E-03
2.973493E+00  1.433E-03
2.974040E+00  1.306E-03
2.974581E+00  1.211E-03
2.975118E+00  1.144E-03
2.975651E+00  1.101E-03
2.976178E+00  1.080E-03
2.976701E+00  1.085E-03
2.977219E+00  1.121E-03
2.977733E+00  1.203E-03
2.978242E+00  1.354E-03
2.978747E+00  1.631E-03
2.979247E+00  2.167E-03
2.979743E+00  3.346E-03
2.980234E+00  6.714E-03
2.980721E+00  2.453E-02
2.981204E+00  6.962E+01
2.981683E+00  2.598E-02
2.982158E+00  6.736E-03
2.982629E+00  3.272E-03
2.983096E+00  2.088E-03
2.983558E+00  1.563E-03
2.984017E+00  1.301E-03
2.984472E+00  1.169E-03
2.984923E+00  1.111E-03
2.985370E+00  1.104E-03
2.985814E+00  1.134E-03
2.986254E+00  1.197E-03
2.986690E+00  1.292E-03
2.987122E+00  1.418E-03
2.987551E+00  1.579E-03
2.987976E+00  1.779E-03
2.988398E+00  2.025E-03
2.988817E+00  2.323E-03
2.989231E+00  2.685E-03
2.989643E+00  3.123E-03
2.990051E+00  3.656E-03
2.990456E+00  4.304E-03
2.990857E+00  5.098E-03
2.991256E+00  6.075E-03
2.991651E+00  7.285E-03
2.992043E+00  8.798E-03
2.992431E+00  1.071E-02
2.992817E+00  1.315E-02
2.993199E+00  1.632E-02
2.993579E+00  2.050E-02
2.993955E+00  2.612E-02
2.994329E+00  3.386E-02
2.994699E+00  4.485E-02
2.995067E+00  6.105E-02
2.995431E+00  8.609E-02
2.995793E+00  1.273E-01
2.996152E+00  2.014E-01
2.996508E+00  3.528E-01
2.996862E+00  7.353E-01
2.997212E+00  2.199E+00
2.997560E+00  2.341E+01
2.997906E+00  1.755E+01
2.998248E+00  2.279E+00
2.998588E+00  8.827E-01
2.998925E+00  4.862E-01
2.999260E+00  3.700E-01
2.999592E+00  5.957E+00
2.999922E+00  2.266E-01
3.000249E+00  1.479E-01
3.000574E+00  1.146E-01
3.000896E+00  9.404E-02
3.001216E+00  7.971E-02
3.001533E+00  6.914E-02
3.001848E+00  6.106E-02
3.002161E+00  5.472E-02
3.002471E+00  4.966E-02
3.002779E+00  4.558E-02
3.003085E+00  4.226E-02
3.003389E+00  3.955E-02
3.003690E+00  3.736E-02
3.003989E+00  3.562E-02
3.004286E+00  3.429E-02
3.004580E+00  3.337E-02
3.004873E+00  3.289E-02
3.005163E+00  3.290E-02
3.005451E+00  3.360E-02
3.005738E+00  3.558E-02
3.006022E+00  3.409E-02
3.006304E+00  4.079E-02
3.006584E+00  4.917E-02
3.006862E+00  6.505E-02
3.007138E+00  1.007E-01
3.007412E+00  2.080E-01
3.007684E+00  8.753E-01
3.007954E+00  4.134E+01
3.008222E+00  5.170E-01
3.008488E+00  1.536E-01
3.008753E+00  7.791E-02
3.009015E+00  5.022E-02
3.009276E+00  3.704E-02
3.009535E+00  2.970E-02
3.009792E+00  2.516E-02
3.010047E+00  2.213E-02
3.010300E+00  1.998E-02
3.010552E+00  1.839E-02
3.010802E+00  1.716E-02
3.011050E+00  1.617E-02
3.011541E+00  1.468E-02
3.012266E+00  1.308E-02
3.013209E+00  1.125E-02
3.013440E+00  1.070E-02
3.013671E+00  1.002E-02
3.013899E+00  9.114E-03
3.014126E+00  7.737E-03
3.014352E+00  5.290E-03
3.014576E+00  7.855E-04
3.014799E+00  1.982E-01
3.015020E+00  3.074E-02
3.015239E+00  2.178E-02
3.015457E+00  1.880E-02
3.015674E+00  1.733E-02
3.015889E+00  1.649E-02
3.016103E+00  1.596E-02
3.016527E+00  1.539E-02
3.017152E+00  1.520E-02
3.017764E+00  1.551E-02
3.018365E+00  1.626E-02
3.018955E+00  1.757E-02
3.019342E+00  1.892E-02
3.019723E+00  2.083E-02
3.019912E+00  2.211E-02
3.020100E+00  2.367E-02
3.020287E+00  2.563E-02
3.020473E+00  2.814E-02
3.020657E+00  3.142E-02
3.020840E+00  3.586E-02
3.021022E+00  4.213E-02
3.021203E+00  5.151E-02
3.021383E+00  6.669E-02
3.021562E+00  9.432E-02
3.021739E+00  1.551E-01
3.021916E+00  3.480E-01
3.022091E+00  2.098E+00
3.022266E+00  3.625E+00
3.022439E+00  2.469E-01
3.022611E+00  2.356E-01
3.022782E+00  3.208E-02
3.022952E+00  1.260E-02
3.023121E+00  5.798E-03
3.023290E+00  2.752E-03
3.023457E+00  1.291E-03
3.023623E+00  5.915E-04
3.023788E+00  2.860E-04
3.023952E+00  1.933E-04
3.024115E+00  2.180E-04
3.024277E+00  3.072E-04
3.024438E+00  4.304E-04
3.024915E+00  8.515E-04
3.025072E+00  9.814E-04
3.025229E+00  1.096E-03
3.025384E+00  1.188E-03
3.025538E+00  1.242E-03
3.025692E+00  1.230E-03
3.025845E+00  1.060E-03
3.025996E+00  3.701E-04
3.026147E+00  1.797E-02
3.026297E+00  4.172E-03
3.026446E+00  3.425E-03
3.026595E+00  3.244E-03
3.026742E+00  3.214E-03
3.026889E+00  3.249E-03
3.027179E+00  3.434E-03
3.027323E+00  3.583E-03
3.027466E+00  3.789E-03
3.027608E+00  4.091E-03
3.027750E+00  4.575E-03
3.027891E+00  5.452E-03
3.028031E+00  7.335E-03
3.028170E+00  1.266E-02
3.028308E+00  3.926E-02
3.028445E+00  2.989E+00
3.028582E+00  7.719E-02
3.028718E+00  2.146E-02
3.028853E+00  1.220E-02
3.028988E+00  9.032E-03
3.029121E+00  7.585E-03
3.029254E+00  6.815E-03
3.029387E+00  6.371E-03
3.029518E+00  6.105E-03
3.029649E+00  5.945E-03
3.029908E+00  5.814E-03
3.030291E+00  5.884E-03
3.030668E+00  6.183E-03
3.030916E+00  6.543E-03
3.031039E+00  6.804E-03
3.031161E+00  7.152E-03
3.031283E+00  7.648E-03
3.031404E+00  8.421E-03
3.031524E+00  9.829E-03
3.031644E+00  1.331E-02
3.031763E+00  3.481E-02
3.031881E+00  6.297E-03
3.031999E+00  1.142E-03
3.032116E+00  2.669E-03
3.032232E+00  3.575E-03
3.032348E+00  4.179E-03
3.032463E+00  4.630E-03
3.032692E+00  5.321E-03
3.033253E+00  6.770E-03
3.033582E+00  7.814E-03
3.033799E+00  8.717E-03
3.034013E+00  9.910E-03
3.034120E+00  1.067E-02
3.034225E+00  1.159E-02
3.034331E+00  1.273E-02
3.034435E+00  1.417E-02
3.034540E+00  1.604E-02
3.034643E+00  1.857E-02
3.034746E+00  2.216E-02
3.034849E+00  2.756E-02
3.034951E+00  3.644E-02
3.035052E+00  5.302E-02
3.035153E+00  9.121E-02
3.035254E+00  2.252E-01
3.035354E+00  2.145E+00
3.035453E+00  9.479E-01
3.035552E+00  1.162E-01
3.035651E+00  3.202E-02
3.035749E+00  1.272E-02
3.035846E+00  5.799E-03
3.035943E+00  2.817E-03
3.036040E+00  1.404E-03
3.036136E+00  7.108E-04
3.036231E+00  3.765E-04
3.036326E+00  2.327E-04
3.036421E+00  1.936E-04
3.036515E+00  2.124E-04
3.036608E+00  2.626E-04
3.036701E+00  3.281E-04
3.036886E+00  4.673E-04
3.036978E+00  5.273E-04
3.037069E+00  5.721E-04
3.037160E+00  5.918E-04
3.037250E+00  5.685E-04
3.037340E+00  4.644E-04
3.037430E+00  1.964E-04
3.037519E+00  1.882E-03
3.037607E+00  8.004E-03
3.037696E+00  3.426E-03
3.037783E+00  2.719E-03
3.037871E+00  2.483E-03
3.037958E+00  2.393E-03
3.038044E+00  2.366E-03
3.038216E+00  2.402E-03
3.038386E+00  2.516E-03
3.038470E+00  2.605E-03
3.038554E+00  2.731E-03
3.038638E+00  2.922E-03
3.038721E+00  3.244E-03
3.038804E+00  3.870E-03
3.038886E+00  5.362E-03
3.038968E+00  1.042E-02
3.039049E+00  5.145E-02
3.039131E+00  4.808E-01
3.039211E+00  2.544E-02
3.039292E+00  1.090E-02
3.039372E+00  7.328E-03
3.039452E+00  5.918E-03
3.039531E+00  5.226E-03
3.039610E+00  4.847E-03
3.039688E+00  4.627E-03
3.039766E+00  4.499E-03
3.039922E+00  4.399E-03
3.040152E+00  4.461E-03
3.040379E+00  4.692E-03
3.040528E+00  4.957E-03
3.040602E+00  5.139E-03
3.040676E+00  5.375E-03
3.040750E+00  5.690E-03
3.040823E+00  6.143E-03
3.040896E+00  6.863E-03
3.040969E+00  8.226E-03
3.041041E+00  1.191E-02
3.041113E+00  4.711E-02
3.041184E+00  1.590E-03
3.041255E+00  1.005E-03
3.041326E+00  2.108E-03
3.041397E+00  2.793E-03
3.041467E+00  3.266E-03
3.041537E+00  3.630E-03
3.041676E+00  4.202E-03
3.042018E+00  5.465E-03
3.042152E+00  6.069E-03
3.042286E+00  6.819E-03
3.042352E+00  7.277E-03
3.042418E+00  7.815E-03
3.042484E+00  8.455E-03
3.042549E+00  9.236E-03
3.042614E+00  1.021E-02
3.042679E+00  1.146E-02
3.042743E+00  1.311E-02
3.042808E+00  1.540E-02
3.042871E+00  1.875E-02
3.042935E+00  2.403E-02
3.042998E+00  3.327E-02
3.043062E+00  5.246E-02
3.043124E+00  1.064E-01
3.043187E+00  4.277E-01
3.043249E+00  9.874E+00
3.043311E+00  1.540E-01
3.043373E+00  3.504E-02
3.043434E+00  1.265E-02
3.043496E+00  5.477E-03
3.043556E+00  2.584E-03
3.043617E+00  1.274E-03
3.043678E+00  6.520E-04
3.043738E+00  3.612E-04
3.043798E+00  2.405E-04
3.043857E+00  2.106E-04
3.043917E+00  2.298E-04
3.043976E+00  2.748E-04
3.044151E+00  4.498E-04
3.044210E+00  4.997E-04
3.044267E+00  5.364E-04
3.044325E+00  5.520E-04
3.044382E+00  5.335E-04
3.044439E+00  4.540E-04
3.044496E+00  2.572E-04
3.044553E+00  1.880E-04
3.044609E+00  2.170E-02
3.044666E+00  3.833E-03
3.044721E+00  2.699E-03
3.044777E+00  2.359E-03
3.044833E+00  2.221E-03
3.044888E+00  2.162E-03
3.044943E+00  2.144E-03
3.045052E+00  2.167E-03
3.045160E+00  2.240E-03
3.045268E+00  2.372E-03
3.045321E+00  2.481E-03
3.045374E+00  2.655E-03
3.045427E+00  2.971E-03
3.045480E+00  3.654E-03
3.045533E+00  5.582E-03
3.045585E+00  1.480E-02
3.045637E+00  4.442E-01
3.045689E+00  4.453E-02
3.045741E+00  1.199E-02
3.045792E+00  7.120E-03
3.045843E+00  5.492E-03
3.045894E+00  4.757E-03
3.045945E+00  4.372E-03
3.045996E+00  4.155E-03
3.046046E+00  4.030E-03
3.046146E+00  3.933E-03
3.046246E+00  3.947E-03
3.046393E+00  4.101E-03
3.046491E+00  4.287E-03
3.046587E+00  4.570E-03
3.046635E+00  4.769E-03
3.046683E+00  5.032E-03
3.046731E+00  5.399E-03
3.046778E+00  5.958E-03
3.046825E+00  6.939E-03
3.046873E+00  9.183E-03
3.046919E+00  1.941E-02
3.046966E+00  4.856E-02
3.047013E+00  3.662E-04
3.047059E+00  1.483E-03
3.047105E+00  2.223E-03
3.047151E+00  2.716E-03
3.047197E+00  3.082E-03
3.047242E+00  3.378E-03
3.047423E+00  4.324E-03
3.047557E+00  5.055E-03
3.047645E+00  5.652E-03
3.047689E+00  6.009E-03
3.047776E+00  6.900E-03
3.047819E+00  7.476E-03
3.047862E+00  8.179E-03
3.047905E+00  9.060E-03
3.047948E+00  1.020E-02
3.047991E+00  1.172E-02
3.048033E+00  1.385E-02
3.048076E+00  1.703E-02
3.048118E+00  2.215E-02
3.048160E+00  3.147E-02
3.048202E+00  5.211E-02
3.048243E+00  1.187E-01
3.048285E+00  7.717E-01
3.048326E+00  9.919E-01
3.048367E+00  7.483E-02
3.048408E+00  2.035E-02
3.048449E+00  7.759E-03
3.048490E+00  3.415E-03
3.048531E+00  1.615E-03
3.048571E+00  8.019E-04
3.048611E+00  4.294E-04
3.048652E+00  2.714E-04
3.048692E+00  2.234E-04
3.048731E+00  2.335E-04
3.048771E+00  2.737E-04
3.048811E+00  3.284E-04
3.048889E+00  4.475E-04
3.048928E+00  5.012E-04
3.048967E+00  5.453E-04
3.049006E+00  5.746E-04
3.049045E+00  5.812E-04
3.049083E+00  5.502E-04
3.049122E+00  4.503E-04
3.049160E+00  2.152E-04
3.049198E+00  1.138E-03
3.049236E+00  8.424E-03
3.049274E+00  3.178E-03
3.049311E+00  2.451E-03
3.049349E+00  2.203E-03
3.049386E+00  2.099E-03
3.049423E+00  2.054E-03
3.049498E+00  2.045E-03
3.049608E+00  2.119E-03
3.049680E+00  2.217E-03
3.049717E+00  2.292E-03
3.049753E+00  2.407E-03
3.049788E+00  2.601E-03
3.049824E+00  2.988E-03
3.049860E+00  3.953E-03
3.049895E+00  7.462E-03
3.049931E+00  4.187E-02
3.049966E+00  1.673E-01
3.050001E+00  1.553E-02
3.050036E+00  7.590E-03
3.050071E+00  5.481E-03
3.050106E+00  4.620E-03
3.050140E+00  4.193E-03
3.050175E+00  3.959E-03
3.050209E+00  3.827E-03
3.050278E+00  3.722E-03
3.050346E+00  3.731E-03
3.050447E+00  3.872E-03
3.050546E+00  4.163E-03
3.050612E+00  4.492E-03
3.050645E+00  4.731E-03
3.050678E+00  5.060E-03
3.050711E+00  5.550E-03
3.050743E+00  6.372E-03
3.050775E+00  8.091E-03
3.050808E+00  1.401E-02
3.050840E+00  9.710E-01
3.050872E+00  2.414E-04
3.050904E+00  1.031E-03
3.050935E+00  1.834E-03
3.050967E+00  2.362E-03
3.050999E+00  2.743E-03
3.051030E+00  3.045E-03
3.051124E+00  3.754E-03
3.051217E+00  4.416E-03
3.051309E+00  5.215E-03
3.051369E+00  5.926E-03
3.051399E+00  6.372E-03
3.051430E+00  6.904E-03
3.051459E+00  7.556E-03
3.051489E+00  8.373E-03
3.051519E+00  9.430E-03
3.051549E+00  1.085E-02
3.051578E+00  1.284E-02
3.051608E+00  1.583E-02
3.051637E+00  2.070E-02
3.051666E+00  2.972E-02
3.051696E+00  5.026E-02
3.051725E+00  1.211E-01
3.051754E+00  1.102E+00
3.051783E+00  5.384E-01
3.051811E+00  5.454E-02
3.051840E+00  1.557E-02
3.051869E+00  6.007E-03
3.051897E+00  2.642E-03
3.051925E+00  1.246E-03
3.051954E+00  6.249E-04
3.051982E+00  3.517E-04
3.052010E+00  2.475E-04
3.052038E+00  2.294E-04
3.052066E+00  2.560E-04
3.052094E+00  3.048E-04
3.052122E+00  3.636E-04
3.052149E+00  4.248E-04
3.052204E+00  5.357E-04
3.052232E+00  5.778E-04
3.052259E+00  6.049E-04
3.052286E+00  6.092E-04
3.052313E+00  5.753E-04
3.052340E+00  4.701E-04
3.052367E+00  2.193E-04
3.052394E+00  2.093E-03
3.052421E+00  6.480E-03
3.052447E+00  2.915E-03
3.052474E+00  2.325E-03
3.052500E+00  2.116E-03
3.052527E+00  2.027E-03
3.052553E+00  1.990E-03
3.052605E+00  1.985E-03
3.052683E+00  2.051E-03
3.052735E+00  2.133E-03
3.052760E+00  2.192E-03
3.052786E+00  2.278E-03
3.052811E+00  2.416E-03
3.052837E+00  2.675E-03
3.052862E+00  3.267E-03
3.052887E+00  5.105E-03
3.052912E+00  1.604E-02
3.052937E+00  2.708E+02
3.052962E+00  2.273E-02
3.052987E+00  8.465E-03
3.053012E+00  5.641E-03
3.053037E+00  4.608E-03
3.053061E+00  4.123E-03
3.053086E+00  3.865E-03
3.053110E+00  3.722E-03
3.053135E+00  3.644E-03
3.053183E+00  3.598E-03
3.053256E+00  3.684E-03
3.053327E+00  3.910E-03
3.053375E+00  4.160E-03
3.053398E+00  4.334E-03
3.053422E+00  4.560E-03
3.053445E+00  4.868E-03
3.053468E+00  5.317E-03
3.053492E+00  6.049E-03
3.053515E+00  7.491E-03
3.053538E+00  1.173E-02
3.053561E+00  7.586E-02
3.053584E+00  1.209E-03
3.053607E+00  6.854E-04
3.053630E+00  1.536E-03
3.053653E+00  2.102E-03
3.053675E+00  2.504E-03
3.053698E+00  2.815E-03
3.053720E+00  3.077E-03
3.053854E+00  4.402E-03
3.053898E+00  4.932E-03
3.053942E+00  5.606E-03
3.053964E+00  6.027E-03
3.053986E+00  6.529E-03
3.054007E+00  7.144E-03
3.054029E+00  7.914E-03
3.054050E+00  8.910E-03
3.054072E+00  1.025E-02
3.054093E+00  1.213E-02
3.054115E+00  1.495E-02
3.054136E+00  1.957E-02
3.054157E+00  2.816E-02
3.054178E+00  4.792E-02
3.054199E+00  1.178E-01
3.054220E+00  1.738E+00
3.054241E+00  4.296E-01
3.054262E+00  4.695E-02
3.054283E+00  1.355E-02
3.054304E+00  5.221E-03
3.054324E+00  2.285E-03
3.054345E+00  1.075E-03
3.054366E+00  5.443E-04
3.054386E+00  3.188E-04
3.054407E+00  2.409E-04
3.054427E+00  2.375E-04
3.054447E+00  2.721E-04
3.054468E+00  3.253E-04
3.054528E+00  5.062E-04
3.054548E+00  5.580E-04
3.054566E+00  5.960E-04
3.059584E+00  2.598E-03
3.064546E+00  2.470E-03
3.072736E+00  2.291E-03
3.080746E+00  2.144E-03
3.088581E+00  2.022E-03
3.103748E+00  1.843E-03
3.125310E+00  1.672E-03
3.158360E+00  1.482E-03
3.193826E+00  1.340E-03
3.257916E+00  1.149E-03
3.325253E+00  1.000E-03
3.384822E+00  8.756E-04
3.395832E+00  8.356E-04
3.402071E+00  7.932E-04
3.404093E+00  7.707E-04
3.406086E+00  7.394E-04
3.408053E+00  6.921E-04
3.409992E+00  6.111E-04
3.411905E+00  4.487E-04
3.413792E+00  6.085E-04
3.415654E+00  1.758E-03
3.417490E+00  1.308E-03
3.419302E+00  1.154E-03
3.421089E+00  1.080E-03
3.422853E+00  1.037E-03
3.426311E+00  9.868E-04
3.432959E+00  9.400E-04
3.446722E+00  8.969E-04
3.481038E+00  8.480E-04
3.487058E+00  8.534E-04
3.488023E+00  8.638E-04
3.488978E+00  9.012E-04
3.489922E+00  4.049E-03
3.490857E+00  7.751E-04
3.491781E+00  7.935E-04
3.494495E+00  8.036E-04
3.497982E+00  8.038E-04
3.498831E+00  8.282E-04
3.499671E+00  8.026E-04
3.509844E+00  7.565E-04
3.514796E+00  7.144E-04
3.518131E+00  6.660E-04
3.520057E+00  6.229E-04
3.521311E+00  5.836E-04
3.522541E+00  5.295E-04
3.523749E+00  4.520E-04
3.524344E+00  3.624E-04
3.524934E+00  9.023E-04
3.525519E+00  7.967E-04
3.526098E+00  5.013E-04
3.526672E+00  3.817E-04
3.527803E+00  1.802E-04
3.528362E+00  8.516E-05
3.528915E+00  7.703E-05
3.529463E+00  7.497E-04
3.530006E+00  9.729E-03
3.530545E+00  2.117E-02
3.531078E+00  7.282E-03
3.531607E+00  4.219E-03
3.532131E+00  3.083E-03
3.532651E+00  2.515E-03
3.533166E+00  2.179E-03
3.533676E+00  1.960E-03
3.534182E+00  1.806E-03
3.534684E+00  1.693E-03
3.535181E+00  1.606E-03
3.536162E+00  1.481E-03
3.537602E+00  1.365E-03
3.539006E+00  1.295E-03
3.540374E+00  1.257E-03
3.540822E+00  1.260E-03
3.541267E+00  1.341E-03
3.541708E+00  1.075E-03
3.542145E+00  1.141E-03
3.543008E+00  1.145E-03
3.545920E+00  1.119E-03
3.546322E+00  1.126E-03
3.546721E+00  1.148E-03
3.547117E+00  1.211E-03
3.547510E+00  1.408E-03
3.547899E+00  2.322E-03
3.548286E+00  1.951E-02
3.548669E+00  1.342E-02
3.549050E+00  3.226E-03
3.549427E+00  2.095E-03
3.549801E+00  1.738E-03
3.550172E+00  1.579E-03
3.550541E+00  1.498E-03
3.550906E+00  1.456E-03
3.551269E+00  1.443E-03
3.551629E+00  1.456E-03
3.551985E+00  1.514E-03
3.552340E+00  1.691E-03
3.552691E+00  2.803E-03
3.553040E+00  4.390E-04
3.553386E+00  8.224E-04
3.553729E+00  9.495E-04
3.554070E+00  1.005E-03
3.554408E+00  1.035E-03
3.555076E+00  1.064E-03
3.556383E+00  1.079E-03
3.558270E+00  1.063E-03
3.559481E+00  1.019E-03
3.560074E+00  9.772E-04
3.560658E+00  9.082E-04
3.560947E+00  8.575E-04
3.561234E+00  7.901E-04
3.561518E+00  6.993E-04
3.561801E+00  5.750E-04
3.562081E+00  4.051E-04
3.562360E+00  1.918E-04
3.562636E+00  1.348E-04
3.562911E+00  4.522E-03
3.563183E+00  2.509E-01
3.563454E+00  1.452E-02
3.563723E+00  7.726E-03
3.563989E+00  5.912E-03
3.564254E+00  5.262E-03
3.564517E+00  7.239E-03
3.564778E+00  5.213E-03
3.565038E+00  5.300E-03
3.565295E+00  5.854E-03
3.565551E+00  6.947E-03
3.565805E+00  9.216E-03
3.566057E+00  1.543E-02
3.566307E+00  5.929E-02
3.566556E+00  1.692E-02
3.566803E+00  1.131E-03
3.567048E+00  1.329E-02
3.567292E+00  3.596E-02
3.567534E+00  5.670E-03
3.567774E+00  1.581E-03
3.568012E+00  6.839E-04
3.568249E+00  4.326E-04
3.568485E+00  3.711E-04
3.568718E+00  3.764E-04
3.568951E+00  4.069E-04
3.570311E+00  6.477E-04
3.571188E+00  7.963E-04
3.571618E+00  8.834E-04
3.571831E+00  9.373E-04
3.572042E+00  1.004E-03
3.572252E+00  1.095E-03
3.572461E+00  1.231E-03
3.572668E+00  1.472E-03
3.572874E+00  2.039E-03
3.573079E+00  4.792E-03
3.573282E+00  1.936E-02
3.573484E+00  2.047E-04
3.573685E+00  2.639E-04
3.573884E+00  3.783E-04
3.574082E+00  4.612E-04
3.574279E+00  5.218E-04
3.574474E+00  5.680E-04
3.574669E+00  6.048E-04
3.575053E+00  6.606E-04
3.575622E+00  7.194E-04
3.576363E+00  7.737E-04
3.576726E+00  7.915E-04
3.576906E+00  7.942E-04
3.577085E+00  7.829E-04
3.577263E+00  2.483E-03
3.577440E+00  9.478E-04
3.577616E+00  9.206E-04
3.577964E+00  9.332E-04
3.578478E+00  9.918E-04
3.578647E+00  1.023E-03
3.578816E+00  1.066E-03
3.578983E+00  1.128E-03
3.579149E+00  1.235E-03
3.579314E+00  1.476E-03
3.579479E+00  2.690E-03
3.579642E+00  2.783E-04
3.579804E+00  5.557E-04
3.579966E+00  7.500E-04
3.580126E+00  8.732E-04
3.580285E+00  9.868E-04
3.580444E+00  1.130E-03
3.580601E+00  1.375E-03
3.580758E+00  2.023E-03
3.580913E+00  8.521E-03
3.581068E+00  3.167E-04
3.581222E+00  3.181E-04
3.581375E+00  3.645E-04
3.581527E+00  4.541E-04
3.581678E+00  5.149E-04
3.581828E+00  5.575E-04
3.581977E+00  5.887E-04
3.582273E+00  6.295E-04
3.582566E+00  6.523E-04
3.582998E+00  6.620E-04
3.583283E+00  6.515E-04
3.583423E+00  6.393E-04
3.583564E+00  6.203E-04
3.583703E+00  5.915E-04
3.583841E+00  5.473E-04
3.583979E+00  4.755E-04
3.584116E+00  3.468E-04
3.584252E+00  1.007E-04
3.584387E+00  4.637E-02
3.584522E+00  1.856E-03
3.584656E+00  1.185E-03
3.584789E+00  9.241E-04
3.584921E+00  7.200E-04
3.585053E+00  4.742E-04
3.585184E+00  5.205E-04
3.585314E+00  2.387E-03
3.585443E+00  1.590E-02
3.585572E+00  5.021E-03
3.585700E+00  3.927E-03
3.585827E+00  4.141E-03
3.585954E+00  6.032E-03
3.586080E+00  3.014E-03
3.586205E+00  8.344E-04
3.586329E+00  8.924E-04
3.586453E+00  1.003E-03
3.586576E+00  1.085E-03
3.586820E+00  1.197E-03
3.587301E+00  1.377E-03
3.587537E+00  1.493E-03
3.587654E+00  1.567E-03
3.587771E+00  1.659E-03
3.587887E+00  1.775E-03
3.588002E+00  1.928E-03
3.588117E+00  2.139E-03
3.588231E+00  2.450E-03
3.588344E+00  2.948E-03
3.588457E+00  3.858E-03
3.588570E+00  5.946E-03
3.588681E+00  1.376E-02
3.588792E+00  2.949E-01
3.588903E+00  1.164E-02
3.589013E+00  1.227E-03
3.589122E+00  2.978E-04
3.589231E+00  1.770E-04
3.589339E+00  2.022E-04
3.589447E+00  2.575E-04
3.589554E+00  3.155E-04
3.589660E+00  3.693E-04
3.589766E+00  4.173E-04
3.589976E+00  4.980E-04
3.590184E+00  5.628E-04
3.590493E+00  6.406E-04
3.590896E+00  7.203E-04
3.591095E+00  7.408E-04
3.591193E+00  1.028E-02
3.591291E+00  1.040E-03
3.591389E+00  9.727E-04
3.591486E+00  9.887E-04
3.591582E+00  1.031E-03
3.591678E+00  1.095E-03
3.591774E+00  1.194E-03
3.591869E+00  1.355E-03
3.591964E+00  1.669E-03
3.592058E+00  2.569E-03
3.592152E+00  1.583E-02
3.592245E+00  9.504E-05
3.592338E+00  5.929E-04
3.592430E+00  3.819E-03
3.592522E+00  3.346E-04
3.592613E+00  1.716E-04
3.592704E+00  5.726E-04
3.592794E+00  4.167E-04
3.592884E+00  4.383E-04
3.593063E+00  4.986E-04
3.593240E+00  5.404E-04
3.593502E+00  5.795E-04
3.593761E+00  5.983E-04
3.593931E+00  5.984E-04
3.594015E+00  5.920E-04
3.594099E+00  5.758E-04
3.594183E+00  5.299E-04
3.594266E+00  2.057E-04
3.594349E+00  8.153E-04
3.594432E+00  7.048E-04
3.594514E+00  6.690E-04
3.594758E+00  6.003E-04
3.594838E+00  5.718E-04
3.594918E+00  5.355E-04
3.594998E+00  4.876E-04
3.595077E+00  4.227E-04
3.595156E+00  3.327E-04
3.595235E+00  2.083E-04
3.595313E+00  6.603E-05
3.595391E+00  3.865E-04
3.595468E+00  4.825E-02
3.595546E+00  1.521E-02
3.595622E+00  5.859E-03
3.595699E+00  4.500E-03
3.595775E+00  4.817E-03
3.595851E+00  7.095E-03
3.595926E+00  1.344E-03
3.596001E+00  8.431E-04
3.596076E+00  9.624E-04
3.596150E+00  1.052E-03
3.596224E+00  1.113E-03
3.596444E+00  1.229E-03
3.596661E+00  1.347E-03
3.596803E+00  1.460E-03
3.596874E+00  1.537E-03
3.596945E+00  1.636E-03
3.597015E+00  1.768E-03
3.597085E+00  1.951E-03
3.597155E+00  2.223E-03
3.597224E+00  2.662E-03
3.597293E+00  3.479E-03
3.597362E+00  5.408E-03
3.597431E+00  1.324E-02
3.597499E+00  8.438E-01
3.597566E+00  6.486E-03
3.597634E+00  7.509E-04
3.597701E+00  2.206E-04
3.597768E+00  1.809E-04
3.597835E+00  2.257E-04
3.597967E+00  3.389E-04
3.598033E+00  3.880E-04
3.598098E+00  4.310E-04
3.598228E+00  5.019E-04
3.598421E+00  5.821E-04
3.598737E+00  6.822E-04
3.598984E+00  7.613E-04
3.599046E+00  7.868E-04
3.599107E+00  8.226E-04
3.599167E+00  1.312E-03
3.599228E+00  1.597E-03
3.599288E+00  2.486E-03
3.599348E+00  5.372E-04
3.599407E+00  6.909E-04
3.599467E+00  7.657E-04
3.599585E+00  8.823E-04
3.599644E+00  9.548E-04
3.599702E+00  1.217E-03
3.599760E+00  1.242E-03
3.599818E+00  1.548E-03
3.599876E+00  2.576E-03
3.599933E+00  2.249E-02
3.599990E+00  5.788E-04
3.600047E+00  1.773E-04
3.600104E+00  2.786E-04
3.600160E+00  3.588E-04
3.600216E+00  4.152E-04
3.600272E+00  4.559E-04
3.600328E+00  4.863E-04
3.600439E+00  5.275E-04
3.600549E+00  5.521E-04
3.600658E+00  5.641E-04
3.600712E+00  5.642E-04
3.600766E+00  5.542E-04
3.600819E+00  4.571E-04
3.600873E+00  6.469E-04
3.600926E+00  6.113E-04
3.601137E+00  5.676E-04
3.601241E+00  5.331E-04
3.601292E+00  5.083E-04
3.601344E+00  4.760E-04
3.601395E+00  4.337E-04
3.601446E+00  3.774E-04
3.601497E+00  3.018E-04
3.601548E+00  2.016E-04
3.601598E+00  8.592E-05
3.601648E+00  1.291E-04
3.601698E+00  4.279E-03
3.601748E+00  7.930E-02
3.601798E+00  8.374E-03
3.601847E+00  4.840E-03
3.601896E+00  4.148E-03
3.601945E+00  4.840E-03
3.601994E+00  6.016E-03
3.602043E+00  9.109E-04
3.602091E+00  9.065E-04
3.602140E+00  1.021E-03
3.602188E+00  1.091E-03
3.602283E+00  1.171E-03
3.602472E+00  1.292E-03
3.602565E+00  1.381E-03
3.602612E+00  1.440E-03
3.602658E+00  1.517E-03
3.602704E+00  1.617E-03
3.602750E+00  1.754E-03
3.602795E+00  1.952E-03
3.602841E+00  2.259E-03
3.602886E+00  2.791E-03
3.602931E+00  3.901E-03
3.602976E+00  7.236E-03
3.603021E+00  3.880E-02
3.603065E+00  2.286E-02
3.603110E+00  1.219E-03
3.603154E+00  2.552E-04
3.603198E+00  1.799E-04
3.603242E+00  2.252E-04
3.603285E+00  2.866E-04
3.603329E+00  3.440E-04
3.603372E+00  3.941E-04
3.603415E+00  4.371E-04
3.603458E+00  4.741E-04
3.603544E+00  5.344E-04
3.603671E+00  6.019E-04
3.603962E+00  7.188E-04
3.604003E+00  7.395E-04
3.604044E+00  7.696E-04
3.604084E+00  8.378E-04
3.604125E+00  1.482E-03
3.604165E+00  5.372E-04
3.604205E+00  2.230E-02
3.604245E+00  1.055E-03
3.604285E+00  9.162E-04
3.604325E+00  9.113E-04
3.604364E+00  9.766E-04
3.604443E+00  9.323E-04
3.604482E+00  9.896E-04
3.604521E+00  1.067E-03
3.604560E+00  1.188E-03
3.604599E+00  1.405E-03
3.604637E+00  1.912E-03
3.604676E+00  4.133E-03
3.604714E+00  4.211E-02
3.604752E+00  2.374E-04
3.604790E+00  1.995E-04
3.604828E+00  2.958E-04
3.604865E+00  3.679E-04
3.604903E+00  4.191E-04
3.604940E+00  4.563E-04
3.604978E+00  4.841E-04
3.605015E+00  5.051E-04
3.605089E+00  5.328E-04
3.605162E+00  5.433E-04
3.605198E+00  5.308E-04
3.605235E+00  6.433E-04
3.605271E+00  5.836E-04
3.605414E+00  5.554E-04
3.605485E+00  5.308E-04
3.605521E+00  5.128E-04
3.605556E+00  4.895E-04
3.605591E+00  4.594E-04
3.605626E+00  4.203E-04
3.605660E+00  3.689E-04
3.605695E+00  3.008E-04
3.605730E+00  2.116E-04
3.605764E+00  1.053E-04
3.605798E+00  7.337E-05
3.605832E+00  1.467E-03
3.605866E+00  4.764E-01
3.605900E+00  1.180E-02
3.605934E+00  5.263E-03
3.605968E+00  3.958E-03
3.606001E+00  3.875E-03
3.606035E+00  5.376E-03
3.606068E+00  2.014E-03
3.606101E+00  8.680E-04
3.606134E+00  9.934E-04
3.606167E+00  1.078E-03
3.606200E+00  1.128E-03
3.606395E+00  1.298E-03
3.606459E+00  1.387E-03
3.606490E+00  1.450E-03
3.606522E+00  1.531E-03
3.606554E+00  1.641E-03
3.606585E+00  1.796E-03
3.606617E+00  2.027E-03
3.606648E+00  2.408E-03
3.606679E+00  3.130E-03
3.606710E+00  4.916E-03
3.606741E+00  1.326E-02
3.606772E+00  8.397E-01
3.606803E+00  2.754E-03
3.606833E+00  3.632E-04
3.606864E+00  1.794E-04
3.606894E+00  2.148E-04
3.606924E+00  2.786E-04
3.606955E+00  3.394E-04
3.606985E+00  3.920E-04
3.607015E+00  4.367E-04
3.607074E+00  5.071E-04
3.607134E+00  5.599E-04
3.607222E+00  6.190E-04
3.607424E+00  7.211E-04
3.607453E+00  7.447E-04
3.607481E+00  8.155E-04
3.607509E+00  5.628E-04
3.607537E+00  6.619E-04
3.607566E+00  7.179E-04
3.607594E+00  2.424E-02
3.607622E+00  1.375E-03
3.607649E+00  1.699E-03
3.607677E+00  8.240E-04
3.607705E+00  8.768E-04
3.607760E+00  9.603E-04
3.607787E+00  1.015E-03
3.607814E+00  1.094E-03
3.607842E+00  1.218E-03
3.607869E+00  1.445E-03
3.607896E+00  1.979E-03
3.607923E+00  4.366E-03
3.607950E+00  3.769E-02
3.607976E+00  2.457E-04
3.608003E+00  1.963E-04
3.608030E+00  2.909E-04
3.608056E+00  3.628E-04
3.608082E+00  4.140E-04
3.608109E+00  4.512E-04
3.608135E+00  4.788E-04
3.608161E+00  4.995E-04
3.608213E+00  5.258E-04
3.608239E+00  5.315E-04
3.608265E+00  5.191E-04
3.608290E+00  5.768E-04
3.608316E+00  5.627E-04
3.608418E+00  5.438E-04
3.608468E+00  5.209E-04
3.608518E+00  4.818E-04
3.608543E+00  4.533E-04
3.608568E+00  4.163E-04
3.608593E+00  3.680E-04
3.608617E+00  3.045E-04
3.608642E+00  2.216E-04
3.608666E+00  1.208E-04
3.608691E+00  6.000E-05
3.608715E+00  7.644E-04
3.608739E+00  5.626E-02
3.608764E+00  1.665E-02
3.608788E+00  5.752E-03
3.608812E+00  3.952E-03
3.608836E+00  3.546E-03
3.608883E+00  4.787E-03
3.608907E+00  8.885E-04
3.608931E+00  9.697E-04
3.608954E+00  1.068E-03
3.608978E+00  1.123E-03
3.609025E+00  1.182E-03
3.609117E+00  1.280E-03
3.609163E+00  1.357E-03
3.609186E+00  1.412E-03
3.609209E+00  1.482E-03
3.609231E+00  1.576E-03
3.609254E+00  1.707E-03
3.609277E+00  1.898E-03
3.609299E+00  2.202E-03
3.609322E+00  2.746E-03
3.609344E+00  3.951E-03
3.609366E+00  8.147E-03
3.609388E+00  1.064E-01
3.609411E+00  6.677E-03
3.609433E+00  5.546E-04
3.609455E+00  1.871E-04
3.609477E+00  2.043E-04
3.609498E+00  2.689E-04
3.609520E+00  3.325E-04
3.609542E+00  3.876E-04
3.609564E+00  4.340E-04
3.609585E+00  4.731E-04
3.609628E+00  5.350E-04
3.609692E+00  6.009E-04
3.609777E+00  6.616E-04
3.609881E+00  7.233E-04
3.609901E+00  6.836E-04
3.609922E+00  6.650E-04
3.609943E+00  6.930E-04
3.609963E+00  7.084E-04
3.609983E+00  2.416E-03
3.610004E+00  2.862E-03
3.610024E+00  2.115E-03
3.610044E+00  8.307E-04
3.610064E+00  8.774E-04
3.610104E+00  9.455E-04
3.610122E+00  9.836E-04
3.611836E+00  8.477E-04
3.664031E+00  8.094E-04
3.675056E+00  7.861E-04
3.680120E+00  7.611E-04
3.682069E+00  7.705E-04
3.685841E+00  8.080E-04
3.692065E+00  8.170E-04
3.723660E+00  8.066E-04
3.725280E+00  8.156E-04
3.725811E+00  8.100E-04
3.726337E+00  1.651E-03
3.726858E+00  9.554E-04
3.727375E+00  9.062E-04
3.728395E+00  8.704E-04
3.728898E+00  8.164E-04
3.729397E+00  8.461E-04
3.729891E+00  8.625E-04
3.734607E+00  8.598E-04
3.738940E+00  8.838E-04
3.742157E+00  9.152E-04
3.742545E+00  1.546E-03
3.742929E+00  1.146E-03
3.743311E+00  1.062E-03
3.743689E+00  1.054E-03
3.744807E+00  1.094E-03
3.745537E+00  1.123E-03
3.745898E+00  1.122E-03
3.746256E+00  1.093E-03
3.746611E+00  1.008E-03
3.746964E+00  7.987E-04
3.747314E+00  3.318E-04
3.747661E+00  3.164E-03
3.748005E+00  2.022E-03
3.748347E+00  1.585E-03
3.748686E+00  1.352E-03
3.749022E+00  1.200E-03
3.749356E+00  1.091E-03
3.749688E+00  1.013E-03
3.750017E+00  9.545E-04
3.750343E+00  9.111E-04
3.750988E+00  8.536E-04
3.751938E+00  8.088E-04
3.753172E+00  7.834E-04
3.755533E+00  7.715E-04
3.759607E+00  7.853E-04
3.761609E+00  8.108E-04
3.762332E+00  8.351E-04
3.762569E+00  8.515E-04
3.762805E+00  8.897E-04
3.763040E+00  1.046E-03
3.763273E+00  8.541E-04
3.763504E+00  8.965E-04
3.763734E+00  9.719E-04
3.763962E+00  1.194E-03
3.764188E+00  5.725E-03
3.764413E+00  6.670E-04
3.764637E+00  7.476E-04
3.764859E+00  7.202E-04
3.765080E+00  7.241E-04
3.766373E+00  8.367E-04
3.766793E+00  8.917E-04
3.767207E+00  9.562E-04
3.767413E+00  9.401E-04
3.767616E+00  8.355E-04
3.767819E+00  7.163E-04
3.768020E+00  6.597E-04
3.768220E+00  6.467E-04
3.768616E+00  6.595E-04
3.770522E+00  7.492E-04
3.771071E+00  7.927E-04
3.771251E+00  8.163E-04
3.771431E+00  8.500E-04
3.771609E+00  9.030E-04
3.771786E+00  9.986E-04
3.771962E+00  1.215E-03
3.772137E+00  1.410E-03
3.772311E+00  3.365E-03
3.772484E+00  7.169E-04
3.772656E+00  3.865E-04
3.772827E+00  4.339E-04
3.772997E+00  4.698E-04
3.773166E+00  4.914E-04
3.773333E+00  5.029E-04
3.773500E+00  5.066E-04
3.773666E+00  5.036E-04
3.773830E+00  4.945E-04
3.774157E+00  4.680E-04
3.774319E+00  4.978E-04
3.774479E+00  7.724E-04
3.774639E+00  1.305E-03
3.774798E+00  1.222E-03
3.774956E+00  1.043E-03
3.775113E+00  9.340E-04
3.775269E+00  8.693E-04
3.775424E+00  8.283E-04
3.775578E+00  8.009E-04
3.775884E+00  7.682E-04
3.776336E+00  7.454E-04
3.777216E+00  7.323E-04
3.777503E+00  7.347E-04
3.777645E+00  7.525E-04
3.777786E+00  7.110E-04
3.778066E+00  7.217E-04
3.778480E+00  7.214E-04
3.778617E+00  7.550E-04
3.778752E+00  7.278E-04
3.780699E+00  7.195E-04
3.780947E+00  7.100E-04
3.781070E+00  7.822E-04
3.781192E+00  1.688E-03
3.781313E+00  9.898E-04
3.781434E+00  8.098E-04
3.781554E+00  7.746E-04
3.781792E+00  7.539E-04
3.782377E+00  7.428E-04
3.782492E+00  7.466E-04
3.782606E+00  7.603E-04
3.782720E+00  7.887E-04
3.782945E+00  7.986E-04
3.783390E+00  7.866E-04
3.783499E+00  8.001E-04
3.783608E+00  9.989E-04
3.783717E+00  9.233E-04
3.783825E+00  8.386E-04
3.783932E+00  8.235E-04
3.784145E+00  8.246E-04
3.784356E+00  8.419E-04
3.784565E+00  8.793E-04
3.784668E+00  9.129E-04
3.784771E+00  9.670E-04
3.784873E+00  1.064E-03
3.784975E+00  1.256E-03
3.785077E+00  1.525E-03
3.785178E+00  9.092E-04
3.785278E+00  5.673E-04
3.785378E+00  5.495E-04
3.785576E+00  5.862E-04
3.785772E+00  6.093E-04
3.786062E+00  6.195E-04
3.786253E+00  6.119E-04
3.786348E+00  6.189E-04
3.786443E+00  6.872E-04
3.786630E+00  7.653E-04
3.786723E+00  8.460E-04
3.786816E+00  1.026E-03
3.786908E+00  1.480E-03
3.786999E+00  2.984E-03
3.787090E+00  4.075E-03
3.787181E+00  3.686E-04
3.787271E+00  2.226E-04
3.787361E+00  3.927E-04
3.787451E+00  5.766E-04
3.787539E+00  7.380E-04
3.787628E+00  8.773E-04
3.787804E+00  1.135E-03
3.787891E+00  1.285E-03
3.787978E+00  1.482E-03
3.788064E+00  1.771E-03
3.788150E+00  2.227E-03
3.788235E+00  2.926E-03
3.788320E+00  3.575E-03
3.788405E+00  3.084E-03
3.788489E+00  1.941E-03
3.788573E+00  1.247E-03
3.788657E+00  9.287E-04
3.788740E+00  7.834E-04
3.788822E+00  7.146E-04
3.788905E+00  6.831E-04
3.788986E+00  6.805E-04
3.789068E+00  6.180E-04
3.789149E+00  6.346E-04
3.789470E+00  6.367E-04
3.789549E+00  6.280E-04
3.789628E+00  5.736E-04
3.789706E+00  6.817E-04
3.790245E+00  6.801E-04
3.790766E+00  6.774E-04
3.790839E+00  6.705E-04
3.790912E+00  6.532E-04
3.790985E+00  6.939E-04
3.791057E+00  6.944E-04
3.791128E+00  9.628E-04
3.791200E+00  9.500E-04
3.791271E+00  7.862E-04
3.791342E+00  7.529E-04
3.791412E+00  7.422E-04
3.791482E+00  7.425E-04
3.791552E+00  7.566E-04
3.791691E+00  8.096E-04
3.791829E+00  7.954E-04
3.792032E+00  7.758E-04
3.792300E+00  7.861E-04
3.792366E+00  7.994E-04
3.792432E+00  8.472E-04
3.792498E+00  1.206E-03
3.792563E+00  8.762E-04
3.792628E+00  8.205E-04
3.792693E+00  8.173E-04
3.792821E+00  8.375E-04
3.792949E+00  8.822E-04
3.793012E+00  9.201E-04
3.793075E+00  9.786E-04
3.793138E+00  1.077E-03
3.793200E+00  1.266E-03
3.793262E+00  1.699E-03
3.793324E+00  2.379E-03
3.793386E+00  1.021E-03
3.793447E+00  5.263E-04
3.793508E+00  4.837E-04
3.793569E+00  4.976E-04
3.793750E+00  5.521E-04
3.793810E+00  5.739E-04
3.793870E+00  6.115E-04
3.793929E+00  7.019E-04
3.793988E+00  1.024E-03
3.794047E+00  2.698E-03
3.794105E+00  3.442E-04
3.794164E+00  4.404E-04
3.794222E+00  9.966E-04
3.794279E+00  8.691E-04
3.794337E+00  6.938E-04
3.794394E+00  5.677E-04
3.794451E+00  4.799E-04
3.794508E+00  4.325E-04
3.794565E+00  4.332E-04
3.794621E+00  4.791E-04
3.794677E+00  5.527E-04
3.794789E+00  7.127E-04
3.794954E+00  9.231E-04
3.795009E+00  1.001E-03
3.795063E+00  1.098E-03
3.795117E+00  1.227E-03
3.795171E+00  1.410E-03
3.795225E+00  1.673E-03
3.795279E+00  1.994E-03
3.795332E+00  2.155E-03
3.795385E+00  1.858E-03
3.795438E+00  1.378E-03
3.795491E+00  1.076E-03
3.795543E+00  8.343E-04
3.795596E+00  7.532E-04
3.795648E+00  7.070E-04
3.795699E+00  6.816E-04
3.795802E+00  6.593E-04
3.796006E+00  6.397E-04
3.796056E+00  5.998E-04
3.796106E+00  6.435E-04
3.796156E+00  6.763E-04
3.796740E+00  6.732E-04
3.796787E+00  6.684E-04
3.796835E+00  6.536E-04
3.796882E+00  6.939E-04
3.796929E+00  6.865E-04
3.796975E+00  6.878E-04
3.797022E+00  9.419E-04
3.797068E+00  8.762E-04
3.797114E+00  7.623E-04
3.797160E+00  7.412E-04
3.797206E+00  7.407E-04
3.797251E+00  7.569E-04
3.797297E+00  7.894E-04
3.797342E+00  8.120E-04
3.797387E+00  8.064E-04
3.797565E+00  7.602E-04
3.797653E+00  7.693E-04
3.797784E+00  7.865E-04
3.797827E+00  8.069E-04
3.797870E+00  8.772E-04
3.797913E+00  1.280E-03
3.797956E+00  8.585E-04
3.797999E+00  8.070E-04
3.798041E+00  8.077E-04
3.798126E+00  8.368E-04
3.798168E+00  8.623E-04
3.798209E+00  8.992E-04
3.798251E+00  9.555E-04
3.798293E+00  1.050E-03
3.798334E+00  1.231E-03
3.798375E+00  1.673E-03
3.798416E+00  3.057E-03
3.798457E+00  1.596E-03
3.798498E+00  4.729E-04
3.798538E+00  4.025E-04
3.798619E+00  4.357E-04
3.798659E+00  4.465E-04
3.798699E+00  4.482E-04
3.798739E+00  4.301E-04
3.798778E+00  1.653E-04
3.798818E+00  3.988E-04
3.798857E+00  3.839E-04
3.798896E+00  3.461E-04
3.798935E+00  3.045E-04
3.798974E+00  3.261E-04
3.799013E+00  5.914E-04
3.799052E+00  8.072E-04
3.799090E+00  7.918E-04
3.799167E+00  6.315E-04
3.799205E+00  5.602E-04
3.799243E+00  5.121E-04
3.799280E+00  5.011E-04
3.799318E+00  5.297E-04
3.799356E+00  5.852E-04
3.799467E+00  7.744E-04
3.799541E+00  8.917E-04
3.799578E+00  9.590E-04
3.799614E+00  1.042E-03
3.799651E+00  1.153E-03
3.799687E+00  1.308E-03
3.799723E+00  1.534E-03
3.799759E+00  1.718E-03
3.799795E+00  1.814E-03
3.799831E+00  1.580E-03
3.799866E+00  1.228E-03
3.799902E+00  9.761E-04
3.799937E+00  8.337E-04
3.799972E+00  7.566E-04
3.800007E+00  7.142E-04
3.800042E+00  6.904E-04
3.800112E+00  6.683E-04
3.800215E+00  6.521E-04
3.800250E+00  6.252E-04
3.800284E+00  5.897E-04
3.800318E+00  6.725E-04
3.800684E+00  6.738E-04
3.800749E+00  6.617E-04
3.800781E+00  6.815E-04
3.800813E+00  6.916E-04
3.800845E+00  6.859E-04
3.800877E+00  6.952E-04
3.800909E+00  1.185E-03
3.800941E+00  7.923E-04
3.800973E+00  7.420E-04
3.801004E+00  7.340E-04
3.801036E+00  7.416E-04
3.801067E+00  7.653E-04
3.801098E+00  7.992E-04
3.801129E+00  8.126E-04
3.801222E+00  7.749E-04
3.801283E+00  7.595E-04
3.801404E+00  7.744E-04
3.801434E+00  7.854E-04
3.801464E+00  8.091E-04
3.801494E+00  8.876E-04
3.801524E+00  1.302E-03
3.801554E+00  8.630E-04
3.801583E+00  8.025E-04
3.801613E+00  8.039E-04
3.801642E+00  8.180E-04
3.801671E+00  8.403E-04
3.801700E+00  8.736E-04
3.801729E+00  9.250E-04
3.801758E+00  1.012E-03
3.801787E+00  1.185E-03
3.801816E+00  1.642E-03
3.801845E+00  3.554E-03
3.801873E+00  9.517E-04
3.801902E+00  3.516E-04
3.801930E+00  3.729E-04
3.801958E+00  4.081E-04
3.801986E+00  4.295E-04
3.802015E+00  4.359E-04
3.802043E+00  4.206E-04
3.802070E+00  3.386E-04
3.802098E+00  4.990E-04
3.802126E+00  5.156E-04
3.802154E+00  4.856E-04
3.802181E+00  4.518E-04
3.802209E+00  4.103E-04
3.802236E+00  3.650E-04
3.802263E+00  3.564E-04
3.802290E+00  5.386E-04
3.802317E+00  7.582E-04
3.802344E+00  7.775E-04
3.802371E+00  7.187E-04
3.802425E+00  5.838E-04
3.802451E+00  5.355E-04
3.802478E+00  5.170E-04
3.802504E+00  5.349E-04
3.802531E+00  5.813E-04
3.802661E+00  8.732E-04
3.802687E+00  9.416E-04
3.802713E+00  9.737E-04
3.802739E+00  1.097E-03
3.802764E+00  1.236E-03
3.802790E+00  1.419E-03
3.802815E+00  1.622E-03
3.802841E+00  1.707E-03
3.802866E+00  1.522E-03
3.802891E+00  1.213E-03
3.802916E+00  9.778E-04
3.802941E+00  8.395E-04
3.802966E+00  7.630E-04
3.802991E+00  7.203E-04
3.803016E+00  6.959E-04
3.803065E+00  6.727E-04
3.803138E+00  6.520E-04
3.803163E+00  5.619E-04
3.803187E+00  6.588E-04
3.803211E+00  6.716E-04
3.803449E+00  6.742E-04
3.803495E+00  6.649E-04
3.803518E+00  6.689E-04
3.803541E+00  6.942E-04
3.803587E+00  6.890E-04
3.803610E+00  8.336E-04
3.803633E+00  8.219E-04
3.803656E+00  7.405E-04
3.803679E+00  7.293E-04
3.803701E+00  7.335E-04
3.803724E+00  7.511E-04
3.803769E+00  8.098E-04
3.803791E+00  8.075E-04
3.803835E+00  7.769E-04
3.803879E+00  7.570E-04
3.803967E+00  7.675E-04
3.804010E+00  7.913E-04
3.804032E+00  8.284E-04
3.804053E+00  9.828E-04
3.804075E+00  1.170E-03
3.804096E+00  8.250E-04
3.804118E+00  7.993E-04
3.804139E+00  8.078E-04
3.804160E+00  8.278E-04
3.804181E+00  8.593E-04
3.804202E+00  9.093E-04
3.804223E+00  9.968E-04
3.804244E+00  1.181E-03
3.804265E+00  1.742E-03
3.804286E+00  4.032E-03
3.804307E+00  4.078E-04
3.804327E+00  3.472E-04
3.804348E+00  4.052E-04
3.804368E+00  4.446E-04
3.804389E+00  4.680E-04
3.804409E+00  4.794E-04
3.804430E+00  4.785E-04
3.804450E+00  4.569E-04
3.804470E+00  5.121E-04
3.804490E+00  5.314E-04
3.804531E+00  4.852E-04
3.804551E+00  4.543E-04
3.804566E+00  4.244E-04
3.814546E+00  7.132E-04
3.964546E+00  5.553E-04
4.014546E+00  5.125E-04
4.064546E+00  4.825E-04
4.114546E+00  4.660E-04
4.164546E+00  4.618E-04
4.314546E+00  4.799E-04
4.364546E+00  4.784E-04
4.414546E+00  4.667E-04
4.464546E+00  4.453E-04
4.514546E+00  4.162E-04
4.664546E+00  3.117E-04
4.714546E+00  2.836E-04
4.764546E+00  2.631E-04
4.814546E+00  2.519E-04
4.864546E+00  2.503E-04
4.914546E+00  2.570E-04
5.014546E+00  2.813E-04
5.064546E+00  2.911E-04
5.114546E+00  2.947E-04
5.164546E+00  2.902E-04
5.214546E+00  2.778E-04
5.264546E+00  2.593E-04
5.414546E+00  1.894E-04
5.464546E+00  1.682E-04
5.514546E+00  1.511E-04
5.564546E+00  1.397E-04
5.614546E+00  1.351E-04
5.664546E+00  1.375E-04
5.714546E+00  1.460E-04
5.814546E+00  1.720E-04
5.864546E+00  1.833E-04
5.914546E+00  1.898E-04
5.964546E+00  1.899E-04
6.014546E+00  1.836E-04
6.064546E+00  1.722E-04
6.164546E+00  1.409E-04
6.264546E+00  1.088E-04
6.314546E+00  9.493E-05
6.364546E+00  8.373E-05
6.414546E+00  7.618E-05
6.464546E+00  7.331E-05
6.514546E+00  7.572E-05
6.564546E+00  8.322E-05
6.614546E+00  9.452E-05
6.664546E+00  1.074E-04
6.714546E+00  1.191E-04
6.764546E+00  1.272E-04
6.814546E+00  1.302E-04
6.864546E+00  1.278E-04
6.914546E+00  1.209E-04
6.964546E+00  1.111E-04
7.114546E+00  7.781E-05
7.164546E+00  6.764E-05
7.214546E+00  5.819E-05
7.264546E+00  4.982E-05
7.314546E+00  4.336E-05
7.364546E+00  3.989E-05
7.414546E+00  4.048E-05
7.464546E+00  4.553E-05
7.514546E+00  5.456E-05
7.614546E+00  7.769E-05
7.664546E+00  8.725E-05
7.714546E+00  9.284E-05
7.764546E+00  9.374E-05
7.814546E+00  9.024E-05
7.864546E+00  8.371E-05
7.964546E+00  6.770E-05
8.014546E+00  6.044E-05
8.164546E+00  4.160E-05
8.264546E+00  2.866E-05
8.314546E+00  2.372E-05
8.364546E+00  2.158E-05
8.414546E+00  2.337E-05
8.464546E+00  2.939E-05
8.514546E+00  3.888E-05
8.564545E+00  5.013E-05
8.614545E+00  6.085E-05
8.664545E+00  6.892E-05
8.714545E+00  7.287E-05
8.764545E+00  7.236E-05
8.814545E+00  6.819E-05
8.914545E+00  5.521E-05
8.964545E+00  4.952E-05
9.014545E+00  4.538E-05
9.114545E+00  3.981E-05
9.164545E+00  3.640E-05
9.214545E+00  3.157E-05
9.264545E+00  2.548E-05
9.314545E+00  1.910E-05
9.364545E+00  1.406E-05
9.414545E+00  1.201E-05
9.464545E+00  1.410E-05
9.514545E+00  2.053E-05
9.564545E+00  3.032E-05
9.614545E+00  4.156E-05
9.664545E+00  5.193E-05
9.714545E+00  5.927E-05
9.764545E+00  6.232E-05
9.814545E+00  6.092E-05
9.864545E+00  5.607E-05
9.964545E+00  4.337E-05
1.001455E+01  3.898E-05
1.052801E+01  3.355E-05
1.106779E+01  2.888E-05
1.163525E+01  2.485E-05
1.223181E+01  2.139E-05
1.285895E+01  1.841E-05
1.351824E+01  1.585E-05
1.421134E+01  1.364E-05
1.493998E+01  1.174E-05
1.570597E+01  1.011E-05
1.651123E+01  8.698E-06
1.735779E+01  7.486E-06
1.824774E+01  6.443E-06
1.918333E+01  5.546E-06
2.016688E+01  4.773E-06
2.120086E+01  4.108E-06
2.228786E+01  3.536E-06
2.343059E+01  3.044E-06
2.463190E+01  2.620E-06
2.589482E+01  2.255E-06
2.722248E+01  1.941E-06
2.861821E+01  1.670E-06
3.008550E+01  1.438E-06
3.162802E+01  1.237E-06
3.324963E+01  1.065E-06
3.495438E+01  9.167E-07
3.674654E+01  7.890E-07
3.863058E+01  6.791E-07
