# photon energy(Ry), cross section(Mb)
2.890006E-01  9.484E+00
2.910006E-01  9.386E+00
2.930006E-01  9.289E+00
2.950006E-01  9.193E+00
2.970006E-01  9.099E+00
2.990006E-01  9.007E+00
3.010006E-01  8.916E+00
3.030006E-01  8.826E+00
3.050006E-01  8.737E+00
3.070006E-01  8.650E+00
3.090006E-01  8.564E+00
3.110006E-01  8.479E+00
3.130006E-01  8.395E+00
3.150006E-01  8.312E+00
3.170006E-01  8.231E+00
3.190006E-01  8.150E+00
3.210006E-01  8.071E+00
3.230006E-01  7.993E+00
3.250006E-01  7.915E+00
3.270006E-01  7.839E+00
3.290006E-01  7.764E+00
3.310006E-01  7.689E+00
3.330006E-01  7.616E+00
3.350006E-01  7.543E+00
3.370006E-01  7.471E+00
3.390006E-01  7.400E+00
3.410006E-01  7.331E+00
3.430006E-01  7.262E+00
3.450006E-01  7.193E+00
3.470006E-01  7.126E+00
3.490006E-01  7.059E+00
3.510006E-01  6.994E+00
3.530006E-01  6.929E+00
3.550006E-01  6.865E+00
3.570006E-01  6.802E+00
3.590006E-01  6.739E+00
3.610006E-01  6.677E+00
3.630006E-01  6.616E+00
3.650006E-01  6.556E+00
3.670006E-01  6.497E+00
3.690006E-01  6.438E+00
3.710006E-01  6.380E+00
3.730006E-01  6.323E+00
3.750006E-01  6.266E+00
3.770006E-01  6.210E+00
3.790006E-01  6.155E+00
3.810006E-01  6.101E+00
3.830006E-01  6.047E+00
3.850006E-01  5.994E+00
3.870006E-01  5.941E+00
3.890006E-01  5.889E+00
3.910006E-01  5.838E+00
3.930006E-01  5.787E+00
3.950006E-01  5.737E+00
3.970006E-01  5.688E+00
3.990006E-01  5.639E+00
4.010006E-01  5.591E+00
4.030006E-01  5.543E+00
4.050006E-01  5.496E+00
4.070006E-01  5.449E+00
4.090006E-01  5.403E+00
4.110006E-01  5.357E+00
4.130006E-01  5.312E+00
4.150006E-01  5.268E+00
4.170006E-01  5.224E+00
4.190006E-01  5.180E+00
4.210006E-01  5.137E+00
4.230006E-01  5.095E+00
4.250006E-01  5.053E+00
4.270006E-01  5.011E+00
4.290006E-01  4.970E+00
4.310006E-01  4.929E+00
4.330006E-01  4.889E+00
4.350006E-01  4.849E+00
4.370006E-01  4.810E+00
4.390006E-01  4.771E+00
4.410006E-01  4.733E+00
4.430006E-01  4.694E+00
4.450006E-01  4.657E+00
4.470006E-01  4.620E+00
4.490006E-01  4.583E+00
4.510006E-01  4.546E+00
4.530006E-01  4.510E+00
4.550006E-01  4.475E+00
4.570006E-01  4.439E+00
4.590006E-01  4.405E+00
4.610006E-01  4.370E+00
4.630006E-01  4.336E+00
4.650006E-01  4.302E+00
4.670006E-01  4.269E+00
4.690006E-01  4.236E+00
4.710006E-01  4.203E+00
4.730006E-01  4.171E+00
4.750006E-01  4.139E+00
4.770006E-01  4.107E+00
4.790006E-01  4.076E+00
4.810006E-01  4.045E+00
4.830006E-01  4.014E+00
4.850006E-01  3.984E+00
4.870006E-01  3.954E+00
4.890006E-01  3.924E+00
4.910006E-01  3.895E+00
4.930006E-01  3.866E+00
4.950006E-01  3.837E+00
4.970006E-01  3.809E+00
4.990006E-01  3.781E+00
5.010006E-01  3.753E+00
5.030006E-01  3.726E+00
5.050006E-01  3.699E+00
5.070006E-01  3.672E+00
5.090006E-01  3.645E+00
5.110006E-01  3.619E+00
5.130006E-01  3.593E+00
5.150006E-01  3.567E+00
5.170006E-01  3.542E+00
5.190006E-01  3.516E+00
5.210006E-01  3.491E+00
5.230006E-01  3.467E+00
5.250006E-01  3.442E+00
5.270006E-01  3.418E+00
5.290006E-01  3.394E+00
5.310006E-01  3.371E+00
5.330006E-01  3.347E+00
5.350006E-01  3.324E+00
5.370006E-01  3.301E+00
5.390006E-01  3.278E+00
5.410006E-01  3.256E+00
5.430006E-01  3.234E+00
5.450006E-01  3.212E+00
5.470006E-01  3.190E+00
5.490006E-01  3.168E+00
5.510006E-01  3.147E+00
5.530006E-01  3.126E+00
5.550006E-01  3.105E+00
5.570006E-01  3.084E+00
5.590006E-01  3.064E+00
5.610006E-01  3.043E+00
5.630006E-01  3.023E+00
5.650006E-01  3.003E+00
5.670006E-01  2.983E+00
5.690006E-01  2.964E+00
5.710006E-01  2.944E+00
5.730006E-01  2.925E+00
5.750006E-01  2.906E+00
5.770006E-01  2.887E+00
5.790006E-01  2.868E+00
5.810006E-01  2.850E+00
5.830006E-01  2.831E+00
5.850006E-01  2.813E+00
5.870006E-01  2.795E+00
5.890006E-01  2.777E+00
5.910006E-01  2.759E+00
5.930006E-01  2.742E+00
5.950006E-01  2.724E+00
5.970006E-01  2.707E+00
5.990006E-01  2.690E+00
6.010006E-01  2.673E+00
6.030006E-01  2.656E+00
6.050006E-01  2.639E+00
6.070006E-01  2.622E+00
6.090006E-01  2.606E+00
6.110006E-01  2.590E+00
6.130006E-01  2.573E+00
6.150006E-01  2.557E+00
6.170006E-01  2.541E+00
6.190006E-01  2.525E+00
6.210006E-01  2.510E+00
6.230006E-01  2.494E+00
6.250006E-01  2.479E+00
6.270006E-01  2.463E+00
6.290006E-01  2.448E+00
6.310006E-01  2.433E+00
6.330006E-01  2.418E+00
6.350006E-01  2.403E+00
6.370006E-01  2.388E+00
6.390006E-01  2.374E+00
6.410006E-01  2.359E+00
6.430006E-01  2.345E+00
6.450006E-01  2.330E+00
6.470006E-01  2.316E+00
6.490006E-01  2.302E+00
6.510006E-01  2.288E+00
6.530006E-01  2.274E+00
6.550006E-01  2.260E+00
6.570006E-01  2.247E+00
6.590006E-01  2.233E+00
6.610006E-01  2.220E+00
6.630006E-01  2.207E+00
6.650006E-01  2.193E+00
6.670006E-01  2.180E+00
6.690006E-01  2.167E+00
6.710006E-01  2.154E+00
6.730006E-01  2.141E+00
6.750006E-01  2.129E+00
6.770006E-01  2.116E+00
6.790006E-01  2.104E+00
6.810006E-01  2.091E+00
6.830006E-01  2.079E+00
6.850006E-01  2.067E+00
6.870006E-01  2.055E+00
6.890006E-01  2.043E+00
6.910006E-01  2.031E+00
6.930006E-01  2.019E+00
6.950006E-01  2.007E+00
6.970006E-01  1.996E+00
6.990006E-01  1.984E+00
7.010006E-01  1.973E+00
7.030006E-01  1.961E+00
7.050006E-01  1.950E+00
7.070006E-01  1.939E+00
7.090006E-01  1.928E+00
7.110006E-01  1.917E+00
7.130006E-01  1.906E+00
7.150006E-01  1.895E+00
7.170006E-01  1.885E+00
7.190006E-01  1.874E+00
7.210006E-01  1.864E+00
7.230006E-01  1.853E+00
7.250006E-01  1.843E+00
7.270006E-01  1.833E+00
7.290006E-01  1.822E+00
7.310006E-01  1.812E+00
7.330006E-01  1.802E+00
7.350006E-01  1.793E+00
7.370006E-01  1.783E+00
7.390006E-01  1.773E+00
7.410006E-01  1.763E+00
7.430006E-01  1.754E+00
7.450006E-01  1.744E+00
7.470006E-01  1.735E+00
7.490006E-01  1.726E+00
7.510006E-01  1.716E+00
7.530006E-01  1.707E+00
7.550006E-01  1.698E+00
7.570006E-01  1.689E+00
7.590006E-01  1.680E+00
7.610006E-01  1.671E+00
7.630006E-01  1.663E+00
7.650006E-01  1.654E+00
7.670006E-01  1.645E+00
7.690006E-01  1.637E+00
7.710006E-01  1.628E+00
7.730006E-01  1.620E+00
7.750006E-01  1.611E+00
7.770006E-01  1.603E+00
7.790006E-01  1.595E+00
7.810006E-01  1.587E+00
7.830006E-01  1.579E+00
7.850006E-01  1.571E+00
7.870006E-01  1.563E+00
7.890006E-01  1.555E+00
7.910006E-01  1.547E+00
7.930006E-01  1.539E+00
7.950006E-01  1.531E+00
7.970006E-01  1.524E+00
7.990006E-01  1.516E+00
8.010006E-01  1.509E+00
8.030006E-01  1.501E+00
8.050006E-01  1.494E+00
8.070006E-01  1.486E+00
8.090006E-01  1.479E+00
8.110006E-01  1.472E+00
8.130006E-01  1.464E+00
8.150006E-01  1.457E+00
8.170006E-01  1.450E+00
8.190006E-01  1.443E+00
8.210006E-01  1.436E+00
8.230006E-01  1.429E+00
8.250006E-01  1.422E+00
8.270006E-01  1.415E+00
8.290006E-01  1.408E+00
8.310006E-01  1.401E+00
8.330006E-01  1.395E+00
8.350006E-01  1.388E+00
8.370006E-01  1.381E+00
8.390006E-01  1.375E+00
8.410006E-01  1.368E+00
8.430006E-01  1.361E+00
8.450006E-01  1.355E+00
8.470006E-01  1.348E+00
8.490006E-01  1.342E+00
8.510006E-01  1.336E+00
8.530006E-01  1.329E+00
8.550006E-01  1.323E+00
8.570006E-01  1.317E+00
8.590006E-01  1.310E+00
8.610006E-01  1.304E+00
8.630006E-01  1.298E+00
8.650006E-01  1.292E+00
8.670006E-01  1.286E+00
8.690006E-01  1.280E+00
8.710006E-01  1.273E+00
8.730006E-01  1.267E+00
8.750006E-01  1.261E+00
8.770006E-01  1.256E+00
8.790006E-01  1.250E+00
8.810006E-01  1.244E+00
8.830006E-01  1.238E+00
8.850006E-01  1.232E+00
8.870006E-01  1.226E+00
8.890006E-01  1.220E+00
8.910006E-01  1.215E+00
8.930006E-01  1.209E+00
8.950006E-01  1.203E+00
8.970006E-01  1.198E+00
8.990006E-01  1.192E+00
9.010006E-01  1.187E+00
9.030006E-01  1.181E+00
9.050006E-01  1.175E+00
9.070006E-01  1.170E+00
9.090006E-01  1.164E+00
9.110006E-01  1.159E+00
9.130006E-01  1.154E+00
9.150006E-01  1.148E+00
9.170006E-01  1.143E+00
9.190006E-01  1.138E+00
9.210006E-01  1.132E+00
9.230006E-01  1.127E+00
9.250006E-01  1.122E+00
9.270006E-01  1.117E+00
9.290006E-01  1.111E+00
9.310006E-01  1.106E+00
9.330006E-01  1.101E+00
9.350006E-01  1.096E+00
9.370006E-01  1.091E+00
9.390006E-01  1.086E+00
9.410006E-01  1.081E+00
9.430006E-01  1.076E+00
9.450006E-01  1.071E+00
9.470006E-01  1.066E+00
9.490006E-01  1.061E+00
9.510006E-01  1.056E+00
9.530006E-01  1.052E+00
9.550006E-01  1.047E+00
9.570006E-01  1.042E+00
9.590006E-01  1.037E+00
9.610006E-01  1.033E+00
9.630006E-01  1.028E+00
9.650006E-01  1.023E+00
9.670006E-01  1.019E+00
9.690006E-01  1.014E+00
9.710006E-01  1.010E+00
9.730006E-01  1.005E+00
9.750006E-01  1.000E+00
9.770006E-01  9.960E-01
9.790006E-01  9.915E-01
9.810006E-01  9.871E-01
9.830006E-01  9.827E-01
9.850006E-01  9.784E-01
9.870006E-01  9.740E-01
9.890006E-01  9.697E-01
9.910006E-01  9.654E-01
9.930006E-01  9.612E-01
9.950006E-01  9.570E-01
9.970006E-01  9.528E-01
9.990006E-01  9.486E-01
1.001001E+00  9.445E-01
1.003001E+00  9.403E-01
1.005001E+00  9.363E-01
1.007001E+00  9.322E-01
1.009001E+00  9.282E-01
1.011001E+00  9.242E-01
1.013001E+00  9.202E-01
1.015001E+00  9.162E-01
1.017001E+00  9.123E-01
1.019001E+00  9.084E-01
1.021001E+00  9.046E-01
1.023001E+00  9.007E-01
1.025001E+00  8.969E-01
1.027001E+00  8.931E-01
1.029001E+00  8.894E-01
1.031001E+00  8.856E-01
1.033001E+00  8.819E-01
1.035001E+00  8.782E-01
1.037001E+00  8.746E-01
1.039001E+00  8.709E-01
1.041001E+00  8.673E-01
1.043001E+00  8.637E-01
1.045001E+00  8.602E-01
1.047001E+00  8.567E-01
1.049001E+00  8.531E-01
1.051001E+00  8.497E-01
1.053001E+00  8.462E-01
1.055001E+00  8.428E-01
1.057001E+00  8.393E-01
1.059001E+00  8.359E-01
1.061001E+00  8.326E-01
1.063001E+00  8.292E-01
1.065001E+00  8.259E-01
1.067001E+00  8.226E-01
1.069001E+00  8.193E-01
1.071001E+00  8.160E-01
1.073001E+00  8.128E-01
1.075001E+00  8.096E-01
1.077001E+00  8.064E-01
1.079001E+00  8.032E-01
1.081001E+00  8.001E-01
1.083001E+00  7.969E-01
1.085001E+00  7.938E-01
1.087001E+00  7.907E-01
1.089001E+00  7.876E-01
1.091001E+00  7.846E-01
1.093001E+00  7.815E-01
1.095001E+00  7.785E-01
1.097001E+00  7.755E-01
1.099001E+00  7.725E-01
1.101001E+00  7.695E-01
1.103001E+00  7.666E-01
1.105001E+00  7.636E-01
1.107001E+00  7.607E-01
1.109001E+00  7.578E-01
1.111001E+00  7.549E-01
1.113001E+00  7.521E-01
1.115001E+00  7.492E-01
1.117001E+00  7.464E-01
1.119001E+00  7.436E-01
1.121001E+00  7.407E-01
1.123001E+00  7.379E-01
1.125001E+00  7.352E-01
1.127001E+00  7.324E-01
1.129001E+00  7.297E-01
1.131001E+00  7.269E-01
1.133001E+00  7.242E-01
1.135001E+00  7.215E-01
1.137001E+00  7.188E-01
1.139001E+00  7.161E-01
1.141001E+00  7.134E-01
1.143001E+00  7.108E-01
1.145001E+00  7.081E-01
1.147001E+00  7.055E-01
1.149001E+00  7.029E-01
1.151001E+00  7.002E-01
1.153001E+00  6.976E-01
1.155001E+00  6.951E-01
1.157001E+00  6.925E-01
1.159001E+00  6.899E-01
1.161001E+00  6.874E-01
1.163001E+00  6.848E-01
1.165001E+00  6.823E-01
1.167001E+00  6.798E-01
1.169001E+00  6.772E-01
1.171001E+00  6.747E-01
1.173001E+00  6.722E-01
1.175001E+00  6.698E-01
1.177001E+00  6.673E-01
1.179001E+00  6.648E-01
1.181001E+00  6.624E-01
1.183001E+00  6.599E-01
1.185001E+00  6.575E-01
1.187001E+00  6.550E-01
1.189001E+00  6.526E-01
1.191001E+00  6.502E-01
1.193001E+00  6.478E-01
1.195001E+00  6.454E-01
1.197001E+00  6.430E-01
1.199001E+00  6.407E-01
1.201001E+00  6.383E-01
1.203001E+00  6.359E-01
1.205001E+00  6.336E-01
1.207001E+00  6.312E-01
1.209001E+00  6.289E-01
1.211001E+00  6.266E-01
1.213001E+00  6.243E-01
1.215001E+00  6.220E-01
1.217001E+00  6.197E-01
1.219001E+00  6.174E-01
1.221001E+00  6.151E-01
1.223001E+00  6.128E-01
1.225001E+00  6.105E-01
1.227001E+00  6.083E-01
1.229001E+00  6.060E-01
1.231001E+00  6.038E-01
1.233001E+00  6.015E-01
1.235001E+00  5.993E-01
1.237001E+00  5.971E-01
1.239001E+00  5.949E-01
1.241001E+00  5.927E-01
1.243001E+00  5.905E-01
1.245001E+00  5.883E-01
1.247001E+00  5.861E-01
1.249001E+00  5.839E-01
1.251001E+00  5.818E-01
1.253001E+00  5.796E-01
1.255001E+00  5.775E-01
1.257001E+00  5.753E-01
1.259001E+00  5.732E-01
1.261001E+00  5.711E-01
1.263001E+00  5.690E-01
1.265001E+00  5.669E-01
1.267001E+00  5.648E-01
1.269001E+00  5.627E-01
1.271001E+00  5.606E-01
1.273001E+00  5.585E-01
1.275001E+00  5.565E-01
1.277001E+00  5.544E-01
1.279001E+00  5.524E-01
1.281001E+00  5.503E-01
1.283001E+00  5.483E-01
1.285001E+00  5.463E-01
1.287001E+00  5.443E-01
1.289001E+00  5.423E-01
1.291001E+00  5.403E-01
1.293001E+00  5.383E-01
1.295001E+00  5.363E-01
1.297001E+00  5.344E-01
1.299001E+00  5.324E-01
1.301001E+00  5.305E-01
1.303001E+00  5.285E-01
1.305001E+00  5.266E-01
1.307001E+00  5.247E-01
1.309001E+00  5.228E-01
1.311001E+00  5.209E-01
1.313001E+00  5.190E-01
1.315001E+00  5.171E-01
1.317001E+00  5.152E-01
1.319001E+00  5.133E-01
1.321001E+00  5.115E-01
1.323001E+00  5.096E-01
1.325001E+00  5.078E-01
1.327001E+00  5.060E-01
1.329001E+00  5.042E-01
1.331001E+00  5.023E-01
1.333001E+00  5.005E-01
1.335001E+00  4.988E-01
1.337001E+00  4.970E-01
1.339001E+00  4.952E-01
1.341001E+00  4.935E-01
1.343001E+00  4.917E-01
1.345001E+00  4.900E-01
1.347001E+00  4.882E-01
1.349001E+00  4.865E-01
1.351001E+00  4.848E-01
1.353001E+00  4.831E-01
1.355001E+00  4.814E-01
1.357001E+00  4.797E-01
1.359001E+00  4.780E-01
1.361001E+00  4.764E-01
1.363001E+00  4.747E-01
1.365001E+00  4.731E-01
1.367001E+00  4.714E-01
1.369001E+00  4.698E-01
1.371001E+00  4.682E-01
1.373001E+00  4.666E-01
1.375001E+00  4.650E-01
1.377001E+00  4.634E-01
1.379001E+00  4.618E-01
1.381001E+00  4.602E-01
1.383001E+00  4.587E-01
1.385001E+00  4.571E-01
1.387001E+00  4.556E-01
1.389001E+00  4.540E-01
1.391001E+00  4.525E-01
1.393001E+00  4.510E-01
1.395001E+00  4.495E-01
1.397001E+00  4.480E-01
1.399001E+00  4.465E-01
1.401001E+00  4.450E-01
1.403001E+00  4.435E-01
1.405001E+00  4.420E-01
1.407001E+00  4.406E-01
1.409001E+00  4.391E-01
1.411001E+00  4.377E-01
1.413001E+00  4.362E-01
1.415001E+00  4.348E-01
1.417001E+00  4.334E-01
1.419001E+00  4.320E-01
1.421001E+00  4.306E-01
1.423001E+00  4.292E-01
1.425001E+00  4.278E-01
1.427001E+00  4.264E-01
1.429001E+00  4.250E-01
1.431001E+00  4.237E-01
1.433001E+00  4.223E-01
1.435001E+00  4.210E-01
1.437001E+00  4.196E-01
1.439001E+00  4.183E-01
1.441001E+00  4.170E-01
1.443001E+00  4.156E-01
1.445001E+00  4.143E-01
1.447001E+00  4.130E-01
1.449001E+00  4.117E-01
1.451001E+00  4.104E-01
1.453001E+00  4.091E-01
1.455001E+00  4.079E-01
1.457001E+00  4.066E-01
1.459001E+00  4.053E-01
1.461001E+00  4.040E-01
1.463001E+00  4.028E-01
1.465001E+00  4.015E-01
1.467001E+00  4.003E-01
1.469001E+00  3.991E-01
1.471001E+00  3.978E-01
1.473001E+00  3.966E-01
1.475001E+00  3.954E-01
1.477001E+00  3.941E-01
1.479001E+00  3.929E-01
1.481001E+00  3.917E-01
1.483001E+00  3.905E-01
1.485001E+00  3.893E-01
1.487001E+00  3.881E-01
1.489001E+00  3.869E-01
1.491001E+00  3.858E-01
1.493001E+00  3.846E-01
1.495001E+00  3.834E-01
1.497001E+00  3.822E-01
1.499001E+00  3.811E-01
1.501001E+00  3.799E-01
1.503001E+00  3.788E-01
1.505001E+00  3.776E-01
1.507001E+00  3.765E-01
1.509001E+00  3.753E-01
1.511001E+00  3.742E-01
1.513001E+00  3.730E-01
1.515001E+00  3.719E-01
1.517001E+00  3.708E-01
1.519001E+00  3.697E-01
1.521001E+00  3.685E-01
1.523001E+00  3.674E-01
1.525001E+00  3.663E-01
1.527001E+00  3.652E-01
1.529001E+00  3.641E-01
1.531001E+00  3.630E-01
1.533001E+00  3.619E-01
1.535001E+00  3.608E-01
1.537001E+00  3.597E-01
1.539001E+00  3.586E-01
1.541001E+00  3.575E-01
1.543001E+00  3.564E-01
1.545001E+00  3.553E-01
1.547001E+00  3.543E-01
1.549001E+00  3.532E-01
1.551001E+00  3.521E-01
1.553001E+00  3.510E-01
1.555001E+00  3.500E-01
1.557001E+00  3.489E-01
1.559001E+00  3.478E-01
1.561001E+00  3.468E-01
1.563001E+00  3.457E-01
1.565001E+00  3.447E-01
1.567001E+00  3.436E-01
1.569001E+00  3.426E-01
1.571001E+00  3.415E-01
1.573001E+00  3.405E-01
1.575001E+00  3.394E-01
1.577001E+00  3.384E-01
1.579001E+00  3.373E-01
1.581001E+00  3.363E-01
1.583001E+00  3.353E-01
1.585001E+00  3.342E-01
1.587001E+00  3.332E-01
1.589001E+00  3.322E-01
1.591001E+00  3.311E-01
1.593001E+00  3.301E-01
1.595001E+00  3.291E-01
1.597001E+00  3.281E-01
1.599001E+00  3.270E-01
1.601001E+00  3.260E-01
1.603001E+00  3.250E-01
1.605001E+00  3.240E-01
1.607001E+00  3.230E-01
1.609001E+00  3.220E-01
1.611001E+00  3.210E-01
1.613001E+00  3.200E-01
1.615001E+00  3.190E-01
1.617001E+00  3.180E-01
1.619001E+00  3.170E-01
1.621001E+00  3.160E-01
1.623001E+00  3.150E-01
1.625001E+00  3.140E-01
1.627001E+00  3.130E-01
1.629001E+00  3.120E-01
1.631001E+00  3.110E-01
1.633001E+00  3.101E-01
1.635001E+00  3.091E-01
1.637001E+00  3.081E-01
1.639001E+00  3.071E-01
1.641001E+00  3.062E-01
1.643001E+00  3.052E-01
1.645001E+00  3.042E-01
1.647001E+00  3.033E-01
1.649001E+00  3.023E-01
1.651001E+00  3.013E-01
1.653001E+00  3.004E-01
1.655001E+00  2.994E-01
1.657001E+00  2.985E-01
1.659001E+00  2.975E-01
1.661001E+00  2.966E-01
1.663001E+00  2.956E-01
1.665001E+00  2.947E-01
1.667001E+00  2.938E-01
1.669001E+00  2.928E-01
1.671001E+00  2.919E-01
1.673001E+00  2.910E-01
1.675001E+00  2.900E-01
1.677001E+00  2.891E-01
1.679001E+00  2.882E-01
1.681001E+00  2.873E-01
1.683001E+00  2.864E-01
1.685001E+00  2.855E-01
1.687001E+00  2.845E-01
1.689001E+00  2.836E-01
1.691001E+00  2.827E-01
1.693001E+00  2.818E-01
1.695001E+00  2.809E-01
1.697001E+00  2.800E-01
1.699001E+00  2.791E-01
1.701001E+00  2.783E-01
1.703001E+00  2.774E-01
1.705001E+00  2.765E-01
1.707001E+00  2.756E-01
1.709001E+00  2.747E-01
1.711001E+00  2.739E-01
1.713001E+00  2.730E-01
1.715001E+00  2.721E-01
1.717001E+00  2.713E-01
1.719001E+00  2.704E-01
1.721001E+00  2.695E-01
1.723001E+00  2.687E-01
1.725001E+00  2.678E-01
1.727001E+00  2.670E-01
1.729001E+00  2.662E-01
1.731001E+00  2.653E-01
1.733001E+00  2.645E-01
1.735001E+00  2.637E-01
1.737001E+00  2.628E-01
1.739001E+00  2.620E-01
1.741001E+00  2.612E-01
1.743001E+00  2.604E-01
1.745001E+00  2.595E-01
1.747001E+00  2.587E-01
1.749001E+00  2.579E-01
1.751001E+00  2.571E-01
1.753001E+00  2.563E-01
1.755001E+00  2.555E-01
1.757001E+00  2.547E-01
1.759001E+00  2.539E-01
1.761001E+00  2.532E-01
1.763001E+00  2.524E-01
1.765001E+00  2.516E-01
1.767001E+00  2.508E-01
1.769001E+00  2.501E-01
1.771001E+00  2.493E-01
1.773001E+00  2.485E-01
1.775001E+00  2.478E-01
1.777001E+00  2.470E-01
1.779001E+00  2.462E-01
1.781001E+00  2.455E-01
1.783001E+00  2.448E-01
1.785001E+00  2.440E-01
1.787001E+00  2.433E-01
1.789001E+00  2.425E-01
1.791001E+00  2.418E-01
1.793001E+00  2.411E-01
1.795001E+00  2.403E-01
1.797001E+00  2.396E-01
1.799001E+00  2.389E-01
1.801001E+00  2.382E-01
1.803001E+00  2.375E-01
1.805001E+00  2.368E-01
1.807001E+00  2.361E-01
1.809001E+00  2.354E-01
1.811001E+00  2.347E-01
1.813001E+00  2.340E-01
1.815001E+00  2.333E-01
1.817001E+00  2.326E-01
1.819001E+00  2.319E-01
1.821001E+00  2.312E-01
1.823001E+00  2.306E-01
1.825001E+00  2.299E-01
1.827001E+00  2.292E-01
1.829001E+00  2.285E-01
1.831001E+00  2.279E-01
1.833001E+00  2.272E-01
1.835001E+00  2.265E-01
1.837001E+00  2.259E-01
1.839001E+00  2.252E-01
1.841001E+00  2.246E-01
1.843001E+00  2.239E-01
1.845001E+00  2.233E-01
1.847001E+00  2.227E-01
1.849001E+00  2.220E-01
1.851001E+00  2.214E-01
1.853001E+00  2.207E-01
1.855001E+00  2.201E-01
1.857001E+00  2.195E-01
1.859001E+00  2.189E-01
1.861001E+00  2.182E-01
1.863001E+00  2.176E-01
1.865001E+00  2.170E-01
1.867001E+00  2.164E-01
1.869001E+00  2.158E-01
1.871001E+00  2.152E-01
1.873001E+00  2.146E-01
1.875001E+00  2.140E-01
1.877001E+00  2.134E-01
1.879001E+00  2.128E-01
1.881001E+00  2.122E-01
1.883001E+00  2.116E-01
1.885001E+00  2.110E-01
1.887001E+00  2.104E-01
1.889001E+00  2.098E-01
1.891001E+00  2.092E-01
1.893001E+00  2.086E-01
1.895001E+00  2.080E-01
1.897001E+00  2.075E-01
1.899001E+00  2.069E-01
1.901001E+00  2.063E-01
1.903001E+00  2.057E-01
1.905001E+00  2.051E-01
1.907001E+00  2.046E-01
1.909001E+00  2.040E-01
1.911001E+00  2.034E-01
1.913001E+00  2.029E-01
1.915001E+00  2.023E-01
1.917001E+00  2.017E-01
1.919001E+00  2.012E-01
1.921001E+00  2.006E-01
1.923001E+00  2.001E-01
1.925001E+00  1.995E-01
1.927001E+00  1.989E-01
1.929001E+00  1.984E-01
1.931001E+00  1.978E-01
1.933001E+00  1.973E-01
1.935001E+00  1.967E-01
1.937001E+00  1.962E-01
1.939001E+00  1.956E-01
1.941001E+00  1.951E-01
1.943001E+00  1.946E-01
1.945001E+00  1.940E-01
1.947001E+00  1.935E-01
1.949001E+00  1.929E-01
1.951001E+00  1.924E-01
1.953001E+00  1.918E-01
1.955001E+00  1.913E-01
1.957001E+00  1.908E-01
1.959001E+00  1.902E-01
1.961001E+00  1.897E-01
1.963001E+00  1.892E-01
1.965001E+00  1.886E-01
1.967001E+00  1.881E-01
1.969001E+00  1.876E-01
1.971001E+00  1.870E-01
1.973001E+00  1.865E-01
1.975001E+00  1.860E-01
1.977001E+00  1.854E-01
1.979001E+00  1.849E-01
1.981001E+00  1.844E-01
1.983001E+00  1.838E-01
1.985001E+00  1.833E-01
1.987001E+00  1.828E-01
1.989001E+00  1.823E-01
1.991001E+00  1.817E-01
1.993001E+00  1.812E-01
1.995001E+00  1.807E-01
1.997001E+00  1.802E-01
1.999001E+00  1.797E-01
2.001001E+00  1.791E-01
2.003001E+00  1.786E-01
2.005001E+00  1.781E-01
2.007001E+00  1.776E-01
2.009001E+00  1.770E-01
2.011001E+00  1.765E-01
2.013001E+00  1.760E-01
2.015001E+00  1.755E-01
2.017001E+00  1.750E-01
2.019001E+00  1.745E-01
2.021001E+00  1.739E-01
2.023001E+00  1.734E-01
2.025001E+00  1.729E-01
2.027001E+00  1.724E-01
2.029001E+00  1.719E-01
2.031001E+00  1.714E-01
2.033001E+00  1.708E-01
2.035001E+00  1.703E-01
2.037001E+00  1.698E-01
2.039001E+00  1.693E-01
2.041001E+00  1.688E-01
2.043001E+00  1.683E-01
2.045001E+00  1.678E-01
2.047001E+00  1.672E-01
2.049001E+00  1.667E-01
2.051001E+00  1.662E-01
2.053001E+00  1.657E-01
2.055001E+00  1.652E-01
2.057001E+00  1.647E-01
2.059001E+00  1.642E-01
2.061001E+00  1.637E-01
2.063001E+00  1.632E-01
2.065001E+00  1.626E-01
2.067001E+00  1.621E-01
2.069001E+00  1.616E-01
2.071001E+00  1.611E-01
2.073001E+00  1.606E-01
2.075001E+00  1.601E-01
2.077001E+00  1.596E-01
2.079001E+00  1.591E-01
2.081001E+00  1.586E-01
2.083001E+00  1.581E-01
2.085001E+00  1.576E-01
2.087001E+00  1.571E-01
2.089001E+00  1.566E-01
2.091001E+00  1.561E-01
2.093001E+00  1.556E-01
2.095001E+00  1.551E-01
2.097001E+00  1.546E-01
2.099001E+00  1.541E-01
2.101001E+00  1.536E-01
2.103001E+00  1.531E-01
2.105001E+00  1.526E-01
2.107001E+00  1.521E-01
2.109001E+00  1.516E-01
2.111001E+00  1.511E-01
2.113001E+00  1.506E-01
2.115001E+00  1.501E-01
2.117001E+00  1.496E-01
2.119001E+00  1.491E-01
2.121001E+00  1.486E-01
2.123001E+00  1.481E-01
2.125001E+00  1.476E-01
2.127001E+00  1.471E-01
2.129001E+00  1.466E-01
2.131001E+00  1.462E-01
2.133001E+00  1.457E-01
2.135001E+00  1.452E-01
2.137001E+00  1.447E-01
2.139001E+00  1.442E-01
2.141001E+00  1.437E-01
2.143001E+00  1.432E-01
2.145001E+00  1.428E-01
2.147001E+00  1.423E-01
2.149001E+00  1.418E-01
2.151001E+00  1.413E-01
2.153001E+00  1.408E-01
2.155001E+00  1.403E-01
2.157001E+00  1.399E-01
2.159001E+00  1.394E-01
2.161001E+00  1.389E-01
2.163001E+00  1.384E-01
2.165001E+00  1.380E-01
2.167001E+00  1.375E-01
2.169001E+00  1.370E-01
2.171001E+00  1.366E-01
2.173001E+00  1.361E-01
2.175001E+00  1.356E-01
2.177001E+00  1.351E-01
2.179001E+00  1.347E-01
2.181001E+00  1.342E-01
2.183001E+00  1.338E-01
2.185001E+00  1.333E-01
2.187001E+00  1.328E-01
2.189001E+00  1.324E-01
2.191001E+00  1.319E-01
2.193001E+00  1.315E-01
2.195001E+00  1.310E-01
2.197001E+00  1.305E-01
2.199001E+00  1.301E-01
2.201001E+00  1.296E-01
2.203001E+00  1.292E-01
2.205001E+00  1.287E-01
2.207001E+00  1.283E-01
2.209001E+00  1.278E-01
2.211001E+00  1.274E-01
2.213001E+00  1.269E-01
2.215001E+00  1.265E-01
2.217001E+00  1.260E-01
2.219001E+00  1.256E-01
2.221001E+00  1.252E-01
2.223001E+00  1.247E-01
2.225001E+00  1.243E-01
2.227001E+00  1.238E-01
2.229001E+00  1.234E-01
2.231001E+00  1.230E-01
2.233001E+00  1.225E-01
2.235001E+00  1.221E-01
2.237001E+00  1.217E-01
2.239001E+00  1.212E-01
2.241001E+00  1.208E-01
2.243001E+00  1.204E-01
2.245001E+00  1.199E-01
2.247001E+00  1.195E-01
2.249001E+00  1.191E-01
2.251001E+00  1.187E-01
2.253001E+00  1.183E-01
2.255001E+00  1.178E-01
2.257001E+00  1.174E-01
2.259001E+00  1.170E-01
2.261001E+00  1.166E-01
2.263001E+00  1.162E-01
2.265001E+00  1.157E-01
2.267001E+00  1.153E-01
2.269001E+00  1.149E-01
2.271001E+00  1.145E-01
2.273001E+00  1.141E-01
2.275001E+00  1.137E-01
2.277001E+00  1.133E-01
2.279001E+00  1.129E-01
2.281001E+00  1.125E-01
2.283001E+00  1.120E-01
2.285001E+00  1.116E-01
2.287001E+00  1.112E-01
2.299001E+00  1.088E-01
2.318403E+00  1.050E-01
2.512711E+00  6.760E-02
2.588677E+00  5.093E-02
2.643777E+00  3.734E-02
2.692622E+00  2.405E-02
2.744250E+00  9.223E-03
2.752200E+00  7.059E-03
2.759977E+00  5.063E-03
2.767586E+00  3.286E-03
2.775032E+00  1.797E-03
2.782320E+00  6.854E-04
2.789453E+00  7.231E-05
2.796438E+00  1.184E-04
2.803276E+00  1.041E-03
2.809974E+00  3.139E-03
2.816533E+00  6.824E-03
2.822959E+00  1.267E-02
2.829255E+00  2.152E-02
2.835424E+00  3.456E-02
2.841470E+00  5.360E-02
2.847395E+00  8.140E-02
2.853204E+00  1.223E-01
2.858899E+00  1.836E-01
2.864483E+00  2.776E-01
2.869959E+00  4.270E-01
2.875329E+00  6.768E-01
2.880597E+00  1.125E+00
2.885765E+00  2.015E+00
2.890836E+00  4.095E+00
2.895811E+00  1.057E+01
2.900694E+00  4.880E+01
2.905486E+00  4.364E+02
2.910191E+00  3.883E+01
2.914809E+00  1.245E+01
2.919343E+00  6.323E+00
2.923796E+00  3.948E+00
2.928168E+00  2.769E+00
2.932462E+00  2.090E+00
2.936680E+00  1.660E+00
2.940824E+00  1.368E+00
2.944895E+00  1.159E+00
2.948895E+00  1.004E+00
2.952826E+00  8.848E-01
2.956689E+00  7.907E-01
2.960486E+00  7.149E-01
2.964218E+00  6.528E-01
2.967887E+00  6.010E-01
2.971494E+00  5.572E-01
2.978528E+00  4.876E-01
2.985331E+00  4.347E-01
2.995123E+00  3.759E-01
3.004450E+00  3.328E-01
3.016210E+00  2.905E-01
3.029912E+00  2.522E-01
3.047426E+00  2.133E-01
3.067451E+00  1.720E-01
3.073575E+00  1.564E-01
3.077518E+00  1.437E-01
3.081353E+00  1.273E-01
3.083232E+00  1.167E-01
3.085085E+00  1.036E-01
3.086914E+00  8.661E-02
3.088718E+00  6.357E-02
3.092254E+00  6.257E-05
3.093987E+00  6.714E-01
3.095697E+00  3.022E+00
3.097385E+00  7.326E-01
3.099051E+00  4.648E-01
3.100695E+00  3.681E-01
3.102318E+00  3.188E-01
3.103920E+00  2.888E-01
3.105502E+00  2.686E-01
3.107063E+00  2.540E-01
3.110127E+00  2.342E-01
3.114579E+00  2.164E-01
3.120261E+00  2.027E-01
3.128278E+00  1.921E-01
3.135737E+00  1.888E-01
3.141562E+00  1.916E-01
3.145987E+00  1.995E-01
3.149177E+00  2.116E-01
3.151244E+00  2.252E-01
3.152260E+00  2.348E-01
3.153266E+00  2.473E-01
3.154260E+00  2.639E-01
3.155243E+00  2.867E-01
3.156216E+00  3.198E-01
3.157178E+00  3.711E-01
3.158129E+00  4.597E-01
3.159071E+00  6.411E-01
3.160002E+00  1.157E+00
3.160923E+00  4.406E+00
3.161835E+00  2.621E+00
3.162736E+00  1.634E-01
3.163629E+00  1.121E-02
3.164511E+00  5.588E-04
3.165385E+00  9.094E-03
3.166249E+00  1.978E-02
3.167104E+00  2.947E-02
3.167951E+00  3.769E-02
3.168788E+00  4.456E-02
3.169617E+00  5.028E-02
3.170438E+00  5.507E-02
3.171249E+00  5.911E-02
3.172849E+00  6.542E-02
3.175187E+00  7.183E-02
3.177455E+00  7.585E-02
3.180375E+00  7.881E-02
3.183867E+00  7.979E-02
3.187194E+00  7.803E-02
3.189114E+00  7.517E-02
3.190365E+00  7.195E-02
3.191592E+00  6.689E-02
3.192197E+00  6.317E-02
3.192796E+00  5.815E-02
3.193390E+00  5.096E-02
3.193978E+00  3.973E-02
3.194561E+00  1.825E-02
3.195138E+00  8.411E-02
3.195711E+00  8.945E-03
3.196278E+00  1.691E+00
3.196840E+00  3.014E-01
3.197396E+00  1.992E-01
3.197948E+00  1.640E-01
3.198495E+00  1.463E-01
3.199037E+00  1.357E-01
3.199574E+00  1.286E-01
3.200106E+00  1.235E-01
3.201156E+00  1.167E-01
3.202697E+00  1.107E-01
3.205660E+00  1.044E-01
3.210269E+00  9.970E-02
3.214911E+00  9.805E-02
3.216887E+00  9.930E-02
3.218034E+00  1.021E-01
3.218784E+00  1.064E-01
3.219154E+00  1.105E-01
3.219522E+00  1.176E-01
3.219887E+00  1.324E-01
3.220249E+00  1.745E-01
3.220608E+00  4.227E-02
3.220964E+00  2.890E-02
3.221317E+00  5.241E-02
3.221668E+00  6.254E-02
3.222016E+00  6.794E-02
3.222361E+00  7.120E-02
3.223043E+00  7.480E-02
3.224048E+00  7.710E-02
3.225989E+00  7.791E-02
3.228444E+00  7.606E-02
3.230477E+00  7.221E-02
3.231593E+00  6.826E-02
3.232409E+00  6.349E-02
3.232943E+00  5.876E-02
3.233208E+00  5.596E-02
3.233470E+00  5.410E-02
3.233731E+00  7.157E-02
3.233990E+00  2.147E-03
3.234247E+00  9.679E-05
3.234502E+00  5.383E-01
3.234756E+00  7.090E-01
3.235007E+00  2.468E-01
3.235257E+00  1.716E-01
3.235505E+00  1.423E-01
3.235752E+00  1.270E-01
3.235997E+00  1.175E-01
3.236240E+00  1.111E-01
3.236721E+00  1.029E-01
3.237431E+00  9.593E-02
3.238582E+00  8.953E-02
3.240982E+00  8.172E-02
3.243018E+00  7.510E-02
3.243988E+00  6.991E-02
3.244556E+00  6.471E-02
3.244742E+00  6.221E-02
3.244928E+00  5.904E-02
3.245112E+00  5.486E-02
3.245296E+00  4.905E-02
3.245478E+00  4.038E-02
3.245659E+00  2.630E-02
3.245838E+00  3.831E-03
3.246017E+00  2.059E-01
3.246195E+00  2.989E-01
3.246371E+00  1.751E-01
3.246547E+00  1.386E-01
3.246721E+00  1.218E-01
3.246894E+00  1.122E-01
3.247066E+00  1.059E-01
3.247408E+00  9.813E-02
3.247912E+00  9.165E-02
3.248732E+00  8.566E-02
3.250902E+00  7.475E-02
3.251344E+00  7.077E-02
3.251489E+00  6.865E-02
3.251634E+00  6.555E-02
3.251778E+00  6.025E-02
3.251921E+00  4.814E-02
3.252064E+00  9.303E-05
3.252205E+00  1.349E-01
3.252346E+00  9.780E-02
3.252486E+00  8.814E-02
3.252625E+00  8.332E-02
3.252901E+00  7.763E-02
3.253309E+00  7.047E-02
3.253443E+00  6.717E-02
3.253577E+00  6.237E-02
3.253710E+00  5.394E-02
3.253842E+00  3.330E-02
3.253973E+00  3.965E+01
3.254104E+00  1.446E-01
3.254234E+00  1.079E-01
3.254363E+00  9.657E-02
3.254492E+00  9.095E-02
3.254619E+00  8.749E-02
3.254873E+00  8.326E-02
3.255372E+00  7.859E-02
3.257373E+00  6.648E-02
3.257928E+00  6.145E-02
3.258254E+00  5.713E-02
3.258469E+00  5.324E-02
3.258681E+00  4.796E-02
3.258786E+00  4.452E-02
3.258891E+00  4.029E-02
3.258995E+00  3.497E-02
3.259099E+00  2.808E-02
3.259202E+00  1.902E-02
3.259304E+00  7.541E-03
3.259406E+00  4.698E-04
3.259508E+00  1.463E-01
3.259609E+00  1.347E+00
3.259709E+00  4.023E-01
3.259809E+00  2.367E-01
3.259909E+00  1.794E-01
3.260008E+00  1.511E-01
3.260106E+00  1.345E-01
3.260204E+00  1.235E-01
3.260301E+00  1.157E-01
3.260398E+00  1.099E-01
3.260591E+00  1.017E-01
3.260876E+00  9.389E-02
3.261249E+00  8.733E-02
3.262326E+00  7.404E-02
3.262499E+00  7.090E-02
3.262585E+00  6.874E-02
3.262671E+00  6.578E-02
3.262756E+00  6.116E-02
3.262841E+00  5.233E-02
3.262925E+00  2.631E-02
3.263009E+00  3.384E-01
3.263093E+00  1.147E-01
3.263176E+00  9.530E-02
3.263259E+00  8.780E-02
3.263341E+00  8.356E-02
3.263505E+00  7.830E-02
3.263827E+00  6.984E-02
3.263907E+00  6.673E-02
3.263986E+00  6.207E-02
3.264065E+00  5.325E-02
3.264144E+00  2.695E-02
3.264222E+00  3.078E-01
3.264300E+00  1.133E-01
3.264377E+00  9.512E-02
3.264454E+00  8.811E-02
3.264531E+00  8.423E-02
3.264683E+00  7.979E-02
3.264984E+00  7.504E-02
3.266131E+00  6.278E-02
3.266473E+00  5.744E-02
3.266674E+00  5.299E-02
3.266807E+00  4.910E-02
3.266939E+00  4.402E-02
3.267004E+00  4.082E-02
3.267069E+00  3.701E-02
3.267134E+00  3.240E-02
3.267199E+00  2.673E-02
3.267263E+00  1.968E-02
3.267327E+00  1.105E-02
3.267390E+00  2.055E-03
3.267454E+00  6.134E-03
3.267517E+00  2.146E-01
3.267580E+00  2.154E+00
3.267642E+00  5.601E-01
3.267704E+00  2.975E-01
3.267766E+00  2.132E-01
3.267828E+00  1.734E-01
3.267890E+00  1.506E-01
3.267951E+00  1.358E-01
3.268012E+00  1.254E-01
3.268072E+00  1.178E-01
3.268193E+00  1.072E-01
3.268312E+00  1.001E-01
3.268490E+00  9.274E-02
3.268780E+00  8.468E-02
3.269232E+00  7.428E-02
3.269343E+00  7.070E-02
3.269398E+00  6.829E-02
3.269453E+00  6.506E-02
3.269507E+00  6.023E-02
3.269562E+00  5.161E-02
3.269616E+00  3.051E-02
3.269670E+00  8.287E+03
3.269723E+00  1.431E-01
3.269777E+00  1.061E-01
3.269830E+00  9.458E-02
3.269883E+00  8.869E-02
3.269935E+00  8.495E-02
3.270040E+00  8.006E-02
3.270299E+00  7.055E-02
3.270350E+00  6.753E-02
3.270400E+00  6.260E-02
3.270451E+00  5.122E-02
3.270501E+00  4.007E-03
3.270552E+00  1.174E-01
3.270602E+00  9.219E-02
3.270651E+00  8.495E-02
3.270701E+00  8.129E-02
3.270800E+00  7.725E-02
3.270994E+00  7.285E-02
3.271698E+00  6.130E-02
3.271923E+00  5.601E-02
3.272056E+00  5.171E-02
3.272188E+00  4.584E-02
3.272274E+00  4.047E-02
3.272318E+00  3.712E-02
3.272361E+00  3.314E-02
3.272403E+00  2.838E-02
3.272446E+00  2.260E-02
3.272489E+00  1.558E-02
3.272531E+00  7.440E-03
3.272573E+00  4.344E-04
3.272615E+00  1.297E-02
3.272657E+00  2.791E-01
3.272699E+00  2.592E+00
3.272740E+00  6.442E-01
3.272782E+00  3.300E-01
3.272823E+00  2.313E-01
3.272864E+00  1.853E-01
3.272905E+00  1.591E-01
3.272945E+00  1.423E-01
3.272986E+00  1.306E-01
3.273026E+00  1.219E-01
3.273067E+00  1.153E-01
3.273147E+00  1.057E-01
3.273266E+00  9.628E-02
3.273423E+00  8.813E-02
3.273804E+00  7.304E-02
3.273879E+00  6.856E-02
3.273916E+00  6.537E-02
3.273953E+00  6.084E-02
3.273990E+00  5.347E-02
3.274026E+00  3.840E-02
3.274063E+00  4.525E-05
3.274099E+00  2.444E-01
3.274136E+00  1.252E-01
3.274172E+00  1.040E-01
3.274208E+00  9.497E-02
3.274244E+00  8.980E-02
3.274315E+00  8.374E-02
3.274456E+00  7.678E-02
3.274561E+00  7.156E-02
3.274596E+00  6.868E-02
3.274630E+00  6.328E-02
3.274665E+00  4.352E-02
3.274699E+00  1.283E-01
3.274733E+00  8.846E-02
3.274767E+00  8.161E-02
3.274801E+00  7.848E-02
3.274868E+00  7.508E-02
3.275068E+00  6.969E-02
3.275454E+00  6.068E-02
3.275610E+00  5.558E-02
3.275703E+00  5.151E-02
3.275794E+00  4.611E-02
3.275855E+00  4.129E-02
3.275885E+00  3.834E-02
3.275915E+00  3.490E-02
3.275945E+00  3.086E-02
3.275974E+00  2.603E-02
3.276004E+00  2.024E-02
3.276034E+00  1.334E-02
3.276063E+00  5.622E-03
3.276093E+00  4.217E-05
3.276122E+00  1.792E-02
3.276151E+00  3.141E-01
3.276180E+00  2.915E+00
3.276209E+00  7.062E-01
3.276238E+00  3.526E-01
3.276267E+00  2.435E-01
3.276295E+00  1.932E-01
3.276324E+00  1.647E-01
3.276352E+00  1.465E-01
3.276381E+00  1.338E-01
3.276409E+00  1.245E-01
3.276437E+00  1.174E-01
3.276493E+00  1.071E-01
3.276577E+00  9.710E-02
3.276687E+00  8.842E-02
3.276929E+00  7.397E-02
3.276982E+00  6.964E-02
3.277008E+00  6.674E-02
3.277034E+00  6.285E-02
3.277061E+00  5.707E-02
3.277087E+00  4.704E-02
3.277113E+00  2.438E-02
3.277138E+00  2.072E+00
3.277164E+00  1.788E-01
3.277190E+00  1.201E-01
3.277216E+00  1.035E-01
3.277241E+00  9.552E-02
3.277267E+00  9.069E-02
3.277317E+00  8.484E-02
3.277418E+00  7.828E-02
3.277517E+00  7.239E-02
3.277541E+00  6.961E-02
3.277566E+00  6.253E-02
3.277590E+00  2.191E-01
3.277614E+00  8.423E-02
3.277639E+00  7.841E-02
3.277663E+00  7.598E-02
3.277735E+00  7.233E-02
3.278108E+00  6.051E-02
3.278221E+00  5.564E-02
3.278310E+00  5.033E-02
3.278376E+00  4.483E-02
3.278419E+00  3.994E-02
3.278441E+00  3.695E-02
3.278463E+00  3.348E-02
3.278484E+00  2.940E-02
3.278506E+00  2.457E-02
3.278527E+00  1.880E-02
3.278549E+00  1.202E-02
3.278570E+00  4.643E-03
3.278591E+00  2.990E-06
3.278612E+00  2.070E-02
3.278634E+00  3.233E-01
3.278655E+00  3.194E+00
3.278676E+00  7.635E-01
3.278697E+00  3.716E-01
3.278717E+00  2.532E-01
3.278738E+00  1.992E-01
3.278759E+00  1.689E-01
3.278780E+00  1.496E-01
3.278800E+00  1.362E-01
3.278821E+00  1.264E-01
3.278841E+00  1.189E-01
3.278882E+00  1.082E-01
3.278943E+00  9.768E-02
3.279021E+00  8.880E-02
3.284040E+00  1.630E+00
3.297191E+00  1.551E+00
3.342731E+00  1.423E+00
3.370005E+00  1.354E+00
3.449814E+00  1.308E+00
3.482371E+00  1.336E+00
3.518632E+00  1.413E+00
3.539863E+00  1.494E+00
3.556010E+00  1.601E+00
3.568021E+00  1.734E+00
3.576543E+00  1.883E+00
3.582008E+00  2.021E+00
3.587308E+00  2.206E+00
3.589897E+00  2.324E+00
3.592448E+00  2.467E+00
3.594961E+00  2.640E+00
3.597436E+00  2.853E+00
3.599875E+00  3.121E+00
3.602277E+00  3.463E+00
3.604645E+00  3.903E+00
3.606978E+00  4.474E+00
3.609277E+00  5.202E+00
3.613776E+00  6.906E+00
3.615978E+00  7.276E+00
3.618148E+00  6.701E+00
3.620287E+00  5.339E+00
3.622396E+00  3.887E+00
3.624476E+00  2.776E+00
3.626526E+00  2.041E+00
3.628548E+00  1.578E+00
3.630542E+00  1.290E+00
3.632508E+00  1.110E+00
3.634448E+00  9.974E-01
3.636361E+00  9.267E-01
3.638247E+00  8.829E-01
3.640109E+00  8.568E-01
3.643757E+00  8.356E-01
3.649049E+00  8.413E-01
3.662179E+00  9.105E-01
3.690963E+00  1.099E+00
3.701250E+00  1.190E+00
3.706524E+00  1.259E+00
3.709551E+00  1.321E+00
3.711513E+00  1.382E+00
3.712478E+00  1.426E+00
3.713433E+00  1.485E+00
3.714378E+00  1.576E+00
3.715312E+00  1.747E+00
3.716236E+00  2.282E+00
3.717151E+00  3.122E+01
3.718055E+00  1.046E+00
3.718950E+00  1.353E+00
3.719836E+00  1.604E+00
3.720712E+00  1.925E+00
3.721579E+00  2.443E+00
3.722437E+00  3.390E+00
3.723286E+00  5.095E+00
3.724126E+00  7.052E+00
3.724958E+00  6.898E+00
3.725781E+00  5.243E+00
3.726595E+00  3.959E+00
3.727401E+00  3.208E+00
3.728199E+00  2.776E+00
3.728989E+00  2.518E+00
3.729771E+00  2.360E+00
3.730545E+00  2.263E+00
3.731311E+00  2.205E+00
3.732820E+00  2.164E+00
3.734299E+00  2.188E+00
3.735749E+00  2.260E+00
3.737170E+00  2.380E+00
3.738564E+00  2.552E+00
3.739931E+00  2.793E+00
3.741272E+00  3.127E+00
3.741932E+00  3.338E+00
3.743235E+00  3.853E+00
3.744513E+00  4.419E+00
3.745142E+00  4.619E+00
3.745766E+00  4.652E+00
3.746384E+00  4.431E+00
3.746997E+00  3.942E+00
3.748204E+00  2.615E+00
3.748800E+00  2.041E+00
3.749390E+00  1.602E+00
3.749974E+00  1.288E+00
3.750553E+00  1.074E+00
3.751127E+00  9.313E-01
3.751695E+00  8.389E-01
3.752259E+00  7.816E-01
3.752817E+00  7.503E-01
3.753370E+00  7.570E-01
3.753918E+00  9.408E-01
3.754462E+00  7.211E-01
3.755000E+00  7.200E-01
3.756587E+00  7.487E-01
3.767463E+00  1.059E+00
3.769969E+00  1.150E+00
3.771572E+00  1.238E+00
3.772355E+00  1.309E+00
3.772741E+00  1.364E+00
3.773125E+00  1.449E+00
3.773505E+00  1.612E+00
3.773882E+00  2.100E+00
3.774256E+00  1.685E+01
3.774628E+00  6.463E-01
3.774996E+00  8.708E-01
3.775362E+00  9.904E-01
3.775724E+00  1.062E+00
3.776084E+00  1.113E+00
3.777146E+00  1.214E+00
3.780515E+00  1.470E+00
3.782105E+00  1.632E+00
3.783335E+00  1.804E+00
3.784529E+00  2.027E+00
3.785113E+00  2.185E+00
3.785402E+00  2.331E+00
3.785689E+00  2.670E+00
3.785973E+00  3.604E+00
3.786537E+00  7.775E+00
3.786815E+00  8.156E+00
3.787092E+00  7.676E+00
3.787366E+00  6.937E+00
3.787639E+00  6.021E+00
3.788178E+00  3.936E+00
3.788445E+00  3.020E+00
3.788710E+00  2.296E+00
3.788973E+00  1.763E+00
3.789234E+00  1.388E+00
3.789493E+00  1.130E+00
3.789751E+00  9.560E-01
3.790006E+00  8.402E-01
3.790260E+00  7.644E-01
3.790512E+00  7.161E-01
3.790763E+00  6.866E-01
3.791011E+00  6.702E-01
3.791504E+00  6.614E-01
3.792229E+00  6.727E-01
3.792468E+00  6.832E-01
3.792705E+00  8.058E-01
3.792940E+00  7.482E-01
3.793406E+00  7.592E-01
3.797534E+00  9.782E-01
3.797737E+00  9.839E-01
3.797939E+00  1.010E+00
3.799317E+00  1.084E+00
3.800635E+00  1.184E+00
3.801182E+00  1.247E+00
3.801541E+00  1.313E+00
3.801719E+00  1.365E+00
3.801895E+00  1.447E+00
3.802071E+00  1.610E+00
3.802246E+00  2.137E+00
3.802419E+00  2.204E+01
3.802592E+00  1.020E+00
3.802763E+00  1.004E+00
3.802933E+00  1.072E+00
3.803103E+00  1.122E+00
3.803438E+00  1.191E+00
3.804260E+00  1.302E+00
3.805056E+00  1.393E+00
3.805213E+00  1.428E+00
3.805369E+00  1.504E+00
3.805523E+00  1.707E+00
3.805677E+00  2.220E+00
3.805830E+00  2.909E+00
3.805982E+00  3.051E+00
3.806133E+00  2.878E+00
3.806283E+00  2.736E+00
3.806432E+00  2.666E+00
3.806581E+00  2.651E+00
3.806728E+00  2.677E+00
3.806875E+00  2.735E+00
3.807166E+00  2.933E+00
3.807454E+00  3.241E+00
3.807738E+00  3.675E+00
3.808019E+00  4.236E+00
3.808297E+00  4.803E+00
3.808434E+00  4.968E+00
3.808571E+00  4.940E+00
3.808707E+00  4.652E+00
3.808843E+00  4.116E+00
3.809111E+00  2.749E+00
3.809244E+00  2.153E+00
3.809377E+00  1.682E+00
3.809639E+00  9.596E-01
3.809769E+00  9.744E-01
3.809899E+00  8.726E-01
3.810027E+00  7.911E-01
3.810155E+00  7.398E-01
3.810282E+00  7.096E-01
3.810409E+00  6.945E-01
3.810535E+00  6.908E-01
3.810660E+00  6.963E-01
3.810784E+00  7.110E-01
3.810908E+00  7.376E-01
3.811031E+00  7.876E-01
3.811154E+00  9.206E-01
3.811276E+00  2.443E+00
3.811397E+00  6.354E-01
3.811517E+00  6.196E-01
3.811637E+00  6.561E-01
3.811874E+00  7.072E-01
3.812457E+00  7.932E-01
3.814948E+00  1.089E+00
3.815451E+00  1.173E+00
3.815648E+00  1.229E+00
3.815746E+00  1.278E+00
3.815844E+00  1.375E+00
3.815941E+00  1.717E+00
3.816038E+00  1.761E+01
3.816134E+00  1.418E+00
3.816229E+00  1.202E+00
3.816324E+00  1.198E+00
3.817068E+00  1.335E+00
3.817159E+00  1.372E+00
3.817250E+00  1.447E+00
3.817340E+00  1.622E+00
3.817429E+00  2.007E+00
3.817519E+00  2.518E+00
3.817607E+00  2.738E+00
3.817695E+00  2.687E+00
3.817783E+00  2.599E+00
3.817871E+00  2.549E+00
3.817958E+00  2.540E+00
3.818044E+00  2.566E+00
3.818130E+00  2.619E+00
3.818301E+00  2.804E+00
3.818471E+00  3.094E+00
3.818555E+00  3.285E+00
3.818722E+00  3.773E+00
3.818969E+00  4.703E+00
3.819051E+00  4.950E+00
3.819132E+00  5.045E+00
3.819213E+00  4.893E+00
3.819293E+00  4.461E+00
3.819373E+00  3.820E+00
3.819453E+00  3.111E+00
3.819533E+00  2.464E+00
3.819612E+00  1.942E+00
3.819690E+00  1.544E+00
3.819768E+00  7.317E-01
3.819846E+00  9.724E-01
3.819924E+00  8.793E-01
3.820001E+00  8.001E-01
3.820078E+00  7.460E-01
3.820154E+00  7.119E-01
3.820230E+00  6.930E-01
3.820306E+00  6.856E-01
3.820381E+00  6.876E-01
3.820456E+00  6.981E-01
3.820531E+00  7.182E-01
3.820605E+00  7.537E-01
3.820679E+00  8.273E-01
3.820753E+00  1.097E+00
3.820826E+00  7.058E+00
3.820899E+00  5.877E-01
3.821044E+00  6.537E-01
3.821187E+00  7.007E-01
3.821541E+00  7.820E-01
3.823192E+00  1.083E+00
3.823501E+00  1.159E+00
3.823623E+00  1.208E+00
3.823683E+00  1.248E+00
3.823743E+00  1.326E+00
3.823803E+00  1.575E+00
3.823863E+00  6.185E+00
3.823922E+00  1.745E+00
3.823981E+00  1.256E+00
3.824040E+00  1.220E+00
3.824157E+00  1.236E+00
3.824273E+00  1.279E+00
3.824331E+00  1.324E+00
3.824388E+00  1.414E+00
3.824446E+00  1.608E+00
3.824502E+00  1.973E+00
3.824559E+00  2.368E+00
3.824616E+00  2.505E+00
3.824783E+00  2.334E+00
3.824839E+00  2.321E+00
3.824949E+00  2.374E+00
3.825059E+00  2.512E+00
3.825167E+00  2.734E+00
3.825275E+00  3.060E+00
3.825328E+00  3.271E+00
3.825381E+00  3.521E+00
3.825434E+00  3.811E+00
3.825592E+00  4.824E+00
3.825644E+00  5.062E+00
3.825696E+00  5.096E+00
3.825748E+00  4.835E+00
3.825799E+00  4.287E+00
3.825901E+00  2.917E+00
3.825952E+00  2.447E+00
3.826003E+00  1.041E+00
3.826053E+00  1.167E+00
3.826104E+00  1.018E+00
3.826154E+00  8.926E-01
3.826203E+00  8.036E-01
3.826253E+00  7.446E-01
3.826303E+00  7.079E-01
3.826352E+00  6.878E-01
3.826401E+00  6.798E-01
3.826450E+00  6.815E-01
3.826498E+00  6.916E-01
3.826547E+00  7.105E-01
3.826595E+00  7.423E-01
3.826643E+00  8.006E-01
3.826691E+00  9.522E-01
3.826739E+00  2.332E+00
3.826786E+00  7.068E-01
3.826833E+00  5.957E-01
3.826880E+00  6.316E-01
3.826974E+00  6.850E-01
3.827159E+00  7.561E-01
3.827609E+00  8.848E-01
3.828376E+00  1.090E+00
3.828580E+00  1.168E+00
3.828661E+00  1.222E+00
3.828701E+00  1.272E+00
3.828740E+00  1.380E+00
3.828780E+00  1.829E+00
3.828820E+00  1.903E+01
3.828859E+00  1.471E+00
3.828898E+00  1.234E+00
3.828938E+00  1.218E+00
3.828976E+00  1.238E+00
3.829015E+00  1.284E+00
3.829054E+00  1.380E+00
3.829092E+00  1.583E+00
3.829169E+00  2.273E+00
3.829207E+00  2.366E+00
3.829283E+00  2.230E+00
3.829321E+00  2.183E+00
3.829358E+00  2.165E+00
3.829433E+00  2.197E+00
3.829507E+00  2.301E+00
3.829581E+00  2.473E+00
3.829654E+00  2.724E+00
3.829690E+00  2.888E+00
3.829726E+00  3.083E+00
3.829762E+00  3.315E+00
3.829798E+00  3.589E+00
3.829870E+00  4.262E+00
3.829905E+00  4.633E+00
3.829941E+00  4.963E+00
3.829976E+00  5.156E+00
3.830011E+00  5.105E+00
3.830046E+00  4.776E+00
3.830081E+00  4.342E+00
3.830116E+00  4.690E+00
3.830150E+00  1.691E+00
3.830185E+00  1.551E+00
3.830219E+00  1.285E+00
3.830253E+00  1.071E+00
3.830288E+00  9.194E-01
3.830322E+00  8.167E-01
3.830356E+00  7.499E-01
3.830389E+00  7.088E-01
3.830423E+00  6.862E-01
3.830457E+00  6.769E-01
3.830490E+00  6.780E-01
3.830523E+00  6.876E-01
3.830557E+00  7.060E-01
3.830590E+00  7.359E-01
3.830623E+00  7.871E-01
3.830655E+00  8.986E-01
3.830688E+00  1.385E+00
3.830721E+00  2.943E+00
3.830753E+00  5.885E-01
3.830786E+00  6.113E-01
3.830850E+00  6.707E-01
3.830946E+00  7.306E-01
3.831165E+00  8.304E-01
3.831851E+00  1.093E+00
3.831993E+00  1.173E+00
3.832049E+00  1.230E+00
3.832077E+00  1.285E+00
3.832105E+00  1.405E+00
3.832132E+00  1.890E+00
3.832160E+00  1.797E+01
3.832188E+00  1.473E+00
3.832215E+00  1.229E+00
3.832242E+00  1.237E+00
3.832270E+00  1.313E+00
3.832297E+00  1.485E+00
3.832324E+00  1.801E+00
3.832351E+00  2.149E+00
3.832378E+00  2.280E+00
3.832405E+00  2.232E+00
3.832458E+00  2.097E+00
3.832485E+00  2.069E+00
3.832538E+00  2.081E+00
3.832590E+00  2.158E+00
3.832642E+00  2.292E+00
3.832694E+00  2.490E+00
3.832746E+00  2.772E+00
3.832797E+00  3.172E+00
3.832848E+00  3.732E+00
3.832923E+00  4.834E+00
3.832948E+00  5.137E+00
3.832998E+00  5.417E+00
3.833023E+00  8.720E+00
3.833048E+00  2.371E+00
3.833073E+00  2.122E+00
3.833097E+00  1.713E+00
3.833122E+00  1.370E+00
3.833146E+00  1.120E+00
3.833170E+00  9.472E-01
3.833195E+00  8.319E-01
3.833219E+00  7.576E-01
3.833243E+00  7.119E-01
3.833267E+00  6.866E-01
3.833291E+00  6.757E-01
3.833315E+00  6.759E-01
3.833339E+00  6.850E-01
3.833362E+00  7.027E-01
3.833386E+00  7.312E-01
3.833410E+00  7.779E-01
3.833433E+00  8.698E-01
3.833456E+00  1.162E+00
3.833480E+00  7.335E+00
3.833503E+00  6.370E-01
3.833526E+00  5.958E-01
3.833573E+00  6.582E-01
3.833641E+00  7.223E-01
3.833777E+00  8.123E-01
3.834295E+00  1.088E+00
3.834398E+00  1.164E+00
3.834439E+00  1.214E+00
3.834459E+00  1.257E+00
3.834479E+00  1.334E+00
3.834499E+00  1.531E+00
3.834520E+00  2.778E+00
3.834540E+00  4.105E+00
3.834560E+00  1.296E+00
3.834577E+00  1.240E+00
3.836291E+00  1.694E+00
3.859108E+00  1.668E+00
3.882477E+00  1.579E+00
3.894156E+00  1.500E+00
3.896335E+00  1.511E+00
3.897406E+00  1.547E+00
3.898464E+00  1.620E+00
3.900547E+00  1.856E+00
3.901571E+00  1.933E+00
3.902583E+00  1.953E+00
3.904575E+00  1.910E+00
3.909368E+00  1.789E+00
3.916521E+00  1.705E+00
3.926188E+00  1.621E+00
3.933396E+00  1.489E+00
3.936087E+00  1.502E+00
3.941778E+00  1.559E+00
3.950266E+00  1.562E+00
3.951314E+00  1.542E+00
3.951830E+00  1.587E+00
3.952850E+00  1.566E+00
3.964626E+00  1.508E+00
3.965827E+00  1.531E+00
3.966612E+00  1.581E+00
3.967385E+00  1.680E+00
3.967766E+00  1.754E+00
3.968145E+00  1.866E+00
3.968520E+00  1.938E+00
3.968893E+00  1.877E+00
3.969262E+00  1.912E+00
3.969992E+00  1.929E+00
3.973812E+00  1.796E+00
3.977322E+00  1.750E+00
3.983282E+00  1.750E+00
3.984318E+00  1.713E+00
3.985077E+00  1.643E+00
3.986548E+00  1.429E+00
3.987261E+00  1.364E+00
3.987728E+00  1.338E+00
3.987959E+00  1.292E+00
3.988189E+00  1.359E+00
3.990828E+00  1.399E+00
3.991039E+00  1.395E+00
3.991248E+00  1.449E+00
3.991868E+00  1.436E+00
3.993656E+00  1.474E+00
3.994418E+00  1.523E+00
3.994792E+00  1.577E+00
3.994977E+00  1.620E+00
3.995161E+00  1.681E+00
3.995344E+00  1.765E+00
3.995706E+00  1.966E+00
3.995886E+00  1.998E+00
3.996064E+00  1.955E+00
3.996418E+00  1.838E+00
3.996593E+00  1.812E+00
3.996940E+00  1.812E+00
3.997112E+00  1.827E+00
3.997282E+00  1.863E+00
3.998286E+00  1.889E+00
3.999879E+00  1.876E+00
4.000791E+00  1.920E+00
4.001815E+00  2.028E+00
4.002100E+00  2.013E+00
4.002241E+00  1.977E+00
4.002521E+00  1.847E+00
4.002798E+00  1.696E+00
4.003072E+00  1.592E+00
4.003343E+00  1.541E+00
4.003743E+00  1.526E+00
4.004395E+00  1.569E+00
4.004778E+00  1.626E+00
4.005030E+00  1.694E+00
4.005155E+00  1.701E+00
4.005279E+00  1.608E+00
4.005402E+00  1.542E+00
4.005768E+00  1.451E+00
4.006129E+00  1.413E+00
4.006947E+00  1.414E+00
4.007288E+00  1.423E+00
4.007513E+00  1.457E+00
4.007624E+00  1.403E+00
4.008280E+00  1.399E+00
4.008600E+00  1.375E+00
4.008706E+00  1.378E+00
4.008811E+00  1.426E+00
4.008916E+00  1.457E+00
4.009733E+00  1.416E+00
4.010031E+00  1.424E+00
4.010227E+00  1.453E+00
4.010421E+00  1.518E+00
4.010804E+00  1.723E+00
4.010898E+00  1.750E+00
4.010992E+00  1.750E+00
4.011085E+00  1.714E+00
4.011178E+00  1.633E+00
4.011271E+00  1.515E+00
4.011363E+00  1.460E+00
4.011455E+00  1.578E+00
4.011546E+00  1.731E+00
4.011636E+00  1.822E+00
4.011727E+00  1.867E+00
4.011995E+00  1.908E+00
4.012605E+00  1.966E+00
4.013028E+00  2.024E+00
4.013195E+00  1.992E+00
4.013278E+00  1.945E+00
4.013604E+00  1.656E+00
4.013765E+00  1.572E+00
4.013925E+00  1.539E+00
4.014239E+00  1.544E+00
4.014851E+00  1.605E+00
4.015000E+00  1.588E+00
4.015074E+00  1.608E+00
4.015148E+00  1.694E+00
4.015221E+00  1.728E+00
4.015295E+00  1.691E+00
4.015512E+00  1.499E+00
4.015655E+00  1.429E+00
4.015797E+00  1.402E+00
4.016146E+00  1.399E+00
4.016488E+00  1.417E+00
4.016555E+00  1.434E+00
4.016622E+00  1.404E+00
4.017083E+00  1.397E+00
4.017212E+00  1.388E+00
4.017277E+00  1.413E+00
4.017340E+00  1.470E+00
4.017780E+00  1.418E+00
4.018085E+00  1.419E+00
4.018206E+00  1.447E+00
4.018325E+00  1.515E+00
4.018561E+00  1.738E+00
4.018619E+00  1.762E+00
4.018677E+00  1.751E+00
4.018735E+00  1.697E+00
4.018792E+00  1.599E+00
4.018850E+00  1.480E+00
4.018907E+00  1.425E+00
4.018963E+00  1.501E+00
4.019020E+00  1.637E+00
4.019076E+00  1.750E+00
4.019132E+00  1.826E+00
4.019244E+00  1.911E+00
4.019627E+00  2.055E+00
4.019734E+00  2.064E+00
4.019787E+00  2.046E+00
4.019841E+00  2.007E+00
4.019946E+00  1.872E+00
4.020051E+00  1.720E+00
4.020155E+00  1.616E+00
4.020258E+00  1.566E+00
4.020411E+00  1.548E+00
4.020760E+00  1.595E+00
4.020956E+00  1.620E+00
4.021100E+00  1.584E+00
4.021148E+00  1.645E+00
4.021195E+00  1.736E+00
4.021243E+00  1.766E+00
4.021290E+00  1.731E+00
4.021430E+00  1.513E+00
4.021477E+00  1.463E+00
4.021569E+00  1.410E+00
4.021706E+00  1.390E+00
4.022064E+00  1.413E+00
4.022108E+00  1.441E+00
4.022152E+00  1.390E+00
4.022497E+00  1.397E+00
4.022581E+00  1.461E+00
4.022830E+00  1.418E+00
4.023074E+00  1.409E+00
4.023194E+00  1.444E+00
4.023273E+00  1.512E+00
4.023430E+00  1.742E+00
4.023468E+00  1.767E+00
4.023507E+00  1.752E+00
4.023546E+00  1.688E+00
4.023622E+00  1.460E+00
4.023660E+00  1.422E+00
4.023698E+00  1.500E+00
4.023773E+00  1.741E+00
4.023811E+00  1.827E+00
4.023885E+00  1.942E+00
4.023996E+00  2.050E+00
4.024069E+00  2.091E+00
4.024142E+00  2.075E+00
4.024178E+00  2.033E+00
4.024321E+00  1.737E+00
4.024392E+00  1.635E+00
4.024463E+00  1.585E+00
4.024567E+00  1.563E+00
4.024773E+00  1.592E+00
4.024974E+00  1.637E+00
4.025073E+00  1.606E+00
4.025106E+00  1.644E+00
4.025139E+00  1.743E+00
4.025171E+00  1.801E+00
4.025204E+00  1.783E+00
4.025268E+00  1.638E+00
4.025332E+00  1.500E+00
4.025364E+00  1.455E+00
4.025428E+00  1.407E+00
4.025553E+00  1.387E+00
4.025769E+00  1.412E+00
4.025799E+00  1.450E+00
4.025830E+00  1.384E+00
4.026039E+00  1.395E+00
4.026097E+00  1.439E+00
4.026414E+00  1.403E+00
4.026526E+00  1.422E+00
4.026581E+00  1.466E+00
4.026636E+00  1.555E+00
4.026718E+00  1.736E+00
4.026746E+00  1.768E+00
4.026773E+00  1.760E+00
4.026800E+00  1.700E+00
4.026853E+00  1.467E+00
4.026880E+00  1.421E+00
4.026907E+00  1.488E+00
4.026960E+00  1.730E+00
4.026986E+00  1.829E+00
4.027039E+00  1.971E+00
4.027091E+00  2.067E+00
4.027142E+00  2.109E+00
4.027168E+00  2.097E+00
4.027194E+00  2.055E+00
4.027245E+00  1.907E+00
4.027296E+00  1.751E+00
4.027346E+00  1.650E+00
4.027396E+00  1.599E+00
4.027471E+00  1.576E+00
4.027618E+00  1.600E+00
4.027786E+00  1.654E+00
4.027857E+00  1.639E+00
4.027880E+00  1.690E+00
4.027904E+00  1.792E+00
4.027927E+00  1.829E+00
4.027950E+00  1.796E+00
4.028020E+00  1.572E+00
4.028066E+00  1.465E+00
4.028111E+00  1.413E+00
4.028179E+00  1.388E+00
4.028357E+00  1.405E+00
4.028401E+00  1.430E+00
4.028422E+00  1.382E+00
4.028552E+00  1.391E+00
4.028594E+00  1.422E+00
4.028865E+00  1.401E+00
4.028926E+00  1.425E+00
4.028966E+00  1.475E+00
4.029006E+00  1.569E+00
4.029021E+00  1.617E+00
4.039001E+00  1.565E+00
4.189001E+00  1.400E+00
4.389001E+00  1.215E+00
4.589001E+00  1.069E+00
4.789001E+00  9.465E-01
5.089001E+00  8.026E-01
5.339001E+00  7.051E-01
5.689001E+00  5.935E-01
6.089001E+00  4.967E-01
6.389001E+00  4.348E-01
6.889001E+00  3.547E-01
7.239001E+00  3.094E-01
7.689001E+00  2.617E-01
8.239001E+00  2.157E-01
8.589001E+00  1.919E-01
9.289001E+00  1.532E-01
1.018900E+01  1.175E-01
1.071140E+01  1.018E-01
1.126059E+01  8.820E-02
1.183793E+01  7.641E-02
1.244487E+01  6.620E-02
1.308293E+01  5.735E-02
1.375371E+01  4.969E-02
1.445887E+01  4.305E-02
1.520020E+01  3.730E-02
1.597953E+01  3.231E-02
1.679882E+01  2.799E-02
1.766011E+01  2.425E-02
1.856557E+01  2.101E-02
1.951745E+01  1.820E-02
2.051814E+01  1.577E-02
2.157013E+01  1.366E-02
2.267606E+01  1.184E-02
2.383869E+01  1.026E-02
2.506093E+01  8.886E-03
2.634583E+01  7.698E-03
2.769662E+01  6.670E-03
2.911666E+01  5.778E-03
3.060951E+01  5.006E-03
3.217890E+01  4.337E-03
3.382875E+01  3.758E-03
3.556319E+01  3.256E-03
3.738657E+01  2.820E-03
3.930342E+01  2.444E-03
4.131856E+01  2.117E-03
