# photon energy(Ry), cross section(Mb)
3.503019E-01  5.382E+00
3.523019E-01  5.356E+00
3.543019E-01  5.331E+00
3.563019E-01  5.305E+00
3.583019E-01  5.279E+00
3.603019E-01  5.254E+00
3.623019E-01  5.228E+00
3.643019E-01  5.203E+00
3.663019E-01  5.178E+00
3.683019E-01  5.152E+00
3.703019E-01  5.127E+00
3.723019E-01  5.101E+00
3.743019E-01  5.076E+00
3.763019E-01  5.051E+00
3.783019E-01  5.025E+00
3.803019E-01  5.000E+00
3.823019E-01  4.974E+00
3.843019E-01  4.949E+00
3.863019E-01  4.923E+00
3.883019E-01  4.898E+00
3.903019E-01  4.872E+00
3.923019E-01  4.847E+00
3.943019E-01  4.821E+00
3.963019E-01  4.795E+00
3.983019E-01  4.770E+00
4.003019E-01  4.744E+00
4.023019E-01  4.719E+00
4.043019E-01  4.694E+00
4.063019E-01  4.668E+00
4.083019E-01  4.643E+00
4.103019E-01  4.618E+00
4.123019E-01  4.592E+00
4.143019E-01  4.567E+00
4.163019E-01  4.542E+00
4.183019E-01  4.517E+00
4.203019E-01  4.492E+00
4.223019E-01  4.468E+00
4.243019E-01  4.443E+00
4.263019E-01  4.419E+00
4.283019E-01  4.394E+00
4.303019E-01  4.370E+00
4.323019E-01  4.346E+00
4.343019E-01  4.322E+00
4.363019E-01  4.298E+00
4.383019E-01  4.274E+00
4.403019E-01  4.251E+00
4.423019E-01  4.227E+00
4.443019E-01  4.204E+00
4.463019E-01  4.181E+00
4.483019E-01  4.158E+00
4.503019E-01  4.135E+00
4.523019E-01  4.112E+00
4.543019E-01  4.090E+00
4.563019E-01  4.068E+00
4.583019E-01  4.045E+00
4.603019E-01  4.023E+00
4.623019E-01  4.001E+00
4.643019E-01  3.980E+00
4.663019E-01  3.958E+00
4.683019E-01  3.937E+00
4.703019E-01  3.916E+00
4.723019E-01  3.894E+00
4.743019E-01  3.874E+00
4.763019E-01  3.853E+00
4.783019E-01  3.832E+00
4.803019E-01  3.812E+00
4.823019E-01  3.791E+00
4.843019E-01  3.771E+00
4.863019E-01  3.751E+00
4.883019E-01  3.731E+00
4.903019E-01  3.711E+00
4.923019E-01  3.692E+00
4.943019E-01  3.672E+00
4.963019E-01  3.653E+00
4.983019E-01  3.633E+00
5.003019E-01  3.614E+00
5.023019E-01  3.595E+00
5.043019E-01  3.576E+00
5.063019E-01  3.558E+00
5.083019E-01  3.539E+00
5.103019E-01  3.520E+00
5.123019E-01  3.502E+00
5.143019E-01  3.484E+00
5.163019E-01  3.465E+00
5.183019E-01  3.447E+00
5.203019E-01  3.429E+00
5.223019E-01  3.412E+00
5.243019E-01  3.394E+00
5.263019E-01  3.376E+00
5.283019E-01  3.359E+00
5.303019E-01  3.341E+00
5.323019E-01  3.324E+00
5.343019E-01  3.307E+00
5.363019E-01  3.290E+00
5.383019E-01  3.272E+00
5.403019E-01  3.256E+00
5.423019E-01  3.239E+00
5.443019E-01  3.222E+00
5.463019E-01  3.205E+00
5.483019E-01  3.189E+00
5.503019E-01  3.172E+00
5.523019E-01  3.156E+00
5.543019E-01  3.140E+00
5.563019E-01  3.124E+00
5.583019E-01  3.108E+00
5.603019E-01  3.092E+00
5.623019E-01  3.076E+00
5.643019E-01  3.060E+00
5.663019E-01  3.044E+00
5.683019E-01  3.029E+00
5.703019E-01  3.013E+00
5.723019E-01  2.998E+00
5.743019E-01  2.983E+00
5.763019E-01  2.967E+00
5.783019E-01  2.952E+00
5.803019E-01  2.937E+00
5.823019E-01  2.922E+00
5.843019E-01  2.907E+00
5.863019E-01  2.893E+00
5.883019E-01  2.878E+00
5.903019E-01  2.863E+00
5.923019E-01  2.849E+00
5.943019E-01  2.835E+00
5.963019E-01  2.820E+00
5.983019E-01  2.806E+00
6.003019E-01  2.792E+00
6.023019E-01  2.778E+00
6.043019E-01  2.764E+00
6.063019E-01  2.750E+00
6.083019E-01  2.736E+00
6.103019E-01  2.723E+00
6.123019E-01  2.709E+00
6.143019E-01  2.696E+00
6.163019E-01  2.682E+00
6.183019E-01  2.669E+00
6.203019E-01  2.656E+00
6.223019E-01  2.643E+00
6.243019E-01  2.630E+00
6.263019E-01  2.617E+00
6.283019E-01  2.604E+00
6.303019E-01  2.591E+00
6.323019E-01  2.578E+00
6.343019E-01  2.566E+00
6.363019E-01  2.553E+00
6.383019E-01  2.541E+00
6.403019E-01  2.528E+00
6.423019E-01  2.516E+00
6.443019E-01  2.504E+00
6.463019E-01  2.492E+00
6.483019E-01  2.480E+00
6.503019E-01  2.468E+00
6.523019E-01  2.456E+00
6.543019E-01  2.444E+00
6.563019E-01  2.432E+00
6.583019E-01  2.421E+00
6.603019E-01  2.409E+00
6.623019E-01  2.398E+00
6.643019E-01  2.386E+00
6.663019E-01  2.375E+00
6.683019E-01  2.364E+00
6.703019E-01  2.353E+00
6.723019E-01  2.341E+00
6.743019E-01  2.330E+00
6.763019E-01  2.319E+00
6.783019E-01  2.309E+00
6.803019E-01  2.298E+00
6.823019E-01  2.287E+00
6.843019E-01  2.276E+00
6.863019E-01  2.266E+00
6.883019E-01  2.255E+00
6.903019E-01  2.245E+00
6.923019E-01  2.234E+00
6.943019E-01  2.224E+00
6.963019E-01  2.214E+00
6.983019E-01  2.203E+00
7.003019E-01  2.193E+00
7.023019E-01  2.183E+00
7.043019E-01  2.173E+00
7.063019E-01  2.163E+00
7.083019E-01  2.153E+00
7.103019E-01  2.144E+00
7.123019E-01  2.134E+00
7.143019E-01  2.124E+00
7.163019E-01  2.115E+00
7.183019E-01  2.105E+00
7.203019E-01  2.095E+00
7.223019E-01  2.086E+00
7.243019E-01  2.077E+00
7.263019E-01  2.067E+00
7.283019E-01  2.058E+00
7.303019E-01  2.049E+00
7.323019E-01  2.040E+00
7.343019E-01  2.031E+00
7.363019E-01  2.021E+00
7.383019E-01  2.012E+00
7.403019E-01  2.004E+00
7.423019E-01  1.995E+00
7.443019E-01  1.986E+00
7.463019E-01  1.977E+00
7.483019E-01  1.968E+00
7.503019E-01  1.960E+00
7.523019E-01  1.951E+00
7.543019E-01  1.942E+00
7.563019E-01  1.934E+00
7.583019E-01  1.925E+00
7.603019E-01  1.917E+00
7.623019E-01  1.909E+00
7.643019E-01  1.900E+00
7.663019E-01  1.892E+00
7.683019E-01  1.884E+00
7.703019E-01  1.876E+00
7.723019E-01  1.868E+00
7.743019E-01  1.859E+00
7.763019E-01  1.851E+00
7.783019E-01  1.843E+00
7.803019E-01  1.835E+00
7.823019E-01  1.828E+00
7.843019E-01  1.820E+00
7.863019E-01  1.812E+00
7.883019E-01  1.804E+00
7.903019E-01  1.796E+00
7.923019E-01  1.789E+00
7.943019E-01  1.781E+00
7.963019E-01  1.774E+00
7.983019E-01  1.766E+00
8.003019E-01  1.758E+00
8.023019E-01  1.751E+00
8.043019E-01  1.744E+00
8.063019E-01  1.736E+00
8.083019E-01  1.729E+00
8.103019E-01  1.722E+00
8.123019E-01  1.714E+00
8.143019E-01  1.707E+00
8.163019E-01  1.700E+00
8.183019E-01  1.693E+00
8.203019E-01  1.686E+00
8.223019E-01  1.679E+00
8.243019E-01  1.672E+00
8.263019E-01  1.665E+00
8.283019E-01  1.658E+00
8.303019E-01  1.651E+00
8.323019E-01  1.644E+00
8.343019E-01  1.637E+00
8.363019E-01  1.630E+00
8.383019E-01  1.624E+00
8.403019E-01  1.617E+00
8.423019E-01  1.610E+00
8.443019E-01  1.604E+00
8.463019E-01  1.597E+00
8.483019E-01  1.591E+00
8.503019E-01  1.584E+00
8.523019E-01  1.578E+00
8.543019E-01  1.571E+00
8.563019E-01  1.565E+00
8.583019E-01  1.558E+00
8.603019E-01  1.552E+00
8.623019E-01  1.546E+00
8.643019E-01  1.539E+00
8.663019E-01  1.533E+00
8.683019E-01  1.527E+00
8.703019E-01  1.521E+00
8.723019E-01  1.515E+00
8.743019E-01  1.509E+00
8.763019E-01  1.503E+00
8.783019E-01  1.496E+00
8.803019E-01  1.491E+00
8.823019E-01  1.485E+00
8.843019E-01  1.479E+00
8.863019E-01  1.473E+00
8.883019E-01  1.467E+00
8.903019E-01  1.461E+00
8.923019E-01  1.455E+00
8.943019E-01  1.449E+00
8.963019E-01  1.444E+00
8.983019E-01  1.438E+00
9.003019E-01  1.432E+00
9.023019E-01  1.427E+00
9.043019E-01  1.421E+00
9.063019E-01  1.415E+00
9.083019E-01  1.410E+00
9.103019E-01  1.404E+00
9.123019E-01  1.399E+00
9.143019E-01  1.393E+00
9.163019E-01  1.388E+00
9.183019E-01  1.383E+00
9.203019E-01  1.377E+00
9.223019E-01  1.372E+00
9.243019E-01  1.367E+00
9.263019E-01  1.361E+00
9.283019E-01  1.356E+00
9.303019E-01  1.351E+00
9.323019E-01  1.346E+00
9.343019E-01  1.341E+00
9.363019E-01  1.335E+00
9.383019E-01  1.330E+00
9.403019E-01  1.325E+00
9.423019E-01  1.320E+00
9.443019E-01  1.315E+00
9.463019E-01  1.310E+00
9.483019E-01  1.305E+00
9.503019E-01  1.300E+00
9.523019E-01  1.295E+00
9.543019E-01  1.290E+00
9.563019E-01  1.286E+00
9.583019E-01  1.281E+00
9.603019E-01  1.276E+00
9.623019E-01  1.271E+00
9.643019E-01  1.266E+00
9.663019E-01  1.262E+00
9.683019E-01  1.257E+00
9.703019E-01  1.252E+00
9.723019E-01  1.248E+00
9.743019E-01  1.243E+00
9.763019E-01  1.238E+00
9.783019E-01  1.234E+00
9.803019E-01  1.229E+00
9.823019E-01  1.225E+00
9.843019E-01  1.220E+00
9.863019E-01  1.216E+00
9.883019E-01  1.211E+00
9.903019E-01  1.207E+00
9.923019E-01  1.202E+00
9.943019E-01  1.198E+00
9.963019E-01  1.194E+00
9.983019E-01  1.189E+00
1.000302E+00  1.185E+00
1.002302E+00  1.181E+00
1.004302E+00  1.177E+00
1.006302E+00  1.172E+00
1.008302E+00  1.168E+00
1.010302E+00  1.164E+00
1.012302E+00  1.160E+00
1.014302E+00  1.156E+00
1.016302E+00  1.151E+00
1.018302E+00  1.147E+00
1.020302E+00  1.143E+00
1.022302E+00  1.139E+00
1.024302E+00  1.135E+00
1.026302E+00  1.131E+00
1.028302E+00  1.127E+00
1.030302E+00  1.123E+00
1.032302E+00  1.119E+00
1.034302E+00  1.115E+00
1.036302E+00  1.111E+00
1.038302E+00  1.107E+00
1.040302E+00  1.103E+00
1.042302E+00  1.099E+00
1.044302E+00  1.096E+00
1.046302E+00  1.092E+00
1.048302E+00  1.088E+00
1.050302E+00  1.084E+00
1.052302E+00  1.080E+00
1.054302E+00  1.077E+00
1.056302E+00  1.073E+00
1.058302E+00  1.069E+00
1.060302E+00  1.065E+00
1.062302E+00  1.062E+00
1.064302E+00  1.058E+00
1.066302E+00  1.054E+00
1.068302E+00  1.051E+00
1.070302E+00  1.047E+00
1.072302E+00  1.044E+00
1.074302E+00  1.040E+00
1.076302E+00  1.036E+00
1.078302E+00  1.033E+00
1.080302E+00  1.029E+00
1.082302E+00  1.026E+00
1.084302E+00  1.022E+00
1.086302E+00  1.019E+00
1.088302E+00  1.015E+00
1.090302E+00  1.012E+00
1.092302E+00  1.009E+00
1.094302E+00  1.005E+00
1.096302E+00  1.002E+00
1.098302E+00  9.984E-01
1.100302E+00  9.950E-01
1.102302E+00  9.916E-01
1.104302E+00  9.883E-01
1.106302E+00  9.850E-01
1.108302E+00  9.817E-01
1.110302E+00  9.784E-01
1.112302E+00  9.751E-01
1.114302E+00  9.718E-01
1.116302E+00  9.686E-01
1.118302E+00  9.654E-01
1.120302E+00  9.622E-01
1.122302E+00  9.590E-01
1.124302E+00  9.558E-01
1.126302E+00  9.526E-01
1.128302E+00  9.494E-01
1.130302E+00  9.463E-01
1.132302E+00  9.432E-01
1.134302E+00  9.401E-01
1.136302E+00  9.370E-01
1.138302E+00  9.339E-01
1.140302E+00  9.308E-01
1.142302E+00  9.277E-01
1.144302E+00  9.247E-01
1.146302E+00  9.217E-01
1.148302E+00  9.186E-01
1.150302E+00  9.156E-01
1.152302E+00  9.126E-01
1.154302E+00  9.097E-01
1.156302E+00  9.067E-01
1.158302E+00  9.038E-01
1.160302E+00  9.008E-01
1.162302E+00  8.979E-01
1.164302E+00  8.950E-01
1.166302E+00  8.921E-01
1.168302E+00  8.892E-01
1.170302E+00  8.863E-01
1.172302E+00  8.835E-01
1.174302E+00  8.806E-01
1.176302E+00  8.778E-01
1.178302E+00  8.750E-01
1.180302E+00  8.721E-01
1.182302E+00  8.693E-01
1.184302E+00  8.666E-01
1.186302E+00  8.638E-01
1.188302E+00  8.610E-01
1.190302E+00  8.583E-01
1.192302E+00  8.555E-01
1.194302E+00  8.528E-01
1.196302E+00  8.501E-01
1.198302E+00  8.474E-01
1.200302E+00  8.447E-01
1.202302E+00  8.421E-01
1.204302E+00  8.394E-01
1.206302E+00  8.367E-01
1.208302E+00  8.341E-01
1.210302E+00  8.315E-01
1.212302E+00  8.289E-01
1.214302E+00  8.263E-01
1.216302E+00  8.237E-01
1.218302E+00  8.211E-01
1.220302E+00  8.185E-01
1.222302E+00  8.160E-01
1.224302E+00  8.134E-01
1.226302E+00  8.109E-01
1.228302E+00  8.084E-01
1.230302E+00  8.058E-01
1.232302E+00  8.033E-01
1.234302E+00  8.008E-01
1.236302E+00  7.984E-01
1.238302E+00  7.959E-01
1.240302E+00  7.934E-01
1.242302E+00  7.910E-01
1.244302E+00  7.886E-01
1.246302E+00  7.861E-01
1.248302E+00  7.837E-01
1.250302E+00  7.813E-01
1.252302E+00  7.789E-01
1.254302E+00  7.766E-01
1.256302E+00  7.742E-01
1.258302E+00  7.718E-01
1.260302E+00  7.695E-01
1.262302E+00  7.672E-01
1.264302E+00  7.648E-01
1.266302E+00  7.625E-01
1.268302E+00  7.602E-01
1.270302E+00  7.579E-01
1.272302E+00  7.556E-01
1.274302E+00  7.534E-01
1.276302E+00  7.511E-01
1.278302E+00  7.488E-01
1.280302E+00  7.466E-01
1.282302E+00  7.444E-01
1.284302E+00  7.421E-01
1.286302E+00  7.399E-01
1.288302E+00  7.377E-01
1.290302E+00  7.355E-01
1.292302E+00  7.333E-01
1.294302E+00  7.312E-01
1.296302E+00  7.290E-01
1.298302E+00  7.269E-01
1.300302E+00  7.247E-01
1.302302E+00  7.226E-01
1.304302E+00  7.205E-01
1.306302E+00  7.183E-01
1.308302E+00  7.162E-01
1.310302E+00  7.141E-01
1.312302E+00  7.121E-01
1.314302E+00  7.100E-01
1.316302E+00  7.079E-01
1.318302E+00  7.058E-01
1.320302E+00  7.038E-01
1.322302E+00  7.018E-01
1.324302E+00  6.997E-01
1.326302E+00  6.977E-01
1.328302E+00  6.957E-01
1.330302E+00  6.937E-01
1.332302E+00  6.917E-01
1.334302E+00  6.897E-01
1.336302E+00  6.877E-01
1.338302E+00  6.858E-01
1.340302E+00  6.838E-01
1.342302E+00  6.818E-01
1.344302E+00  6.799E-01
1.346302E+00  6.780E-01
1.348302E+00  6.760E-01
1.350302E+00  6.741E-01
1.352302E+00  6.722E-01
1.354302E+00  6.703E-01
1.356302E+00  6.684E-01
1.358302E+00  6.665E-01
1.360302E+00  6.647E-01
1.362302E+00  6.628E-01
1.364302E+00  6.609E-01
1.366302E+00  6.591E-01
1.368302E+00  6.572E-01
1.370302E+00  6.554E-01
1.372302E+00  6.536E-01
1.374302E+00  6.517E-01
1.376302E+00  6.499E-01
1.378302E+00  6.481E-01
1.380302E+00  6.463E-01
1.382302E+00  6.445E-01
1.384302E+00  6.428E-01
1.386302E+00  6.410E-01
1.388302E+00  6.392E-01
1.390302E+00  6.374E-01
1.392302E+00  6.357E-01
1.394302E+00  6.339E-01
1.396302E+00  6.322E-01
1.398302E+00  6.305E-01
1.400302E+00  6.287E-01
1.402302E+00  6.270E-01
1.404302E+00  6.253E-01
1.406302E+00  6.236E-01
1.408302E+00  6.219E-01
1.410302E+00  6.202E-01
1.412302E+00  6.185E-01
1.414302E+00  6.169E-01
1.416302E+00  6.152E-01
1.418302E+00  6.135E-01
1.420302E+00  6.119E-01
1.422302E+00  6.102E-01
1.424302E+00  6.086E-01
1.426302E+00  6.069E-01
1.428302E+00  6.053E-01
1.430302E+00  6.037E-01
1.432302E+00  6.020E-01
1.434302E+00  6.004E-01
1.436302E+00  5.988E-01
1.438302E+00  5.972E-01
1.440302E+00  5.956E-01
1.442302E+00  5.940E-01
1.444302E+00  5.924E-01
1.446302E+00  5.909E-01
1.448302E+00  5.893E-01
1.450302E+00  5.877E-01
1.452302E+00  5.862E-01
1.454302E+00  5.846E-01
1.456302E+00  5.831E-01
1.458302E+00  5.815E-01
1.460302E+00  5.800E-01
1.462302E+00  5.785E-01
1.464302E+00  5.769E-01
1.466302E+00  5.754E-01
1.468302E+00  5.739E-01
1.470302E+00  5.724E-01
1.472302E+00  5.709E-01
1.474302E+00  5.694E-01
1.476302E+00  5.679E-01
1.478302E+00  5.664E-01
1.480302E+00  5.649E-01
1.482302E+00  5.635E-01
1.484302E+00  5.620E-01
1.486302E+00  5.605E-01
1.488302E+00  5.591E-01
1.490302E+00  5.576E-01
1.492302E+00  5.562E-01
1.494302E+00  5.547E-01
1.496302E+00  5.533E-01
1.498302E+00  5.519E-01
1.500302E+00  5.504E-01
1.502302E+00  5.490E-01
1.504302E+00  5.476E-01
1.506302E+00  5.462E-01
1.508302E+00  5.448E-01
1.510302E+00  5.434E-01
1.512302E+00  5.420E-01
1.514302E+00  5.406E-01
1.516302E+00  5.392E-01
1.518302E+00  5.378E-01
1.520302E+00  5.365E-01
1.522302E+00  5.351E-01
1.524302E+00  5.337E-01
1.526302E+00  5.324E-01
1.528302E+00  5.310E-01
1.530302E+00  5.296E-01
1.532302E+00  5.283E-01
1.534302E+00  5.270E-01
1.536302E+00  5.256E-01
1.538302E+00  5.243E-01
1.540302E+00  5.230E-01
1.542302E+00  5.216E-01
1.544302E+00  5.203E-01
1.546302E+00  5.190E-01
1.548302E+00  5.177E-01
1.550302E+00  5.164E-01
1.552302E+00  5.151E-01
1.554302E+00  5.138E-01
1.556302E+00  5.125E-01
1.558302E+00  5.112E-01
1.560302E+00  5.100E-01
1.562302E+00  5.087E-01
1.564302E+00  5.074E-01
1.566302E+00  5.061E-01
1.568302E+00  5.049E-01
1.570302E+00  5.036E-01
1.572302E+00  5.024E-01
1.574302E+00  5.011E-01
1.576302E+00  4.999E-01
1.578302E+00  4.986E-01
1.580302E+00  4.974E-01
1.582302E+00  4.962E-01
1.584302E+00  4.950E-01
1.586302E+00  4.937E-01
1.588302E+00  4.925E-01
1.590302E+00  4.913E-01
1.592302E+00  4.901E-01
1.594302E+00  4.889E-01
1.596302E+00  4.877E-01
1.598302E+00  4.865E-01
1.600302E+00  4.853E-01
1.602302E+00  4.841E-01
1.604302E+00  4.830E-01
1.606302E+00  4.818E-01
1.608302E+00  4.806E-01
1.610302E+00  4.794E-01
1.612302E+00  4.783E-01
1.614302E+00  4.771E-01
1.616302E+00  4.760E-01
1.618302E+00  4.748E-01
1.620302E+00  4.737E-01
1.622302E+00  4.725E-01
1.624302E+00  4.714E-01
1.626302E+00  4.703E-01
1.628302E+00  4.691E-01
1.630302E+00  4.680E-01
1.632302E+00  4.669E-01
1.634302E+00  4.658E-01
1.636302E+00  4.647E-01
1.638302E+00  4.636E-01
1.640302E+00  4.625E-01
1.642302E+00  4.614E-01
1.644302E+00  4.603E-01
1.646302E+00  4.592E-01
1.648302E+00  4.581E-01
1.650302E+00  4.570E-01
1.652302E+00  4.559E-01
1.654302E+00  4.549E-01
1.656302E+00  4.538E-01
1.658302E+00  4.527E-01
1.660302E+00  4.517E-01
1.662302E+00  4.506E-01
1.664302E+00  4.496E-01
1.666302E+00  4.485E-01
1.668302E+00  4.475E-01
1.670302E+00  4.464E-01
1.672302E+00  4.454E-01
1.674302E+00  4.444E-01
1.676302E+00  4.433E-01
1.678302E+00  4.423E-01
1.680302E+00  4.413E-01
1.682302E+00  4.403E-01
1.684302E+00  4.393E-01
1.686302E+00  4.383E-01
1.688302E+00  4.373E-01
1.690302E+00  4.363E-01
1.692302E+00  4.353E-01
1.694302E+00  4.343E-01
1.696302E+00  4.333E-01
1.698302E+00  4.323E-01
1.700302E+00  4.313E-01
1.702302E+00  4.303E-01
1.704302E+00  4.294E-01
1.706302E+00  4.284E-01
1.708302E+00  4.274E-01
1.710302E+00  4.265E-01
1.712302E+00  4.255E-01
1.714302E+00  4.246E-01
1.716302E+00  4.236E-01
1.718302E+00  4.227E-01
1.720302E+00  4.217E-01
1.722302E+00  4.208E-01
1.724302E+00  4.199E-01
1.726302E+00  4.189E-01
1.728302E+00  4.180E-01
1.730302E+00  4.171E-01
1.732302E+00  4.161E-01
1.734302E+00  4.152E-01
1.736302E+00  4.143E-01
1.738302E+00  4.134E-01
1.740302E+00  4.125E-01
1.742302E+00  4.116E-01
1.744302E+00  4.107E-01
1.746302E+00  4.098E-01
1.748302E+00  4.089E-01
1.750302E+00  4.080E-01
1.752302E+00  4.071E-01
1.754302E+00  4.062E-01
1.756302E+00  4.054E-01
1.758302E+00  4.045E-01
1.760302E+00  4.036E-01
1.762302E+00  4.027E-01
1.764302E+00  4.019E-01
1.766302E+00  4.010E-01
1.768302E+00  4.001E-01
1.770302E+00  3.993E-01
1.772302E+00  3.984E-01
1.774302E+00  3.976E-01
1.776302E+00  3.967E-01
1.778302E+00  3.959E-01
1.780302E+00  3.950E-01
1.782302E+00  3.942E-01
1.784302E+00  3.934E-01
1.786302E+00  3.925E-01
1.788302E+00  3.917E-01
1.790302E+00  3.909E-01
1.792302E+00  3.900E-01
1.794302E+00  3.892E-01
1.796302E+00  3.884E-01
1.798302E+00  3.876E-01
1.800302E+00  3.868E-01
1.802302E+00  3.860E-01
1.804302E+00  3.852E-01
1.806302E+00  3.844E-01
1.808302E+00  3.836E-01
1.810302E+00  3.828E-01
1.812302E+00  3.820E-01
1.814302E+00  3.812E-01
1.816302E+00  3.804E-01
1.818302E+00  3.796E-01
1.820302E+00  3.788E-01
1.822302E+00  3.780E-01
1.824302E+00  3.772E-01
1.826302E+00  3.765E-01
1.828302E+00  3.757E-01
1.830302E+00  3.749E-01
1.832302E+00  3.742E-01
1.834302E+00  3.734E-01
1.836302E+00  3.726E-01
1.838302E+00  3.719E-01
1.840302E+00  3.711E-01
1.842302E+00  3.704E-01
1.844302E+00  3.696E-01
1.846302E+00  3.689E-01
1.848302E+00  3.681E-01
1.850302E+00  3.674E-01
1.852302E+00  3.666E-01
1.854302E+00  3.659E-01
1.856302E+00  3.651E-01
1.858302E+00  3.644E-01
1.860302E+00  3.637E-01
1.862302E+00  3.629E-01
1.864302E+00  3.622E-01
1.866302E+00  3.615E-01
1.868302E+00  3.608E-01
1.870302E+00  3.600E-01
1.872302E+00  3.593E-01
1.874302E+00  3.586E-01
1.876302E+00  3.579E-01
1.878302E+00  3.572E-01
1.880302E+00  3.565E-01
1.882302E+00  3.558E-01
1.884302E+00  3.550E-01
1.886302E+00  3.543E-01
1.888302E+00  3.536E-01
1.890302E+00  3.529E-01
1.892302E+00  3.522E-01
1.894302E+00  3.516E-01
1.896302E+00  3.509E-01
1.898302E+00  3.502E-01
1.900302E+00  3.495E-01
1.902302E+00  3.488E-01
1.904302E+00  3.481E-01
1.906302E+00  3.474E-01
1.908302E+00  3.468E-01
1.910302E+00  3.461E-01
1.912302E+00  3.454E-01
1.914302E+00  3.447E-01
1.916302E+00  3.441E-01
1.918302E+00  3.434E-01
1.920302E+00  3.427E-01
1.922302E+00  3.421E-01
1.924302E+00  3.414E-01
1.926302E+00  3.407E-01
1.928302E+00  3.401E-01
1.930302E+00  3.394E-01
1.932302E+00  3.388E-01
1.934302E+00  3.381E-01
1.936302E+00  3.375E-01
1.938302E+00  3.368E-01
1.940302E+00  3.362E-01
1.942302E+00  3.355E-01
1.944302E+00  3.349E-01
1.946302E+00  3.343E-01
1.948302E+00  3.336E-01
1.950302E+00  3.330E-01
1.952302E+00  3.324E-01
1.954302E+00  3.317E-01
1.956302E+00  3.311E-01
1.958302E+00  3.305E-01
1.960302E+00  3.299E-01
1.962302E+00  3.292E-01
1.964302E+00  3.286E-01
1.966302E+00  3.280E-01
1.968302E+00  3.274E-01
1.970302E+00  3.268E-01
1.972302E+00  3.262E-01
1.974302E+00  3.255E-01
1.976302E+00  3.249E-01
1.978302E+00  3.243E-01
1.980302E+00  3.237E-01
1.982302E+00  3.231E-01
1.984302E+00  3.225E-01
1.986302E+00  3.219E-01
1.988302E+00  3.213E-01
1.990302E+00  3.207E-01
1.992302E+00  3.202E-01
1.994302E+00  3.196E-01
1.996302E+00  3.190E-01
1.998302E+00  3.184E-01
2.000302E+00  3.178E-01
2.002302E+00  3.172E-01
2.004302E+00  3.166E-01
2.006302E+00  3.161E-01
2.008302E+00  3.155E-01
2.010302E+00  3.149E-01
2.012302E+00  3.144E-01
2.014302E+00  3.138E-01
2.016302E+00  3.132E-01
2.018302E+00  3.127E-01
2.020302E+00  3.121E-01
2.022302E+00  3.115E-01
2.024302E+00  3.110E-01
2.026302E+00  3.104E-01
2.028302E+00  3.099E-01
2.030302E+00  3.093E-01
2.032302E+00  3.088E-01
2.034302E+00  3.082E-01
2.036302E+00  3.077E-01
2.038302E+00  3.071E-01
2.040302E+00  3.066E-01
2.042302E+00  3.060E-01
2.044302E+00  3.055E-01
2.046302E+00  3.050E-01
2.048302E+00  3.044E-01
2.050302E+00  3.039E-01
2.052302E+00  3.034E-01
2.054302E+00  3.028E-01
2.056302E+00  3.023E-01
2.058302E+00  3.018E-01
2.060302E+00  3.013E-01
2.062302E+00  3.007E-01
2.064302E+00  3.002E-01
2.066302E+00  2.997E-01
2.068302E+00  2.992E-01
2.070302E+00  2.987E-01
2.072302E+00  2.982E-01
2.074302E+00  2.977E-01
2.076302E+00  2.971E-01
2.078302E+00  2.966E-01
2.080302E+00  2.961E-01
2.082302E+00  2.956E-01
2.084302E+00  2.951E-01
2.086302E+00  2.946E-01
2.088302E+00  2.941E-01
2.090302E+00  2.937E-01
2.092302E+00  2.932E-01
2.094302E+00  2.927E-01
2.096302E+00  2.922E-01
2.098302E+00  2.917E-01
2.100302E+00  2.912E-01
2.102302E+00  2.907E-01
2.104302E+00  2.903E-01
2.106302E+00  2.898E-01
2.108302E+00  2.893E-01
2.110302E+00  2.888E-01
2.112302E+00  2.884E-01
2.114302E+00  2.879E-01
2.116302E+00  2.874E-01
2.118302E+00  2.870E-01
2.120302E+00  2.865E-01
2.122302E+00  2.860E-01
2.124302E+00  2.856E-01
2.126302E+00  2.851E-01
2.128302E+00  2.847E-01
2.130302E+00  2.842E-01
2.132302E+00  2.838E-01
2.134302E+00  2.833E-01
2.136302E+00  2.829E-01
2.138302E+00  2.824E-01
2.140302E+00  2.820E-01
2.142302E+00  2.816E-01
2.144302E+00  2.811E-01
2.146302E+00  2.807E-01
2.148302E+00  2.802E-01
2.150302E+00  2.798E-01
2.152302E+00  2.794E-01
2.154302E+00  2.789E-01
2.156302E+00  2.785E-01
2.158302E+00  2.781E-01
2.160302E+00  2.777E-01
2.162302E+00  2.773E-01
2.164302E+00  2.768E-01
2.166302E+00  2.764E-01
2.168302E+00  2.760E-01
2.170302E+00  2.756E-01
2.172302E+00  2.752E-01
2.174302E+00  2.748E-01
2.176302E+00  2.744E-01
2.178302E+00  2.740E-01
2.180302E+00  2.735E-01
2.182302E+00  2.731E-01
2.184302E+00  2.727E-01
2.186302E+00  2.723E-01
2.188302E+00  2.720E-01
2.190302E+00  2.716E-01
2.192302E+00  2.712E-01
2.194302E+00  2.708E-01
2.196302E+00  2.704E-01
2.198302E+00  2.700E-01
2.200302E+00  2.696E-01
2.202302E+00  2.692E-01
2.204302E+00  2.688E-01
2.206302E+00  2.685E-01
2.208302E+00  2.681E-01
2.210302E+00  2.677E-01
2.212302E+00  2.673E-01
2.214302E+00  2.670E-01
2.216302E+00  2.666E-01
2.218302E+00  2.662E-01
2.220302E+00  2.659E-01
2.222302E+00  2.655E-01
2.224302E+00  2.651E-01
2.226302E+00  2.648E-01
2.228302E+00  2.644E-01
2.230302E+00  2.641E-01
2.232302E+00  2.637E-01
2.234302E+00  2.633E-01
2.236302E+00  2.630E-01
2.238302E+00  2.626E-01
2.240302E+00  2.623E-01
2.242302E+00  2.620E-01
2.244302E+00  2.616E-01
2.246302E+00  2.613E-01
2.248302E+00  2.609E-01
2.250302E+00  2.606E-01
2.252302E+00  2.603E-01
2.254302E+00  2.599E-01
2.256302E+00  2.596E-01
2.258302E+00  2.593E-01
2.260302E+00  2.589E-01
2.262302E+00  2.586E-01
2.264302E+00  2.583E-01
2.266302E+00  2.579E-01
2.268302E+00  2.576E-01
2.270302E+00  2.573E-01
2.272302E+00  2.570E-01
2.274302E+00  2.567E-01
2.276302E+00  2.563E-01
2.278302E+00  2.560E-01
2.280302E+00  2.557E-01
2.282302E+00  2.554E-01
2.284302E+00  2.551E-01
2.286302E+00  2.548E-01
2.288302E+00  2.545E-01
2.290302E+00  2.542E-01
2.292302E+00  2.539E-01
2.294302E+00  2.536E-01
2.296302E+00  2.533E-01
2.298302E+00  2.530E-01
2.300302E+00  2.527E-01
2.302302E+00  2.524E-01
2.304302E+00  2.521E-01
2.306302E+00  2.518E-01
2.308302E+00  2.515E-01
2.310302E+00  2.513E-01
2.312302E+00  2.510E-01
2.314302E+00  2.507E-01
2.316302E+00  2.504E-01
2.318302E+00  2.501E-01
2.320302E+00  2.499E-01
2.322302E+00  2.496E-01
2.324302E+00  2.493E-01
2.326302E+00  2.490E-01
2.328302E+00  2.488E-01
2.330302E+00  2.485E-01
2.332302E+00  2.482E-01
2.334302E+00  2.480E-01
2.336302E+00  2.477E-01
2.338302E+00  2.475E-01
2.340302E+00  2.472E-01
2.342302E+00  2.469E-01
2.344302E+00  2.467E-01
2.346302E+00  2.464E-01
2.348302E+00  2.462E-01
2.360302E+00  2.447E-01
2.379704E+00  2.425E-01
2.484980E+00  2.346E-01
2.560156E+00  2.353E-01
2.613462E+00  2.417E-01
2.649979E+00  2.516E-01
2.683847E+00  2.683E-01
2.705079E+00  2.852E-01
2.725312E+00  3.099E-01
2.735074E+00  3.265E-01
2.744608E+00  3.473E-01
2.753923E+00  3.739E-01
2.763025E+00  4.087E-01
2.771919E+00  4.560E-01
2.780614E+00  5.230E-01
2.789113E+00  6.241E-01
2.797424E+00  7.905E-01
2.805551E+00  1.104E+00
2.813501E+00  1.850E+00
2.821278E+00  4.773E+00
2.828887E+00  1.191E+02
2.836333E+00  5.621E+00
2.843621E+00  7.269E-01
2.850755E+00  1.755E-01
2.857739E+00  4.577E-02
2.864578E+00  8.954E-03
2.871275E+00  2.784E-04
2.877835E+00  1.456E-03
2.884261E+00  6.208E-03
2.890556E+00  1.212E-02
2.902771E+00  2.402E-02
2.908697E+00  2.945E-02
2.914505E+00  3.444E-02
2.925784E+00  4.314E-02
2.936630E+00  5.035E-02
2.952137E+00  5.901E-02
2.971492E+00  6.765E-02
2.997982E+00  7.673E-02
3.036341E+00  8.639E-02
3.117949E+00  1.033E-01
3.138819E+00  1.103E-01
3.150019E+00  1.165E-01
3.158687E+00  1.243E-01
3.163620E+00  1.315E-01
3.166803E+00  1.383E-01
3.169906E+00  1.482E-01
3.171428E+00  1.551E-01
3.172931E+00  1.642E-01
3.174415E+00  1.769E-01
3.175880E+00  1.960E-01
3.177328E+00  2.291E-01
3.178757E+00  3.011E-01
3.180168E+00  5.840E-01
3.181563E+00  7.406E+00
3.182940E+00  1.948E-03
3.184300E+00  4.565E-02
3.185644E+00  8.108E-02
3.186972E+00  1.125E-01
3.188283E+00  1.509E-01
3.189579E+00  2.198E-01
3.190860E+00  4.445E-01
3.192125E+00  1.415E+01
3.193375E+00  6.161E-02
3.194610E+00  1.321E-03
3.195831E+00  1.559E-02
3.197038E+00  2.854E-02
3.198230E+00  3.832E-02
3.199409E+00  4.580E-02
3.200574E+00  5.170E-02
3.201725E+00  5.648E-02
3.203989E+00  6.380E-02
3.207289E+00  7.145E-02
3.211517E+00  7.838E-02
3.218479E+00  8.638E-02
3.240231E+00  1.053E-01
3.246519E+00  1.133E-01
3.249782E+00  1.204E-01
3.251044E+00  1.253E-01
3.251666E+00  1.296E-01
3.252282E+00  1.397E-01
3.252893E+00  4.583E-01
3.253498E+00  1.063E-01
3.254097E+00  1.180E-01
3.254691E+00  1.232E-01
3.257579E+00  1.414E-01
3.258698E+00  1.508E-01
3.259796E+00  1.638E-01
3.260338E+00  1.726E-01
3.260875E+00  1.836E-01
3.261407E+00  1.982E-01
3.261935E+00  2.184E-01
3.262458E+00  2.483E-01
3.262976E+00  2.975E-01
3.263489E+00  3.924E-01
3.263999E+00  6.420E-01
3.264503E+00  2.171E+00
3.265003E+00  4.398E+00
3.265499E+00  6.407E-02
3.265991E+00  6.501E-05
3.266478E+00  1.307E-02
3.266961E+00  3.024E-02
3.267440E+00  4.573E-02
3.268386E+00  7.329E-02
3.268852E+00  8.786E-02
3.269315E+00  1.058E-01
3.269774E+00  1.322E-01
3.270229E+00  1.829E-01
3.270680E+00  3.442E-01
3.271127E+00  5.681E+00
3.271570E+00  5.116E-02
3.272010E+00  2.205E-03
3.272446E+00  1.646E-02
3.272879E+00  2.839E-02
3.273308E+00  3.726E-02
3.273733E+00  4.403E-02
3.274155E+00  4.941E-02
3.274573E+00  5.381E-02
3.275400E+00  6.068E-02
3.276614E+00  6.810E-02
3.278188E+00  7.513E-02
3.280823E+00  8.373E-02
3.288842E+00  1.045E-01
3.290920E+00  1.121E-01
3.292060E+00  1.189E-01
3.292340E+00  1.218E-01
3.292618E+00  1.262E-01
3.292894E+00  1.374E-01
3.293168E+00  1.950E-01
3.293440E+00  1.052E-01
3.293710E+00  1.149E-01
3.294245E+00  1.229E-01
3.295548E+00  1.389E-01
3.296309E+00  1.524E-01
3.296807E+00  1.653E-01
3.297053E+00  1.739E-01
3.297298E+00  1.846E-01
3.297541E+00  1.983E-01
3.297783E+00  2.168E-01
3.298022E+00  2.431E-01
3.298261E+00  2.833E-01
3.298497E+00  3.529E-01
3.298732E+00  4.995E-01
3.298965E+00  9.659E-01
3.299197E+00  7.633E+00
3.299427E+00  9.728E-01
3.299656E+00  3.242E-02
3.299883E+00  5.141E-04
3.300109E+00  1.374E-02
3.300333E+00  3.023E-02
3.300555E+00  4.560E-02
3.300996E+00  7.416E-02
3.301214E+00  8.964E-02
3.301431E+00  1.086E-01
3.301646E+00  1.356E-01
3.301860E+00  1.830E-01
3.302072E+00  3.014E-01
3.302283E+00  1.030E+00
3.302493E+00  1.603E+00
3.302701E+00  1.542E-02
3.302908E+00  1.844E-03
3.303114E+00  1.248E-02
3.303318E+00  2.251E-02
3.303521E+00  3.057E-02
3.303723E+00  3.705E-02
3.303923E+00  4.236E-02
3.304122E+00  4.680E-02
3.304516E+00  5.389E-02
3.305098E+00  6.167E-02
3.305857E+00  6.912E-02
3.306960E+00  7.707E-02
3.309046E+00  8.812E-02
3.311601E+00  9.925E-02
3.311904E+00  9.878E-02
3.312054E+00  9.198E-02
3.312203E+00  1.151E-01
3.312351E+00  1.088E-01
3.312645E+00  1.086E-01
3.313507E+00  1.141E-01
3.314339E+00  1.228E-01
3.314878E+00  1.311E-01
3.315275E+00  1.399E-01
3.315535E+00  1.479E-01
3.315793E+00  1.590E-01
3.315921E+00  1.664E-01
3.316048E+00  1.757E-01
3.316174E+00  1.880E-01
3.316300E+00  2.052E-01
3.316425E+00  2.314E-01
3.316549E+00  2.771E-01
3.316673E+00  3.806E-01
3.316796E+00  8.314E-01
3.316918E+00  4.291E+00
3.317040E+00  2.167E-04
3.317161E+00  3.986E-02
3.317281E+00  7.621E-02
3.317401E+00  1.052E-01
3.317520E+00  1.324E-01
3.317638E+00  1.625E-01
3.317756E+00  2.019E-01
3.317873E+00  2.629E-01
3.317989E+00  3.797E-01
3.318105E+00  6.999E-01
3.318220E+00  2.969E+00
3.318335E+00  5.591E+00
3.318449E+00  1.705E-01
3.318562E+00  1.357E-02
3.318675E+00  2.122E-05
3.318787E+00  5.037E-03
3.318898E+00  1.281E-02
3.319009E+00  2.032E-02
3.319120E+00  2.700E-02
3.319230E+00  3.282E-02
3.319339E+00  3.788E-02
3.319447E+00  4.230E-02
3.319663E+00  4.968E-02
3.319876E+00  5.558E-02
3.320192E+00  6.259E-02
3.320606E+00  6.973E-02
3.321309E+00  7.885E-02
3.322551E+00  9.081E-02
3.323097E+00  9.475E-02
3.323275E+00  9.458E-02
3.323364E+00  9.212E-02
3.323452E+00  5.782E-02
3.323540E+00  1.126E-01
3.323627E+00  1.073E-01
3.323714E+00  1.064E-01
3.324058E+00  1.087E-01
3.324643E+00  1.167E-01
3.325129E+00  1.273E-01
3.325445E+00  1.380E-01
3.325678E+00  1.501E-01
3.325832E+00  1.621E-01
3.325908E+00  1.700E-01
3.325984E+00  1.802E-01
3.326060E+00  1.937E-01
3.326135E+00  2.130E-01
3.326210E+00  2.431E-01
3.326285E+00  2.990E-01
3.326359E+00  4.427E-01
3.326433E+00  1.496E+00
3.326507E+00  2.067E-01
3.326580E+00  1.508E-02
3.326653E+00  6.166E-02
3.326725E+00  9.695E-02
3.326869E+00  1.581E-01
3.326941E+00  1.957E-01
3.327012E+00  2.494E-01
3.327083E+00  3.415E-01
3.327153E+00  5.466E-01
3.327224E+00  1.312E+00
3.327294E+00  3.499E+01
3.327363E+00  9.878E-01
3.327433E+00  8.512E-02
3.327502E+00  7.464E-03
3.327570E+00  1.549E-04
3.327639E+00  5.040E-03
3.327774E+00  1.901E-02
3.327842E+00  2.527E-02
3.327909E+00  3.082E-02
3.327976E+00  3.571E-02
3.328042E+00  4.003E-02
3.328175E+00  4.731E-02
3.328306E+00  5.322E-02
3.328500E+00  6.030E-02
3.328755E+00  6.756E-02
3.329191E+00  7.690E-02
3.329850E+00  8.730E-02
3.330139E+00  9.047E-02
3.330253E+00  9.042E-02
3.330310E+00  8.894E-02
3.330366E+00  8.208E-02
3.330422E+00  2.026E-01
3.330478E+00  1.102E-01
3.330534E+00  1.057E-01
3.330644E+00  1.046E-01
3.330917E+00  1.082E-01
3.331289E+00  1.168E-01
3.331549E+00  1.258E-01
3.331752E+00  1.364E-01
3.331903E+00  1.482E-01
3.332002E+00  1.598E-01
3.332052E+00  1.674E-01
3.332101E+00  1.770E-01
3.332150E+00  1.897E-01
3.332199E+00  2.074E-01
3.332247E+00  2.345E-01
3.332296E+00  2.822E-01
3.332344E+00  3.933E-01
3.332392E+00  9.370E-01
3.332440E+00  1.299E+00
3.332487E+00  4.805E-03
3.332535E+00  5.213E-02
3.332582E+00  8.972E-02
3.332676E+00  1.513E-01
3.332723E+00  1.871E-01
3.332769E+00  2.364E-01
3.332816E+00  3.170E-01
3.332862E+00  4.834E-01
3.332908E+00  1.003E+00
3.332953E+00  7.163E+00
3.332999E+00  2.612E+00
3.333044E+00  1.615E-01
3.333090E+00  1.796E-02
3.333135E+00  2.378E-04
3.333180E+00  2.702E-03
3.333224E+00  9.163E-03
3.333269E+00  1.602E-02
3.333313E+00  2.238E-02
3.333357E+00  2.806E-02
3.333401E+00  3.309E-02
3.333445E+00  3.754E-02
3.333532E+00  4.505E-02
3.333619E+00  5.113E-02
3.333747E+00  5.840E-02
3.333916E+00  6.583E-02
3.334165E+00  7.415E-02
3.334528E+00  8.325E-02
3.334801E+00  8.793E-02
3.334878E+00  8.770E-02
3.334916E+00  8.607E-02
3.334955E+00  7.939E-02
3.334992E+00  1.002E+00
3.335030E+00  1.118E-01
3.335068E+00  1.051E-01
3.335105E+00  1.034E-01
3.335217E+00  1.038E-01
3.335473E+00  1.103E-01
3.335687E+00  1.188E-01
3.335862E+00  1.292E-01
3.335966E+00  1.382E-01
3.336068E+00  1.514E-01
3.336136E+00  1.647E-01
3.336170E+00  1.739E-01
3.336203E+00  1.858E-01
3.336237E+00  2.023E-01
3.336270E+00  2.270E-01
3.336303E+00  2.694E-01
3.336336E+00  3.621E-01
3.336369E+00  7.350E-01
3.336402E+00  7.976E+00
3.336435E+00  5.885E-04
3.336467E+00  4.586E-02
3.336500E+00  8.497E-02
3.336532E+00  1.163E-01
3.336564E+00  1.464E-01
3.336596E+00  1.807E-01
3.336628E+00  2.267E-01
3.336660E+00  2.995E-01
3.336692E+00  4.422E-01
3.336724E+00  8.434E-01
3.336755E+00  3.832E+00
3.336787E+00  6.844E+00
3.336818E+00  2.531E-01
3.336849E+00  2.944E-02
3.336881E+00  1.265E-03
3.336912E+00  1.526E-03
3.336943E+00  7.482E-03
3.336973E+00  1.428E-02
3.337004E+00  2.071E-02
3.337035E+00  2.649E-02
3.337065E+00  3.161E-02
3.337096E+00  3.616E-02
3.337126E+00  4.019E-02
3.337186E+00  4.705E-02
3.337246E+00  5.266E-02
3.337335E+00  5.945E-02
3.337481E+00  6.797E-02
3.337682E+00  7.663E-02
3.337933E+00  8.463E-02
3.338043E+00  8.652E-02
3.338070E+00  8.635E-02
3.338097E+00  8.531E-02
3.338124E+00  8.163E-02
3.338151E+00  5.850E-02
3.338177E+00  1.254E-01
3.338204E+00  1.064E-01
3.338230E+00  1.031E-01
3.338283E+00  1.022E-01
3.338414E+00  1.054E-01
3.338593E+00  1.133E-01
3.338744E+00  1.235E-01
3.338843E+00  1.335E-01
3.338916E+00  1.447E-01
3.338964E+00  1.553E-01
3.338988E+00  1.623E-01
3.339012E+00  1.711E-01
3.339036E+00  1.823E-01
3.339060E+00  1.978E-01
3.339084E+00  2.205E-01
3.339108E+00  2.586E-01
3.339131E+00  3.382E-01
3.339155E+00  6.179E-01
3.339178E+00  3.189E+01
3.339202E+00  4.770E-04
3.339248E+00  8.151E-02
3.339295E+00  1.429E-01
3.339318E+00  1.761E-01
3.339341E+00  2.196E-01
3.339364E+00  2.868E-01
3.339386E+00  4.134E-01
3.339409E+00  7.439E-01
3.339432E+00  2.638E+00
3.339455E+00  2.308E+01
3.339477E+00  3.712E-01
3.339500E+00  4.260E-02
3.339522E+00  2.819E-03
3.339544E+00  8.005E-04
3.339567E+00  6.253E-03
3.339589E+00  1.299E-02
3.339611E+00  1.948E-02
3.339633E+00  2.535E-02
3.339655E+00  3.056E-02
3.339677E+00  3.518E-02
3.339699E+00  3.928E-02
3.339742E+00  4.624E-02
3.339807E+00  5.441E-02
3.339871E+00  6.074E-02
3.339977E+00  6.881E-02
3.340122E+00  7.710E-02
3.340285E+00  8.396E-02
3.340323E+00  8.506E-02
3.345341E+00  2.708E+00
3.358492E+00  2.625E+00
3.396846E+00  2.536E+00
3.431306E+00  2.410E+00
3.490501E+00  2.307E+00
3.530232E+00  2.250E+00
3.587251E+00  2.256E+00
3.607782E+00  2.319E+00
3.617311E+00  2.397E+00
3.623412E+00  2.484E+00
3.629322E+00  2.629E+00
3.632208E+00  2.741E+00
3.635048E+00  2.899E+00
3.637845E+00  3.134E+00
3.640598E+00  3.513E+00
3.643310E+00  4.183E+00
3.645979E+00  5.444E+00
3.648609E+00  6.824E+00
3.651199E+00  4.181E+00
3.653749E+00  1.976E+00
3.656262E+00  1.476E+00
3.658737E+00  1.403E+00
3.661176E+00  1.425E+00
3.670578E+00  1.579E+00
3.679449E+00  1.670E+00
3.693809E+00  1.751E+00
3.726556E+00  1.859E+00
3.729555E+00  1.877E+00
3.731026E+00  1.855E+00
3.732479E+00  1.638E+00
3.733914E+00  1.578E+00
3.735331E+00  1.683E+00
3.736730E+00  1.737E+00
3.740828E+00  1.797E+00
3.767826E+00  1.939E+00
3.775679E+00  2.032E+00
3.780252E+00  2.145E+00
3.782881E+00  2.263E+00
3.784588E+00  2.388E+00
3.785428E+00  2.474E+00
3.786259E+00  2.585E+00
3.787082E+00  2.732E+00
3.787897E+00  2.933E+00
3.788703E+00  3.215E+00
3.789501E+00  3.609E+00
3.790290E+00  4.076E+00
3.791072E+00  4.175E+00
3.791846E+00  3.297E+00
3.792612E+00  1.108E+01
3.793370E+00  1.000E+00
3.794121E+00  9.896E-01
3.795600E+00  1.114E+00
3.797050E+00  1.234E+00
3.798472E+00  1.324E+00
3.800552E+00  1.418E+00
3.803888E+00  1.515E+00
3.809506E+00  1.611E+00
3.826579E+00  1.800E+00
3.830033E+00  1.874E+00
3.830449E+00  1.804E+00
3.830861E+00  1.605E+00
3.831270E+00  1.699E+00
3.831676E+00  1.770E+00
3.832478E+00  1.827E+00
3.832874E+00  1.830E+00
3.833266E+00  1.754E+00
3.833656E+00  2.063E+00
3.834043E+00  1.996E+00
3.834806E+00  2.017E+00
3.835929E+00  2.101E+00
3.837025E+00  2.245E+00
3.837742E+00  2.401E+00
3.838096E+00  2.512E+00
3.838448E+00  2.657E+00
3.838796E+00  2.853E+00
3.839142E+00  3.118E+00
3.839826E+00  3.817E+00
3.840164E+00  3.769E+00
3.840500E+00  2.890E+00
3.840833E+00  1.927E+00
3.841163E+00  1.467E+00
3.841491E+00  1.331E+00
3.841816E+00  1.330E+00
3.842139E+00  1.390E+00
3.842460E+00  1.495E+00
3.842778E+00  1.690E+00
3.843093E+00  2.313E+00
3.843407E+00  2.653E+00
3.843718E+00  8.007E-01
3.844026E+00  1.050E+00
3.844333E+00  1.166E+00
3.844637E+00  1.236E+00
3.845238E+00  1.324E+00
3.846124E+00  1.403E+00
3.847838E+00  1.492E+00
3.851308E+00  1.591E+00
3.857799E+00  1.714E+00
3.858009E+00  1.692E+00
3.858217E+00  1.739E+00
3.859441E+00  1.746E+00
3.859640E+00  1.736E+00
3.859839E+00  1.700E+00
3.860035E+00  1.597E+00
3.860231E+00  1.653E+00
3.860425E+00  1.766E+00
3.860810E+00  1.826E+00
3.861190E+00  1.866E+00
3.861378E+00  1.904E+00
3.861565E+00  2.058E+00
3.861751E+00  2.076E+00
3.861936E+00  1.832E+00
3.863547E+00  2.019E+00
3.864064E+00  2.119E+00
3.864572E+00  2.276E+00
3.864906E+00  2.443E+00
3.865071E+00  2.560E+00
3.865235E+00  2.710E+00
3.865399E+00  2.907E+00
3.865561E+00  3.159E+00
3.865722E+00  3.443E+00
3.865882E+00  3.599E+00
3.866042E+00  3.230E+00
3.866200E+00  2.358E+00
3.866358E+00  1.708E+00
3.866514E+00  1.468E+00
3.866670E+00  1.455E+00
3.866825E+00  1.556E+00
3.866978E+00  1.755E+00
3.867131E+00  2.154E+00
3.867283E+00  3.446E+00
3.867434E+00  1.098E+01
3.867584E+00  3.213E-01
3.867734E+00  6.588E-01
3.867882E+00  8.605E-01
3.868030E+00  9.855E-01
3.868177E+00  1.072E+00
3.868322E+00  1.136E+00
3.868612E+00  1.227E+00
3.869039E+00  1.315E+00
3.869736E+00  1.405E+00
3.870412E+00  1.462E+00
3.870546E+00  1.824E+00
3.870678E+00  1.484E+00
3.872938E+00  1.588E+00
3.873988E+00  1.601E+00
3.874326E+00  1.566E+00
3.874549E+00  1.511E+00
3.874659E+00  2.093E+00
3.874769E+00  2.078E+00
3.874879E+00  1.934E+00
3.874987E+00  1.877E+00
3.875203E+00  1.847E+00
3.875417E+00  1.872E+00
3.875523E+00  1.923E+00
3.875628E+00  2.112E+00
3.875733E+00  1.823E+00
3.875837E+00  1.723E+00
3.876249E+00  1.806E+00
3.876950E+00  1.926E+00
3.877339E+00  2.047E+00
3.877531E+00  2.143E+00
3.877720E+00  2.289E+00
3.877815E+00  2.394E+00
3.877908E+00  2.533E+00
3.878001E+00  2.723E+00
3.878094E+00  2.979E+00
3.878187E+00  3.269E+00
3.878278E+00  3.313E+00
3.878370E+00  2.606E+00
3.878461E+00  1.769E+00
3.878551E+00  1.446E+00
3.878641E+00  1.414E+00
3.878731E+00  1.486E+00
3.878820E+00  1.604E+00
3.878909E+00  1.769E+00
3.878997E+00  2.025E+00
3.879085E+00  2.549E+00
3.879172E+00  4.458E+00
3.879259E+00  4.688E+00
3.879346E+00  3.250E-01
3.879432E+00  6.706E-01
3.879517E+00  8.751E-01
3.879603E+00  1.002E+00
3.879688E+00  1.090E+00
3.879772E+00  1.154E+00
3.879940E+00  1.244E+00
3.880188E+00  1.329E+00
3.880514E+00  1.399E+00
3.880595E+00  1.407E+00
3.880755E+00  1.439E+00
3.881683E+00  1.530E+00
3.882631E+00  1.578E+00
3.882981E+00  1.559E+00
3.883119E+00  1.510E+00
3.883187E+00  1.481E+00
3.883255E+00  2.024E+00
3.883323E+00  2.108E+00
3.883391E+00  1.921E+00
3.883458E+00  1.851E+00
3.883591E+00  1.808E+00
3.883724E+00  1.812E+00
3.883789E+00  1.830E+00
3.883855E+00  1.871E+00
3.883920E+00  1.994E+00
3.883985E+00  1.892E+00
3.884049E+00  1.670E+00
3.884241E+00  1.742E+00
3.884802E+00  1.871E+00
3.885044E+00  1.965E+00
3.885223E+00  2.084E+00
3.885342E+00  2.214E+00
3.885400E+00  2.309E+00
3.885459E+00  2.437E+00
3.885517E+00  2.614E+00
3.885575E+00  2.859E+00
3.885632E+00  3.140E+00
3.885690E+00  3.116E+00
3.885747E+00  2.286E+00
3.885804E+00  1.585E+00
3.885860E+00  1.415E+00
3.885917E+00  1.450E+00
3.885973E+00  1.547E+00
3.886029E+00  1.672E+00
3.886085E+00  1.834E+00
3.886140E+00  2.074E+00
3.886196E+00  2.522E+00
3.886251E+00  3.809E+00
3.886305E+00  1.129E+01
3.886360E+00  2.303E-01
3.886414E+00  5.428E-01
3.886468E+00  7.963E-01
3.886522E+00  9.510E-01
3.886576E+00  1.054E+00
3.886629E+00  1.128E+00
3.886736E+00  1.229E+00
3.886841E+00  1.294E+00
3.886893E+00  1.338E+00
3.887049E+00  1.382E+00
3.887405E+00  1.466E+00
3.888040E+00  1.547E+00
3.888460E+00  1.566E+00
3.888597E+00  1.546E+00
3.888732E+00  1.477E+00
3.888777E+00  2.151E+00
3.888822E+00  2.061E+00
3.888866E+00  1.895E+00
3.888910E+00  1.833E+00
3.888998E+00  1.794E+00
3.889086E+00  1.800E+00
3.889129E+00  1.819E+00
3.889172E+00  1.862E+00
3.889215E+00  1.988E+00
3.889258E+00  1.869E+00
3.889301E+00  1.650E+00
3.889428E+00  1.722E+00
3.889841E+00  1.854E+00
3.890042E+00  1.971E+00
3.890160E+00  2.100E+00
3.890239E+00  2.248E+00
3.890278E+00  2.360E+00
3.890317E+00  2.514E+00
3.890355E+00  2.731E+00
3.890394E+00  3.007E+00
3.890432E+00  3.113E+00
3.890470E+00  2.428E+00
3.890509E+00  1.638E+00
3.890547E+00  1.424E+00
3.890584E+00  1.454E+00
3.890622E+00  1.549E+00
3.890660E+00  1.670E+00
3.890697E+00  1.820E+00
3.890734E+00  2.028E+00
3.890771E+00  2.377E+00
3.890808E+00  3.181E+00
3.890845E+00  6.800E+00
3.890882E+00  1.167E+00
3.890919E+00  3.612E-01
3.890955E+00  6.775E-01
3.890991E+00  8.730E-01
3.891027E+00  9.989E-01
3.891064E+00  1.087E+00
3.891099E+00  1.154E+00
3.891171E+00  1.245E+00
3.891277E+00  1.331E+00
3.891452E+00  1.416E+00
3.891758E+00  1.499E+00
3.892183E+00  1.558E+00
3.892342E+00  1.550E+00
3.892405E+00  1.520E+00
3.892436E+00  1.488E+00
3.892467E+00  1.472E+00
3.892498E+00  2.150E+00
3.892528E+00  2.055E+00
3.892559E+00  1.888E+00
3.892590E+00  1.825E+00
3.892651E+00  1.787E+00
3.892711E+00  1.793E+00
3.892741E+00  1.812E+00
3.892771E+00  1.856E+00
3.892801E+00  1.985E+00
3.892831E+00  1.859E+00
3.892861E+00  1.642E+00
3.892949E+00  1.712E+00
3.893266E+00  1.852E+00
3.893378E+00  1.939E+00
3.893461E+00  2.048E+00
3.893516E+00  2.167E+00
3.893544E+00  2.253E+00
3.893571E+00  2.368E+00
3.893598E+00  2.530E+00
3.893625E+00  2.756E+00
3.893652E+00  3.024E+00
3.893679E+00  3.003E+00
3.893706E+00  2.171E+00
3.893733E+00  1.537E+00
3.893760E+00  1.424E+00
3.893786E+00  1.484E+00
3.893813E+00  1.589E+00
3.893839E+00  1.715E+00
3.893865E+00  1.873E+00
3.893892E+00  2.096E+00
3.893918E+00  2.483E+00
3.893944E+00  3.415E+00
3.893970E+00  7.883E+00
3.893996E+00  7.480E-01
3.894021E+00  3.790E-01
3.894047E+00  6.829E-01
3.894073E+00  8.717E-01
3.894098E+00  9.985E-01
3.894124E+00  1.085E+00
3.894149E+00  1.150E+00
3.894200E+00  1.242E+00
3.894275E+00  1.328E+00
3.894398E+00  1.414E+00
3.894616E+00  1.497E+00
3.894897E+00  1.552E+00
3.895011E+00  1.544E+00
3.895056E+00  1.516E+00
3.895078E+00  1.484E+00
3.895101E+00  1.468E+00
3.895123E+00  2.139E+00
3.895145E+00  2.055E+00
3.895167E+00  1.885E+00
3.895189E+00  1.821E+00
3.895233E+00  1.782E+00
3.895277E+00  1.787E+00
3.895299E+00  1.806E+00
3.895320E+00  1.850E+00
3.895342E+00  1.977E+00
3.895363E+00  1.869E+00
3.895385E+00  1.637E+00
3.895449E+00  1.705E+00
3.895679E+00  1.840E+00
3.895781E+00  1.949E+00
3.895841E+00  2.066E+00
3.895878E+00  2.187E+00
3.897593E+00  1.759E+00
3.945008E+00  1.697E+00
3.947426E+00  1.722E+00
3.948614E+00  1.762E+00
3.949787E+00  1.824E+00
3.950948E+00  1.843E+00
3.953228E+00  1.764E+00
3.956553E+00  1.713E+00
3.969732E+00  1.675E+00
4.017105E+00  1.615E+00
4.019452E+00  1.631E+00
4.019910E+00  1.672E+00
4.020364E+00  1.673E+00
4.021702E+00  1.748E+00
4.022140E+00  1.755E+00
4.024279E+00  1.655E+00
4.026732E+00  1.615E+00
4.038007E+00  1.584E+00
4.038929E+00  1.584E+00
4.039231E+00  1.559E+00
4.039830E+00  1.578E+00
4.050836E+00  1.580E+00
4.052550E+00  1.610E+00
4.053169E+00  1.634E+00
4.053576E+00  1.695E+00
4.054373E+00  1.703E+00
4.055907E+00  1.618E+00
4.058068E+00  1.582E+00
4.060075E+00  1.567E+00
4.062828E+00  1.565E+00
4.063259E+00  1.550E+00
4.069146E+00  1.569E+00
4.069689E+00  1.603E+00
4.069902E+00  1.639E+00
4.070007E+00  1.644E+00
4.070217E+00  1.559E+00
4.070321E+00  1.550E+00
4.070425E+00  1.590E+00
4.070528E+00  1.666E+00
4.070630E+00  1.715E+00
4.070732E+00  1.706E+00
4.071034E+00  1.627E+00
4.071332E+00  1.584E+00
4.073118E+00  1.557E+00
4.077098E+00  1.549E+00
4.078189E+00  1.568E+00
4.078449E+00  1.606E+00
4.078578E+00  1.637E+00
4.078642E+00  1.614E+00
4.078705E+00  1.553E+00
4.078769E+00  1.523E+00
4.078832E+00  1.542E+00
4.078957E+00  1.671E+00
4.079019E+00  1.707E+00
4.079081E+00  1.694E+00
4.079265E+00  1.614E+00
4.079567E+00  1.571E+00
4.080765E+00  1.549E+00
4.083233E+00  1.547E+00
4.083670E+00  1.571E+00
4.083882E+00  1.624E+00
4.083966E+00  1.534E+00
4.084008E+00  1.523E+00
4.084049E+00  1.548E+00
4.084132E+00  1.665E+00
4.084173E+00  1.700E+00
4.084214E+00  1.691E+00
4.084335E+00  1.614E+00
4.084495E+00  1.573E+00
4.085037E+00  1.547E+00
4.086375E+00  1.539E+00
4.086407E+00  1.528E+00
4.086538E+00  1.539E+00
4.087191E+00  1.555E+00
4.087340E+00  1.588E+00
4.087399E+00  1.614E+00
4.087428E+00  1.610E+00
4.087486E+00  1.538E+00
4.087515E+00  1.525E+00
4.087544E+00  1.544E+00
4.087601E+00  1.657E+00
4.087630E+00  1.695E+00
4.087658E+00  1.690E+00
4.087771E+00  1.599E+00
4.087938E+00  1.558E+00
4.088919E+00  1.535E+00
4.089724E+00  1.549E+00
4.089853E+00  1.580E+00
4.089917E+00  1.609E+00
4.089980E+00  1.533E+00
4.090001E+00  1.528E+00
4.090022E+00  1.556E+00
4.090063E+00  1.672E+00
4.090084E+00  1.695E+00
4.090186E+00  1.593E+00
4.090323E+00  1.553E+00
4.250303E+00  1.391E+00
4.450303E+00  1.223E+00
4.700303E+00  1.053E+00
4.950303E+00  9.149E-01
5.250303E+00  7.779E-01
5.600303E+00  6.529E-01
5.850303E+00  5.783E-01
6.250302E+00  4.810E-01
6.600302E+00  4.137E-01
7.000302E+00  3.501E-01
7.500302E+00  2.884E-01
7.900302E+00  2.489E-01
8.400302E+00  2.086E-01
8.950302E+00  1.742E-01
9.350302E+00  1.533E-01
1.005030E+01  1.242E-01
1.056559E+01  1.074E-01
1.110730E+01  9.279E-02
1.167678E+01  8.020E-02
1.227546E+01  6.932E-02
1.290484E+01  5.992E-02
1.356648E+01  5.179E-02
1.426205E+01  4.476E-02
1.499328E+01  3.869E-02
1.576200E+01  3.344E-02
1.657014E+01  2.890E-02
1.741970E+01  2.498E-02
1.831283E+01  2.159E-02
1.925175E+01  1.866E-02
2.023881E+01  1.613E-02
2.127648E+01  1.394E-02
2.236735E+01  1.205E-02
2.351415E+01  1.042E-02
2.471976E+01  9.004E-03
2.598717E+01  7.782E-03
2.731956E+01  6.727E-03
2.872028E+01  5.814E-03
3.019280E+01  5.025E-03
3.174083E+01  4.344E-03
3.336822E+01  3.754E-03
3.507905E+01  3.245E-03
3.687760E+01  2.805E-03
3.876836E+01  2.424E-03
4.075607E+01  2.095E-03
4.284568E+01  1.811E-03
