# photon energy(Ry), cross section(Mb)
1.100452E-01  2.668E+01
1.120452E-01  2.552E+01
1.140452E-01  2.443E+01
1.160452E-01  2.340E+01
1.180452E-01  2.244E+01
1.200452E-01  2.152E+01
1.220452E-01  2.066E+01
1.240452E-01  1.984E+01
1.260452E-01  1.906E+01
1.280452E-01  1.833E+01
1.300452E-01  1.763E+01
1.320452E-01  1.697E+01
1.340452E-01  1.634E+01
1.360452E-01  1.574E+01
1.380452E-01  1.517E+01
1.400452E-01  1.463E+01
1.420452E-01  1.411E+01
1.440452E-01  1.361E+01
1.460452E-01  1.314E+01
1.480452E-01  1.269E+01
1.500452E-01  1.225E+01
1.520452E-01  1.184E+01
1.540452E-01  1.144E+01
1.560452E-01  1.106E+01
1.580452E-01  1.070E+01
1.600452E-01  1.035E+01
1.620452E-01  1.001E+01
1.640452E-01  9.686E+00
1.660452E-01  9.376E+00
1.680452E-01  9.078E+00
1.700452E-01  8.791E+00
1.720452E-01  8.516E+00
1.740452E-01  8.251E+00
1.760452E-01  7.996E+00
1.780452E-01  7.751E+00
1.800452E-01  7.515E+00
1.820452E-01  7.288E+00
1.840452E-01  7.069E+00
1.860452E-01  6.858E+00
1.880452E-01  6.656E+00
1.900452E-01  6.460E+00
1.920452E-01  6.272E+00
1.940452E-01  6.091E+00
1.960452E-01  5.917E+00
1.980452E-01  5.748E+00
2.000452E-01  5.586E+00
2.020452E-01  5.430E+00
2.040452E-01  5.279E+00
2.060452E-01  5.134E+00
2.080452E-01  4.994E+00
2.100452E-01  4.859E+00
2.120452E-01  4.729E+00
2.140452E-01  4.603E+00
2.160452E-01  4.482E+00
2.180452E-01  4.365E+00
2.200452E-01  4.253E+00
2.220452E-01  4.144E+00
2.240452E-01  4.039E+00
2.260452E-01  3.938E+00
2.280452E-01  3.840E+00
2.300452E-01  3.745E+00
2.320452E-01  3.654E+00
2.340452E-01  3.566E+00
2.360452E-01  3.481E+00
2.380452E-01  3.399E+00
2.400452E-01  3.319E+00
2.420452E-01  3.242E+00
2.440452E-01  3.168E+00
2.460452E-01  3.096E+00
2.480452E-01  3.026E+00
2.500452E-01  2.958E+00
2.520452E-01  2.893E+00
2.540452E-01  2.830E+00
2.560452E-01  2.768E+00
2.580452E-01  2.709E+00
2.600452E-01  2.651E+00
2.620452E-01  2.595E+00
2.640452E-01  2.541E+00
2.660452E-01  2.488E+00
2.680452E-01  2.436E+00
2.700452E-01  2.387E+00
2.720452E-01  2.338E+00
2.740452E-01  2.291E+00
2.760452E-01  2.245E+00
2.780452E-01  2.200E+00
2.800452E-01  2.157E+00
2.820452E-01  2.115E+00
2.840452E-01  2.073E+00
2.860452E-01  2.033E+00
2.880452E-01  1.994E+00
2.900452E-01  1.955E+00
2.920452E-01  1.918E+00
2.940452E-01  1.881E+00
2.960452E-01  1.846E+00
2.980452E-01  1.811E+00
3.000452E-01  1.777E+00
3.020452E-01  1.743E+00
3.040452E-01  1.711E+00
3.060452E-01  1.679E+00
3.080452E-01  1.648E+00
3.100452E-01  1.617E+00
3.120452E-01  1.587E+00
3.140452E-01  1.558E+00
3.160452E-01  1.529E+00
3.180452E-01  1.501E+00
3.200452E-01  1.474E+00
3.220452E-01  1.447E+00
3.240452E-01  1.420E+00
3.260452E-01  1.394E+00
3.280452E-01  1.369E+00
3.300452E-01  1.344E+00
3.320452E-01  1.319E+00
3.340452E-01  1.295E+00
3.360452E-01  1.272E+00
3.380452E-01  1.249E+00
3.400452E-01  1.226E+00
3.420452E-01  1.204E+00
3.440452E-01  1.183E+00
3.460452E-01  1.161E+00
3.480452E-01  1.140E+00
3.500452E-01  1.120E+00
3.520452E-01  1.100E+00
3.540452E-01  1.080E+00
3.560452E-01  1.061E+00
3.580452E-01  1.042E+00
3.600452E-01  1.024E+00
3.620452E-01  1.005E+00
3.640452E-01  9.876E-01
3.660452E-01  9.702E-01
3.680452E-01  9.531E-01
3.700452E-01  9.364E-01
3.720452E-01  9.200E-01
3.740452E-01  9.040E-01
3.760452E-01  8.883E-01
3.780452E-01  8.730E-01
3.800452E-01  8.579E-01
3.820452E-01  8.432E-01
3.840452E-01  8.288E-01
3.860452E-01  8.147E-01
3.880452E-01  8.009E-01
3.900452E-01  7.875E-01
3.920452E-01  7.743E-01
3.940452E-01  7.614E-01
3.960452E-01  7.488E-01
3.980452E-01  7.364E-01
4.000452E-01  7.244E-01
4.020452E-01  7.126E-01
4.040452E-01  7.011E-01
4.060452E-01  6.898E-01
4.080452E-01  6.788E-01
4.100452E-01  6.681E-01
4.120452E-01  6.576E-01
4.140452E-01  6.473E-01
4.160452E-01  6.373E-01
4.180452E-01  6.275E-01
4.200452E-01  6.179E-01
4.220452E-01  6.085E-01
4.240452E-01  5.994E-01
4.260452E-01  5.905E-01
4.280452E-01  5.817E-01
4.300452E-01  5.732E-01
4.320452E-01  5.649E-01
4.340452E-01  5.567E-01
4.360452E-01  5.488E-01
4.380452E-01  5.410E-01
4.400452E-01  5.334E-01
4.420452E-01  5.259E-01
4.440452E-01  5.187E-01
4.460452E-01  5.116E-01
4.480452E-01  5.046E-01
4.500452E-01  4.978E-01
4.520452E-01  4.912E-01
4.540452E-01  4.846E-01
4.560452E-01  4.783E-01
4.580452E-01  4.720E-01
4.600452E-01  4.659E-01
4.620452E-01  4.599E-01
4.640452E-01  4.540E-01
4.660452E-01  4.483E-01
4.680452E-01  4.427E-01
4.700452E-01  4.371E-01
4.720452E-01  4.317E-01
4.740452E-01  4.264E-01
4.760452E-01  4.212E-01
4.780452E-01  4.160E-01
4.800452E-01  4.110E-01
4.820452E-01  4.060E-01
4.840452E-01  4.012E-01
4.860452E-01  3.964E-01
4.880452E-01  3.917E-01
4.900452E-01  3.870E-01
4.920452E-01  3.825E-01
4.940452E-01  3.780E-01
4.960452E-01  3.735E-01
4.980452E-01  3.692E-01
5.000452E-01  3.649E-01
5.020452E-01  3.606E-01
5.040452E-01  3.565E-01
5.060452E-01  3.523E-01
5.080452E-01  3.483E-01
5.100452E-01  3.442E-01
5.120452E-01  3.403E-01
5.140452E-01  3.364E-01
5.160452E-01  3.325E-01
5.180452E-01  3.286E-01
5.200452E-01  3.249E-01
5.220452E-01  3.211E-01
5.240452E-01  3.174E-01
5.260452E-01  3.137E-01
5.280452E-01  3.101E-01
5.300452E-01  3.065E-01
5.320452E-01  3.030E-01
5.340452E-01  2.994E-01
5.360452E-01  2.960E-01
5.380452E-01  2.925E-01
5.400452E-01  2.891E-01
5.420452E-01  2.857E-01
5.440452E-01  2.823E-01
5.460452E-01  2.790E-01
5.480452E-01  2.757E-01
5.500452E-01  2.725E-01
5.520452E-01  2.692E-01
5.540452E-01  2.660E-01
5.560452E-01  2.629E-01
5.580452E-01  2.597E-01
5.600452E-01  2.566E-01
5.620452E-01  2.535E-01
5.640452E-01  2.505E-01
5.660452E-01  2.474E-01
5.680452E-01  2.444E-01
5.700452E-01  2.415E-01
5.720452E-01  2.385E-01
5.740452E-01  2.356E-01
5.760452E-01  2.328E-01
5.780452E-01  2.299E-01
5.800452E-01  2.271E-01
5.820452E-01  2.243E-01
5.840452E-01  2.215E-01
5.860452E-01  2.188E-01
5.880452E-01  2.161E-01
5.900452E-01  2.134E-01
5.920452E-01  2.108E-01
5.940452E-01  2.082E-01
5.960452E-01  2.056E-01
5.980452E-01  2.030E-01
6.000452E-01  2.005E-01
6.020452E-01  1.980E-01
6.040452E-01  1.955E-01
6.060452E-01  1.931E-01
6.080452E-01  1.907E-01
6.100452E-01  1.883E-01
6.120452E-01  1.860E-01
6.140452E-01  1.837E-01
6.160452E-01  1.814E-01
6.180452E-01  1.792E-01
6.200452E-01  1.770E-01
6.220452E-01  1.748E-01
6.240452E-01  1.727E-01
6.260452E-01  1.705E-01
6.280452E-01  1.685E-01
6.300452E-01  1.664E-01
6.320452E-01  1.644E-01
6.340452E-01  1.624E-01
6.360452E-01  1.605E-01
6.380452E-01  1.585E-01
6.400452E-01  1.566E-01
6.420452E-01  1.548E-01
6.440452E-01  1.529E-01
6.460452E-01  1.511E-01
6.480452E-01  1.494E-01
6.500452E-01  1.476E-01
6.520452E-01  1.459E-01
6.540452E-01  1.442E-01
6.560452E-01  1.426E-01
6.580452E-01  1.410E-01
6.600452E-01  1.394E-01
6.620452E-01  1.378E-01
6.640452E-01  1.363E-01
6.660452E-01  1.348E-01
6.680452E-01  1.333E-01
6.700452E-01  1.319E-01
6.720452E-01  1.304E-01
6.740452E-01  1.290E-01
6.760452E-01  1.277E-01
6.780452E-01  1.263E-01
6.800452E-01  1.250E-01
6.820452E-01  1.237E-01
6.840452E-01  1.224E-01
6.860452E-01  1.212E-01
6.880452E-01  1.200E-01
6.900452E-01  1.188E-01
6.920452E-01  1.176E-01
6.940452E-01  1.165E-01
6.960452E-01  1.153E-01
6.980452E-01  1.142E-01
7.000452E-01  1.131E-01
7.020452E-01  1.121E-01
7.040452E-01  1.110E-01
7.060452E-01  1.100E-01
7.080452E-01  1.090E-01
7.100452E-01  1.080E-01
7.120452E-01  1.070E-01
7.140452E-01  1.061E-01
7.160452E-01  1.051E-01
7.180452E-01  1.042E-01
7.200452E-01  1.033E-01
7.220452E-01  1.024E-01
7.240452E-01  1.016E-01
7.260452E-01  1.007E-01
7.280452E-01  9.988E-02
7.300452E-01  9.905E-02
7.320452E-01  9.824E-02
7.340452E-01  9.744E-02
7.360452E-01  9.665E-02
7.380452E-01  9.588E-02
7.400452E-01  9.511E-02
7.420452E-01  9.436E-02
7.440452E-01  9.362E-02
7.460452E-01  9.289E-02
7.480452E-01  9.216E-02
7.500452E-01  9.145E-02
7.520452E-01  9.075E-02
7.540452E-01  9.005E-02
7.560452E-01  8.937E-02
7.580452E-01  8.869E-02
7.600452E-01  8.802E-02
7.620452E-01  8.735E-02
7.640452E-01  8.670E-02
7.660452E-01  8.605E-02
7.680452E-01  8.540E-02
7.700452E-01  8.476E-02
7.720452E-01  8.413E-02
7.740452E-01  8.350E-02
7.760452E-01  8.288E-02
7.780452E-01  8.226E-02
7.800452E-01  8.165E-02
7.820452E-01  8.104E-02
7.840452E-01  8.043E-02
7.860452E-01  7.983E-02
7.880452E-01  7.923E-02
7.900452E-01  7.863E-02
7.920452E-01  7.804E-02
7.940452E-01  7.745E-02
7.960452E-01  7.686E-02
7.980452E-01  7.628E-02
8.000452E-01  7.569E-02
8.020452E-01  7.511E-02
8.040452E-01  7.453E-02
8.060452E-01  7.395E-02
8.080452E-01  7.338E-02
8.100452E-01  7.281E-02
8.120452E-01  7.223E-02
8.140452E-01  7.166E-02
8.160452E-01  7.109E-02
8.180452E-01  7.052E-02
8.200452E-01  6.996E-02
8.220452E-01  6.939E-02
8.240452E-01  6.883E-02
8.260452E-01  6.826E-02
8.280452E-01  6.770E-02
8.300452E-01  6.714E-02
8.320452E-01  6.658E-02
8.340452E-01  6.602E-02
8.360452E-01  6.546E-02
8.380452E-01  6.491E-02
8.400452E-01  6.435E-02
8.420452E-01  6.380E-02
8.440452E-01  6.324E-02
8.460452E-01  6.269E-02
8.480452E-01  6.214E-02
8.500452E-01  6.159E-02
8.520452E-01  6.104E-02
8.540452E-01  6.050E-02
8.560452E-01  5.995E-02
8.580452E-01  5.941E-02
8.600452E-01  5.887E-02
8.620452E-01  5.833E-02
8.640452E-01  5.780E-02
8.660452E-01  5.726E-02
8.680452E-01  5.673E-02
8.700452E-01  5.620E-02
8.720452E-01  5.567E-02
8.740452E-01  5.514E-02
8.760452E-01  5.462E-02
8.780452E-01  5.410E-02
8.800452E-01  5.358E-02
8.820452E-01  5.307E-02
8.840452E-01  5.256E-02
8.860452E-01  5.205E-02
8.880452E-01  5.154E-02
8.900452E-01  5.104E-02
8.920452E-01  5.054E-02
8.940452E-01  5.005E-02
8.960452E-01  4.955E-02
8.980452E-01  4.907E-02
9.000452E-01  4.858E-02
9.020452E-01  4.810E-02
9.040452E-01  4.762E-02
9.060452E-01  4.715E-02
9.080452E-01  4.668E-02
9.100452E-01  4.622E-02
9.120452E-01  4.576E-02
9.140452E-01  4.530E-02
9.160452E-01  4.485E-02
9.180452E-01  4.440E-02
9.200452E-01  4.396E-02
9.220452E-01  4.352E-02
9.240452E-01  4.309E-02
9.260452E-01  4.266E-02
9.280452E-01  4.224E-02
9.300452E-01  4.182E-02
9.320452E-01  4.141E-02
9.340452E-01  4.100E-02
9.360452E-01  4.059E-02
9.380452E-01  4.020E-02
9.400452E-01  3.980E-02
9.420452E-01  3.941E-02
9.440452E-01  3.903E-02
9.460452E-01  3.865E-02
9.480452E-01  3.828E-02
9.500452E-01  3.791E-02
9.520452E-01  3.755E-02
9.540452E-01  3.719E-02
9.560452E-01  3.684E-02
9.580452E-01  3.649E-02
9.600452E-01  3.615E-02
9.620452E-01  3.581E-02
9.640452E-01  3.548E-02
9.660452E-01  3.516E-02
9.680452E-01  3.483E-02
9.700452E-01  3.452E-02
9.720452E-01  3.421E-02
9.740452E-01  3.390E-02
9.760452E-01  3.360E-02
9.780452E-01  3.331E-02
9.800452E-01  3.302E-02
9.820452E-01  3.273E-02
9.840452E-01  3.245E-02
9.860452E-01  3.218E-02
9.880452E-01  3.190E-02
9.900452E-01  3.164E-02
9.920452E-01  3.138E-02
9.940452E-01  3.112E-02
9.960452E-01  3.087E-02
9.980452E-01  3.062E-02
1.000045E+00  3.038E-02
1.002045E+00  3.014E-02
1.004045E+00  2.991E-02
1.006045E+00  2.968E-02
1.008045E+00  2.946E-02
1.010045E+00  2.924E-02
1.012045E+00  2.902E-02
1.014045E+00  2.881E-02
1.016045E+00  2.860E-02
1.018045E+00  2.840E-02
1.020045E+00  2.820E-02
1.022045E+00  2.800E-02
1.024045E+00  2.781E-02
1.026045E+00  2.762E-02
1.028045E+00  2.744E-02
1.030045E+00  2.725E-02
1.032045E+00  2.708E-02
1.034045E+00  2.690E-02
1.036045E+00  2.673E-02
1.038045E+00  2.656E-02
1.040045E+00  2.640E-02
1.042045E+00  2.624E-02
1.044045E+00  2.608E-02
1.046045E+00  2.592E-02
1.048045E+00  2.577E-02
1.050045E+00  2.562E-02
1.052045E+00  2.547E-02
1.054045E+00  2.532E-02
1.056045E+00  2.518E-02
1.058045E+00  2.504E-02
1.060045E+00  2.490E-02
1.062045E+00  2.476E-02
1.064045E+00  2.463E-02
1.066045E+00  2.450E-02
1.068045E+00  2.437E-02
1.070045E+00  2.424E-02
1.072045E+00  2.411E-02
1.074045E+00  2.399E-02
1.076045E+00  2.387E-02
1.078045E+00  2.374E-02
1.080045E+00  2.362E-02
1.082045E+00  2.350E-02
1.084045E+00  2.339E-02
1.086045E+00  2.327E-02
1.088045E+00  2.316E-02
1.090045E+00  2.304E-02
1.092045E+00  2.293E-02
1.094045E+00  2.282E-02
1.096045E+00  2.270E-02
1.098045E+00  2.259E-02
1.100045E+00  2.248E-02
1.102045E+00  2.237E-02
1.104045E+00  2.227E-02
1.106045E+00  2.216E-02
1.108045E+00  2.205E-02
1.110045E+00  2.194E-02
1.112045E+00  2.183E-02
1.114045E+00  2.173E-02
1.116045E+00  2.162E-02
1.118045E+00  2.152E-02
1.120045E+00  2.141E-02
1.122045E+00  2.130E-02
1.124045E+00  2.120E-02
1.126045E+00  2.109E-02
1.128045E+00  2.098E-02
1.130045E+00  2.088E-02
1.132045E+00  2.077E-02
1.134045E+00  2.067E-02
1.136045E+00  2.056E-02
1.138045E+00  2.045E-02
1.140045E+00  2.034E-02
1.142045E+00  2.024E-02
1.144045E+00  2.013E-02
1.146045E+00  2.002E-02
1.148045E+00  1.991E-02
1.150045E+00  1.980E-02
1.152045E+00  1.969E-02
1.154045E+00  1.958E-02
1.156045E+00  1.947E-02
1.158045E+00  1.936E-02
1.160045E+00  1.925E-02
1.162045E+00  1.914E-02
1.164045E+00  1.903E-02
1.166045E+00  1.892E-02
1.168045E+00  1.880E-02
1.170045E+00  1.869E-02
1.172045E+00  1.858E-02
1.174045E+00  1.846E-02
1.176045E+00  1.835E-02
1.178045E+00  1.823E-02
1.180045E+00  1.812E-02
1.182045E+00  1.800E-02
1.184045E+00  1.788E-02
1.186045E+00  1.777E-02
1.188045E+00  1.765E-02
1.190045E+00  1.753E-02
1.192045E+00  1.741E-02
1.194045E+00  1.730E-02
1.196045E+00  1.718E-02
1.198045E+00  1.706E-02
1.200045E+00  1.694E-02
1.202045E+00  1.682E-02
1.204045E+00  1.670E-02
1.206045E+00  1.658E-02
1.208045E+00  1.646E-02
1.210045E+00  1.634E-02
1.212045E+00  1.622E-02
1.214045E+00  1.610E-02
1.216045E+00  1.598E-02
1.218045E+00  1.586E-02
1.220045E+00  1.574E-02
1.222045E+00  1.562E-02
1.224045E+00  1.550E-02
1.226045E+00  1.538E-02
1.228045E+00  1.526E-02
1.230045E+00  1.514E-02
1.232045E+00  1.502E-02
1.234045E+00  1.490E-02
1.236045E+00  1.478E-02
1.238045E+00  1.466E-02
1.240045E+00  1.454E-02
1.242045E+00  1.442E-02
1.244045E+00  1.430E-02
1.246045E+00  1.419E-02
1.248045E+00  1.407E-02
1.250045E+00  1.395E-02
1.252045E+00  1.383E-02
1.254045E+00  1.372E-02
1.256045E+00  1.360E-02
1.258045E+00  1.349E-02
1.260045E+00  1.337E-02
1.262045E+00  1.326E-02
1.264045E+00  1.315E-02
1.266045E+00  1.304E-02
1.268045E+00  1.292E-02
1.270045E+00  1.281E-02
1.272045E+00  1.270E-02
1.274045E+00  1.259E-02
1.276045E+00  1.248E-02
1.278045E+00  1.238E-02
1.280045E+00  1.227E-02
1.282045E+00  1.216E-02
1.284045E+00  1.206E-02
1.286045E+00  1.195E-02
1.288045E+00  1.185E-02
1.290045E+00  1.175E-02
1.292045E+00  1.165E-02
1.294045E+00  1.154E-02
1.296045E+00  1.144E-02
1.298045E+00  1.135E-02
1.300045E+00  1.125E-02
1.302045E+00  1.115E-02
1.304045E+00  1.106E-02
1.306045E+00  1.096E-02
1.308045E+00  1.087E-02
1.310045E+00  1.077E-02
1.312045E+00  1.068E-02
1.314045E+00  1.059E-02
1.316045E+00  1.050E-02
1.318045E+00  1.041E-02
1.320045E+00  1.033E-02
1.322045E+00  1.024E-02
1.324045E+00  1.016E-02
1.326045E+00  1.007E-02
1.328045E+00  9.989E-03
1.330045E+00  9.907E-03
1.332045E+00  9.826E-03
1.334045E+00  9.747E-03
1.336045E+00  9.668E-03
1.338045E+00  9.591E-03
1.340045E+00  9.515E-03
1.342045E+00  9.440E-03
1.344045E+00  9.366E-03
1.346045E+00  9.293E-03
1.348045E+00  9.221E-03
1.350045E+00  9.151E-03
1.352045E+00  9.082E-03
1.354045E+00  9.013E-03
1.356045E+00  8.946E-03
1.358045E+00  8.880E-03
1.360045E+00  8.815E-03
1.362045E+00  8.751E-03
1.364045E+00  8.688E-03
1.366045E+00  8.626E-03
1.368045E+00  8.566E-03
1.370045E+00  8.506E-03
1.372045E+00  8.448E-03
1.374045E+00  8.390E-03
1.376045E+00  8.334E-03
1.378045E+00  8.278E-03
1.380045E+00  8.224E-03
1.382045E+00  8.171E-03
1.384045E+00  8.118E-03
1.386045E+00  8.067E-03
1.388045E+00  8.017E-03
1.390045E+00  7.967E-03
1.392045E+00  7.919E-03
1.394045E+00  7.872E-03
1.396045E+00  7.825E-03
1.398045E+00  7.779E-03
1.400045E+00  7.735E-03
1.402045E+00  7.691E-03
1.404045E+00  7.648E-03
1.406045E+00  7.606E-03
1.408045E+00  7.565E-03
1.410045E+00  7.525E-03
1.412045E+00  7.486E-03
1.414045E+00  7.447E-03
1.416045E+00  7.409E-03
1.418045E+00  7.372E-03
1.420045E+00  7.336E-03
1.422045E+00  7.301E-03
1.424045E+00  7.266E-03
1.426045E+00  7.232E-03
1.428045E+00  7.199E-03
1.430045E+00  7.166E-03
1.432045E+00  7.134E-03
1.434045E+00  7.103E-03
1.436045E+00  7.073E-03
1.438045E+00  7.043E-03
1.440045E+00  7.013E-03
1.442045E+00  6.985E-03
1.444045E+00  6.956E-03
1.446045E+00  6.929E-03
1.448045E+00  6.902E-03
1.450045E+00  6.875E-03
1.452045E+00  6.849E-03
1.454045E+00  6.824E-03
1.456045E+00  6.799E-03
1.458045E+00  6.774E-03
1.460045E+00  6.750E-03
1.462045E+00  6.726E-03
1.464045E+00  6.703E-03
1.466045E+00  6.680E-03
1.468045E+00  6.657E-03
1.470045E+00  6.635E-03
1.472045E+00  6.613E-03
1.474045E+00  6.591E-03
1.476045E+00  6.570E-03
1.478045E+00  6.549E-03
1.480045E+00  6.528E-03
1.482045E+00  6.508E-03
1.484045E+00  6.487E-03
1.486045E+00  6.467E-03
1.488045E+00  6.447E-03
1.490045E+00  6.427E-03
1.492045E+00  6.408E-03
1.494045E+00  6.388E-03
1.496045E+00  6.369E-03
1.498045E+00  6.350E-03
1.500045E+00  6.331E-03
1.502045E+00  6.312E-03
1.504045E+00  6.293E-03
1.506045E+00  6.274E-03
1.508045E+00  6.255E-03
1.510045E+00  6.236E-03
1.512045E+00  6.217E-03
1.514045E+00  6.198E-03
1.516045E+00  6.179E-03
1.518045E+00  6.160E-03
1.520045E+00  6.141E-03
1.522045E+00  6.122E-03
1.524045E+00  6.103E-03
1.526045E+00  6.084E-03
1.528045E+00  6.065E-03
1.530045E+00  6.046E-03
1.532045E+00  6.026E-03
1.534045E+00  6.007E-03
1.536045E+00  5.987E-03
1.538045E+00  5.967E-03
1.540045E+00  5.948E-03
1.542045E+00  5.928E-03
1.544045E+00  5.907E-03
1.546045E+00  5.887E-03
1.548045E+00  5.867E-03
1.550045E+00  5.846E-03
1.552045E+00  5.825E-03
1.554045E+00  5.805E-03
1.556045E+00  5.783E-03
1.558045E+00  5.762E-03
1.560045E+00  5.741E-03
1.562045E+00  5.719E-03
1.564045E+00  5.697E-03
1.566045E+00  5.675E-03
1.568045E+00  5.653E-03
1.570045E+00  5.631E-03
1.572045E+00  5.608E-03
1.574045E+00  5.586E-03
1.576045E+00  5.563E-03
1.578045E+00  5.540E-03
1.580045E+00  5.517E-03
1.582045E+00  5.493E-03
1.584045E+00  5.470E-03
1.586045E+00  5.446E-03
1.588045E+00  5.422E-03
1.590045E+00  5.398E-03
1.592045E+00  5.374E-03
1.594045E+00  5.349E-03
1.596045E+00  5.325E-03
1.598045E+00  5.300E-03
1.600045E+00  5.275E-03
1.602045E+00  5.250E-03
1.604045E+00  5.225E-03
1.606045E+00  5.200E-03
1.608045E+00  5.175E-03
1.610045E+00  5.149E-03
1.612045E+00  5.124E-03
1.614045E+00  5.098E-03
1.616045E+00  5.072E-03
1.618045E+00  5.046E-03
1.620045E+00  5.020E-03
1.622045E+00  4.994E-03
1.624045E+00  4.968E-03
1.626045E+00  4.942E-03
1.628045E+00  4.916E-03
1.630045E+00  4.889E-03
1.632045E+00  4.863E-03
1.634045E+00  4.837E-03
1.636045E+00  4.810E-03
1.638045E+00  4.784E-03
1.640045E+00  4.757E-03
1.642045E+00  4.731E-03
1.644045E+00  4.704E-03
1.646045E+00  4.678E-03
1.648045E+00  4.651E-03
1.650045E+00  4.625E-03
1.652045E+00  4.598E-03
1.654045E+00  4.572E-03
1.656045E+00  4.546E-03
1.658045E+00  4.519E-03
1.660045E+00  4.493E-03
1.662045E+00  4.467E-03
1.664045E+00  4.440E-03
1.666045E+00  4.414E-03
1.668045E+00  4.388E-03
1.670045E+00  4.362E-03
1.672045E+00  4.336E-03
1.674045E+00  4.310E-03
1.676045E+00  4.285E-03
1.678045E+00  4.259E-03
1.680045E+00  4.233E-03
1.682045E+00  4.208E-03
1.684045E+00  4.182E-03
1.686045E+00  4.157E-03
1.688045E+00  4.132E-03
1.690045E+00  4.107E-03
1.692045E+00  4.082E-03
1.694045E+00  4.057E-03
1.696045E+00  4.033E-03
1.698045E+00  4.008E-03
1.700045E+00  3.984E-03
1.702045E+00  3.960E-03
1.704045E+00  3.936E-03
1.706045E+00  3.912E-03
1.708045E+00  3.888E-03
1.710045E+00  3.864E-03
1.712045E+00  3.841E-03
1.714045E+00  3.818E-03
1.716045E+00  3.794E-03
1.718045E+00  3.771E-03
1.720045E+00  3.749E-03
1.722045E+00  3.726E-03
1.724045E+00  3.703E-03
1.726045E+00  3.681E-03
1.728045E+00  3.659E-03
1.730045E+00  3.637E-03
1.732045E+00  3.615E-03
1.734045E+00  3.594E-03
1.736045E+00  3.572E-03
1.738045E+00  3.551E-03
1.740045E+00  3.530E-03
1.742045E+00  3.509E-03
1.744045E+00  3.488E-03
1.746045E+00  3.467E-03
1.748045E+00  3.447E-03
1.750045E+00  3.427E-03
1.752045E+00  3.407E-03
1.754045E+00  3.387E-03
1.756045E+00  3.367E-03
1.758045E+00  3.348E-03
1.760045E+00  3.329E-03
1.762045E+00  3.310E-03
1.764045E+00  3.291E-03
1.766045E+00  3.272E-03
1.768045E+00  3.253E-03
1.770045E+00  3.235E-03
1.772045E+00  3.217E-03
1.774045E+00  3.199E-03
1.776045E+00  3.181E-03
1.778045E+00  3.164E-03
1.780045E+00  3.146E-03
1.782045E+00  3.129E-03
1.784045E+00  3.112E-03
1.786045E+00  3.095E-03
1.788045E+00  3.079E-03
1.790045E+00  3.062E-03
1.792045E+00  3.046E-03
1.794045E+00  3.030E-03
1.796045E+00  3.014E-03
1.798045E+00  2.998E-03
1.800045E+00  2.983E-03
1.802045E+00  2.968E-03
1.804045E+00  2.952E-03
1.806045E+00  2.938E-03
1.808045E+00  2.923E-03
1.810045E+00  2.908E-03
1.812045E+00  2.894E-03
1.814045E+00  2.880E-03
1.816045E+00  2.866E-03
1.818045E+00  2.852E-03
1.820045E+00  2.839E-03
1.822045E+00  2.826E-03
1.824045E+00  2.812E-03
1.826045E+00  2.800E-03
1.828045E+00  2.787E-03
1.830045E+00  2.774E-03
1.832045E+00  2.762E-03
1.834045E+00  2.750E-03
1.836045E+00  2.738E-03
1.838045E+00  2.726E-03
1.840045E+00  2.715E-03
1.842045E+00  2.704E-03
1.844045E+00  2.693E-03
1.846045E+00  2.682E-03
1.848045E+00  2.671E-03
1.850045E+00  2.661E-03
1.852045E+00  2.650E-03
1.854045E+00  2.640E-03
1.856045E+00  2.630E-03
1.858045E+00  2.621E-03
1.860045E+00  2.611E-03
1.862045E+00  2.602E-03
1.864045E+00  2.593E-03
1.866045E+00  2.584E-03
1.868045E+00  2.575E-03
1.870045E+00  2.567E-03
1.872045E+00  2.559E-03
1.874045E+00  2.551E-03
1.876045E+00  2.543E-03
1.878045E+00  2.535E-03
1.880045E+00  2.528E-03
1.882045E+00  2.521E-03
1.884045E+00  2.514E-03
1.886045E+00  2.507E-03
1.888045E+00  2.500E-03
1.890045E+00  2.494E-03
1.892045E+00  2.488E-03
1.894045E+00  2.482E-03
1.896045E+00  2.476E-03
1.898045E+00  2.470E-03
1.900045E+00  2.465E-03
1.902045E+00  2.459E-03
1.904045E+00  2.454E-03
1.906045E+00  2.449E-03
1.908045E+00  2.445E-03
1.910045E+00  2.440E-03
1.912045E+00  2.436E-03
1.914045E+00  2.432E-03
1.916045E+00  2.428E-03
1.918045E+00  2.424E-03
1.920045E+00  2.420E-03
1.922045E+00  2.417E-03
1.924045E+00  2.414E-03
1.926045E+00  2.410E-03
1.928045E+00  2.407E-03
1.930045E+00  2.405E-03
1.932045E+00  2.402E-03
1.934045E+00  2.400E-03
1.936045E+00  2.397E-03
1.938045E+00  2.395E-03
1.940045E+00  2.393E-03
1.942045E+00  2.392E-03
1.944045E+00  2.390E-03
1.946045E+00  2.389E-03
1.948045E+00  2.387E-03
1.950045E+00  2.386E-03
1.952045E+00  2.385E-03
1.954045E+00  2.384E-03
1.956045E+00  2.383E-03
1.958045E+00  2.383E-03
1.960045E+00  2.382E-03
1.962045E+00  2.382E-03
1.964045E+00  2.382E-03
1.966045E+00  2.382E-03
1.968045E+00  2.382E-03
1.970045E+00  2.382E-03
1.972045E+00  2.383E-03
1.974045E+00  2.383E-03
1.976045E+00  2.384E-03
1.978045E+00  2.385E-03
1.980045E+00  2.386E-03
1.982045E+00  2.387E-03
1.984045E+00  2.388E-03
1.986045E+00  2.389E-03
1.988045E+00  2.391E-03
1.990045E+00  2.392E-03
1.992045E+00  2.394E-03
1.994045E+00  2.396E-03
1.996045E+00  2.398E-03
1.998045E+00  2.400E-03
2.000045E+00  2.402E-03
2.002045E+00  2.405E-03
2.004045E+00  2.407E-03
2.006045E+00  2.410E-03
2.008045E+00  2.412E-03
2.010045E+00  2.415E-03
2.012045E+00  2.418E-03
2.014045E+00  2.421E-03
2.016045E+00  2.424E-03
2.018045E+00  2.427E-03
2.020045E+00  2.431E-03
2.022045E+00  2.434E-03
2.024045E+00  2.438E-03
2.026045E+00  2.442E-03
2.028045E+00  2.446E-03
2.030045E+00  2.450E-03
2.032045E+00  2.454E-03
2.034045E+00  2.458E-03
2.036045E+00  2.463E-03
2.038045E+00  2.467E-03
2.040045E+00  2.472E-03
2.042045E+00  2.477E-03
2.044045E+00  2.482E-03
2.046045E+00  2.487E-03
2.048045E+00  2.492E-03
2.050045E+00  2.497E-03
2.052045E+00  2.503E-03
2.054045E+00  2.508E-03
2.056045E+00  2.514E-03
2.058045E+00  2.520E-03
2.060045E+00  2.526E-03
2.062045E+00  2.532E-03
2.064045E+00  2.538E-03
2.066045E+00  2.544E-03
2.068045E+00  2.551E-03
2.070045E+00  2.558E-03
2.072045E+00  2.564E-03
2.074045E+00  2.571E-03
2.076045E+00  2.578E-03
2.078045E+00  2.586E-03
2.080045E+00  2.593E-03
2.082045E+00  2.601E-03
2.084045E+00  2.608E-03
2.086045E+00  2.616E-03
2.088045E+00  2.624E-03
2.090045E+00  2.632E-03
2.092045E+00  2.640E-03
2.094045E+00  2.649E-03
2.096045E+00  2.657E-03
2.098045E+00  2.666E-03
2.100045E+00  2.675E-03
2.102045E+00  2.684E-03
2.104045E+00  2.693E-03
2.106045E+00  2.702E-03
2.108045E+00  2.712E-03
2.120045E+00  2.772E-03
2.139447E+00  2.880E-03
2.194350E+00  3.255E-03
2.260593E+00  3.816E-03
2.305669E+00  4.285E-03
2.333755E+00  4.652E-03
2.360396E+00  5.100E-03
2.385688E+00  5.673E-03
2.397857E+00  6.024E-03
2.409722E+00  6.433E-03
2.421293E+00  6.911E-03
2.432579E+00  7.476E-03
2.443590E+00  8.152E-03
2.454335E+00  8.970E-03
2.464822E+00  9.979E-03
2.475060E+00  1.125E-02
2.485055E+00  1.290E-02
2.494817E+00  1.513E-02
2.504352E+00  1.831E-02
2.513666E+00  2.319E-02
2.522768E+00  3.154E-02
2.531663E+00  4.846E-02
2.540357E+00  9.371E-02
2.548856E+00  2.896E-01
2.557167E+00  5.089E-01
2.565295E+00  1.041E-01
2.573244E+00  3.846E-02
2.581021E+00  2.283E-02
2.588630E+00  1.813E-02
2.596076E+00  1.708E-02
2.603364E+00  1.766E-02
2.610498E+00  1.921E-02
2.617482E+00  2.150E-02
2.624321E+00  2.452E-02
2.631018E+00  2.833E-02
2.637578E+00  3.313E-02
2.644004E+00  3.923E-02
2.650300E+00  4.708E-02
2.656469E+00  5.744E-02
2.662514E+00  7.153E-02
2.668440E+00  9.142E-02
2.674248E+00  1.209E-01
2.679943E+00  1.676E-01
2.685527E+00  2.483E-01
2.691003E+00  4.075E-01
2.696374E+00  7.943E-01
2.701642E+00  2.175E+00
2.706810E+00  1.198E+01
2.711880E+00  6.041E+00
2.716856E+00  1.329E+00
2.721739E+00  5.257E-01
2.726531E+00  2.712E-01
2.731235E+00  1.614E-01
2.735853E+00  1.049E-01
2.740388E+00  7.229E-02
2.744840E+00  5.198E-02
2.749212E+00  3.857E-02
2.753507E+00  2.934E-02
2.757725E+00  2.276E-02
2.761869E+00  1.796E-02
2.765940E+00  1.438E-02
2.769940E+00  1.168E-02
2.773871E+00  9.617E-03
2.777733E+00  8.036E-03
2.781530E+00  6.824E-03
2.785262E+00  5.899E-03
2.788931E+00  5.203E-03
2.792538E+00  4.692E-03
2.796085E+00  4.335E-03
2.799572E+00  4.107E-03
2.803002E+00  3.989E-03
2.806375E+00  3.968E-03
2.809693E+00  4.032E-03
2.812957E+00  4.174E-03
2.816168E+00  4.388E-03
2.819327E+00  4.671E-03
2.822435E+00  5.020E-03
2.825494E+00  5.435E-03
2.828504E+00  5.916E-03
2.831467E+00  6.466E-03
2.834384E+00  7.088E-03
2.837254E+00  7.788E-03
2.840080E+00  8.572E-03
2.842863E+00  9.451E-03
2.845602E+00  1.044E-02
2.848300E+00  1.155E-02
2.850957E+00  1.282E-02
2.853573E+00  1.427E-02
2.856150E+00  1.598E-02
2.858688E+00  1.801E-02
2.861189E+00  2.053E-02
2.863652E+00  2.380E-02
2.866079E+00  2.843E-02
2.868470E+00  3.589E-02
2.870827E+00  5.132E-02
2.873149E+00  1.078E-01
2.875437E+00  4.678E+00
2.877692E+00  1.955E-02
2.879915E+00  1.080E-02
2.882106E+00  1.483E-02
2.890566E+00  3.194E-02
2.892607E+00  3.652E-02
2.894620E+00  4.148E-02
2.896605E+00  4.696E-02
2.898562E+00  5.310E-02
2.900493E+00  6.006E-02
2.902398E+00  6.808E-02
2.904277E+00  7.743E-02
2.906130E+00  8.847E-02
2.907958E+00  1.017E-01
2.909762E+00  1.179E-01
2.911542E+00  1.380E-01
2.913298E+00  1.636E-01
2.915032E+00  1.969E-01
2.916742E+00  2.417E-01
2.918430E+00  3.044E-01
2.920096E+00  3.960E-01
2.921740E+00  5.382E-01
2.923363E+00  7.767E-01
2.924965E+00  1.221E+00
2.926546E+00  2.185E+00
2.928108E+00  4.758E+00
2.929649E+00  1.252E+01
2.931171E+00  1.503E+01
2.932674E+00  6.106E+00
2.934158E+00  2.800E+00
2.935624E+00  1.604E+00
2.937071E+00  1.072E+00
2.938500E+00  7.984E-01
2.939912E+00  6.450E-01
2.941306E+00  5.551E-01
2.942683E+00  5.027E-01
2.944043E+00  4.746E-01
2.945387E+00  4.637E-01
2.946715E+00  4.662E-01
2.948027E+00  4.801E-01
2.949322E+00  5.047E-01
2.950603E+00  5.400E-01
2.951868E+00  5.869E-01
2.953118E+00  6.471E-01
2.954354E+00  7.228E-01
2.955575E+00  8.179E-01
2.956781E+00  9.374E-01
2.957974E+00  1.089E+00
2.959152E+00  1.282E+00
2.960317E+00  1.534E+00
2.961469E+00  1.867E+00
2.962607E+00  2.320E+00
2.963732E+00  2.955E+00
2.964845E+00  3.880E+00
2.965945E+00  5.297E+00
2.967032E+00  7.620E+00
2.968107E+00  1.180E+01
2.969170E+00  2.043E+01
2.970221E+00  4.267E+01
2.971260E+00  1.282E+02
2.972288E+00  5.967E+02
2.973305E+00  2.129E+02
2.974310E+00  6.047E+01
2.975304E+00  2.709E+01
2.976288E+00  1.525E+01
2.977260E+00  9.768E+00
2.978222E+00  6.795E+00
2.979174E+00  5.001E+00
2.980115E+00  3.834E+00
2.981046E+00  3.031E+00
2.981968E+00  2.452E+00
2.982879E+00  2.020E+00
2.983781E+00  1.688E+00
2.984673E+00  1.425E+00
2.985556E+00  1.212E+00
2.986429E+00  1.036E+00
2.987294E+00  8.877E-01
2.988149E+00  7.592E-01
2.988995E+00  6.457E-01
2.989833E+00  5.431E-01
2.991482E+00  3.571E-01
2.993893E+00  9.475E-02
2.994680E+00  2.668E-02
2.995460E+00  5.975E-02
2.996231E+00  8.216E-01
2.996995E+00  1.993E+01
2.997751E+00  2.734E+01
2.998500E+00  5.198E+00
2.999241E+00  2.708E+00
2.999974E+00  1.858E+00
3.000701E+00  1.440E+00
3.001420E+00  1.193E+00
3.002132E+00  1.029E+00
3.002837E+00  9.124E-01
3.003536E+00  8.243E-01
3.004227E+00  7.553E-01
3.004912E+00  6.995E-01
3.005590E+00  6.532E-01
3.006927E+00  5.803E-01
3.008238E+00  5.249E-01
3.009525E+00  4.812E-01
3.010787E+00  4.488E-01
3.011409E+00  4.397E-01
3.012026E+00  4.413E-01
3.012636E+00  4.672E-01
3.013241E+00  5.566E-01
3.013840E+00  8.416E-01
3.014434E+00  1.915E+00
3.015023E+00  8.532E+00
3.015605E+00  3.346E+02
3.016183E+00  3.495E+01
3.016755E+00  1.194E+01
3.017322E+00  8.099E+00
3.017884E+00  7.356E+00
3.018441E+00  8.136E+00
3.018993E+00  1.086E+01
3.019539E+00  1.827E+01
3.020081E+00  3.896E+01
3.020618E+00  4.567E+01
3.021151E+00  1.647E+01
3.021678E+00  6.428E+00
3.022201E+00  3.212E+00
3.022719E+00  1.917E+00
3.023233E+00  1.301E+00
3.023742E+00  9.703E-01
3.024246E+00  7.783E-01
3.024747E+00  6.601E-01
3.025242E+00  5.845E-01
3.025734E+00  5.350E-01
3.026221E+00  5.026E-01
3.026704E+00  4.819E-01
3.027183E+00  4.697E-01
3.027658E+00  4.639E-01
3.028595E+00  4.674E-01
3.029517E+00  4.880E-01
3.029972E+00  5.047E-01
3.030423E+00  5.263E-01
3.030870E+00  5.533E-01
3.031314E+00  5.871E-01
3.031753E+00  6.292E-01
3.032190E+00  6.820E-01
3.032622E+00  7.491E-01
3.033051E+00  8.358E-01
3.033476E+00  9.507E-01
3.033898E+00  1.108E+00
3.034316E+00  1.331E+00
3.034731E+00  1.668E+00
3.035143E+00  2.214E+00
3.035551E+00  3.205E+00
3.035956E+00  5.333E+00
3.036357E+00  1.142E+01
3.036756E+00  3.898E+01
3.037151E+00  4.658E+01
3.037542E+00  9.608E+00
3.037931E+00  3.148E+00
3.038317E+00  1.368E+00
3.038699E+00  6.872E-01
3.039079E+00  3.736E-01
3.039455E+00  2.117E-01
3.039829E+00  1.217E-01
3.040199E+00  6.934E-02
3.040567E+00  3.813E-02
3.040931E+00  1.947E-02
3.041293E+00  8.608E-03
3.041652E+00  2.786E-03
3.042008E+00  3.442E-04
3.042362E+00  2.729E-04
3.042712E+00  1.960E-03
3.043060E+00  5.057E-03
3.043405E+00  9.414E-03
3.043748E+00  1.505E-02
3.044088E+00  2.215E-02
3.044425E+00  3.119E-02
3.044760E+00  4.300E-02
3.045092E+00  5.921E-02
3.045422E+00  8.306E-02
3.045749E+00  1.218E-01
3.046074E+00  1.950E-01
3.046396E+00  3.712E-01
3.046716E+00  1.076E+00
3.047033E+00  2.571E+01
3.047348E+00  1.937E+00
3.047661E+00  2.910E-01
3.047971E+00  8.947E-02
3.048279E+00  3.405E-02
3.048585E+00  1.376E-02
3.048889E+00  5.473E-03
3.049190E+00  2.154E-03
3.049489E+00  1.152E-03
3.049786E+00  1.307E-03
3.050080E+00  2.050E-03
3.050373E+00  3.068E-03
3.050663E+00  4.137E-03
3.050951E+00  4.969E-03
3.051237E+00  4.594E-03
3.051521E+00  9.688E-02
3.051803E+00  1.598E-02
3.052083E+00  1.536E-02
3.052361E+00  1.612E-02
3.053183E+00  1.923E-02
3.053453E+00  2.005E-02
3.053988E+00  2.107E-02
3.054252E+00  2.202E-02
3.054515E+00  2.769E-02
3.054776E+00  6.756E-02
3.055034E+00  5.552E-01
3.055291E+00  1.059E+01
3.055547E+00  1.271E+00
3.055800E+00  7.810E-01
3.056052E+00  7.587E-01
3.056302E+00  9.525E-01
3.056550E+00  1.512E+00
3.056796E+00  3.126E+00
3.057041E+00  5.920E+00
3.057284E+00  3.107E+00
3.057526E+00  1.179E+00
3.057766E+00  5.688E-01
3.058004E+00  3.335E-01
3.058240E+00  2.241E-01
3.058475E+00  1.662E-01
3.058709E+00  1.328E-01
3.058940E+00  1.123E-01
3.059170E+00  9.936E-02
3.059399E+00  9.100E-02
3.059626E+00  8.567E-02
3.059852E+00  8.242E-02
3.060076E+00  8.070E-02
3.060298E+00  8.013E-02
3.060739E+00  8.171E-02
3.061174E+00  8.628E-02
3.061603E+00  9.378E-02
3.061815E+00  9.879E-02
3.062027E+00  1.048E-01
3.062236E+00  1.120E-01
3.062444E+00  1.206E-01
3.062651E+00  1.312E-01
3.062857E+00  1.441E-01
3.063061E+00  1.602E-01
3.063264E+00  1.807E-01
3.063466E+00  2.075E-01
3.063666E+00  2.436E-01
3.063865E+00  2.943E-01
3.064063E+00  3.693E-01
3.064259E+00  4.887E-01
3.064455E+00  6.991E-01
3.064649E+00  1.131E+00
3.064841E+00  2.263E+00
3.065033E+00  6.615E+00
3.065223E+00  1.186E+01
3.065412E+00  2.858E+00
3.065600E+00  8.954E-01
3.065787E+00  3.764E-01
3.065973E+00  1.843E-01
3.066157E+00  9.783E-02
3.066340E+00  5.391E-02
3.066522E+00  2.989E-02
3.066703E+00  1.617E-02
3.066883E+00  8.227E-03
3.067062E+00  3.710E-03
3.067239E+00  1.349E-03
3.067416E+00  4.195E-04
3.067591E+00  5.080E-04
3.067766E+00  1.390E-03
3.067939E+00  2.972E-03
3.068111E+00  5.276E-03
3.068282E+00  8.457E-03
3.068452E+00  1.287E-02
3.068621E+00  1.927E-02
3.068789E+00  2.928E-02
3.068956E+00  4.699E-02
3.069122E+00  8.507E-02
3.069287E+00  2.031E-01
3.069451E+00  1.198E+00
3.069614E+00  2.998E+00
3.069776E+00  1.773E-01
3.069937E+00  4.558E-02
3.070098E+00  1.614E-02
3.070257E+00  6.189E-03
3.070415E+00  2.238E-03
3.070572E+00  6.349E-04
3.070728E+00  9.443E-05
3.070884E+00  7.914E-05
3.071038E+00  3.344E-04
3.071192E+00  7.239E-04
3.071345E+00  1.156E-03
3.071496E+00  1.520E-03
3.071647E+00  1.445E-03
3.071797E+00  3.466E-02
3.071946E+00  5.923E-03
3.072094E+00  5.966E-03
3.072242E+00  6.663E-03
3.072388E+00  7.771E-03
3.072534E+00  9.542E-03
3.072679E+00  1.282E-02
3.072823E+00  2.030E-02
3.072966E+00  4.342E-02
3.073108E+00  1.704E-01
3.073250E+00  7.290E+00
3.073391E+00  4.771E-01
3.073530E+00  1.472E-01
3.073670E+00  8.817E-02
3.073808E+00  6.795E-02
3.073945E+00  5.951E-02
3.074082E+00  5.626E-02
3.074218E+00  5.597E-02
3.074353E+00  5.789E-02
3.074488E+00  6.187E-02
3.074621E+00  6.822E-02
3.074754E+00  7.775E-02
3.074886E+00  9.202E-02
3.075018E+00  1.141E-01
3.075148E+00  1.504E-01
3.075278E+00  2.156E-01
3.075408E+00  3.490E-01
3.075536E+00  6.763E-01
3.075664E+00  1.587E+00
3.075791E+00  2.226E+00
3.075917E+00  9.913E-01
3.076043E+00  4.357E-01
3.076168E+00  2.382E-01
3.076292E+00  1.533E-01
3.076416E+00  1.107E-01
3.076539E+00  8.686E-02
3.076661E+00  7.260E-02
3.076783E+00  6.368E-02
3.076904E+00  5.800E-02
3.077024E+00  5.439E-02
3.077144E+00  5.222E-02
3.077263E+00  5.108E-02
3.077381E+00  5.073E-02
3.077499E+00  5.104E-02
3.077616E+00  5.191E-02
3.077848E+00  5.520E-02
3.077963E+00  5.764E-02
3.078078E+00  6.066E-02
3.078192E+00  6.436E-02
3.078305E+00  6.885E-02
3.078418E+00  7.433E-02
3.078530E+00  8.105E-02
3.078642E+00  8.940E-02
3.078753E+00  9.993E-02
3.078863E+00  1.135E-01
3.078973E+00  1.316E-01
3.079082E+00  1.564E-01
3.079191E+00  1.921E-01
3.079299E+00  2.467E-01
3.079406E+00  3.380E-01
3.079513E+00  5.108E-01
3.079619E+00  9.088E-01
3.079725E+00  2.185E+00
3.079831E+00  7.310E+00
3.079935E+00  3.308E+00
3.080039E+00  8.225E-01
3.080143E+00  3.022E-01
3.080246E+00  1.364E-01
3.080349E+00  6.819E-02
3.080451E+00  3.566E-02
3.080552E+00  1.870E-02
3.080653E+00  9.437E-03
3.080754E+00  4.336E-03
3.080854E+00  1.670E-03
3.080953E+00  5.509E-04
3.081052E+00  5.203E-04
3.081151E+00  1.386E-03
3.081249E+00  3.171E-03
3.081346E+00  6.166E-03
3.081443E+00  1.119E-02
3.081539E+00  2.045E-02
3.081635E+00  4.131E-02
3.081731E+00  1.113E-01
3.081826E+00  9.103E-01
3.081920E+00  8.401E-01
3.082014E+00  7.624E-02
3.082108E+00  2.128E-02
3.082201E+00  7.757E-03
3.082294E+00  2.988E-03
3.082386E+00  1.070E-03
3.082478E+00  3.195E-04
3.082569E+00  1.185E-04
3.082660E+00  2.018E-04
3.082750E+00  4.417E-04
3.082840E+00  7.716E-04
3.082930E+00  1.154E-03
3.083107E+00  1.968E-03
3.083195E+00  2.094E-03
3.083283E+00  3.348E-03
3.083371E+00  3.745E-03
3.083457E+00  4.331E-03
3.083544E+00  5.065E-03
3.083630E+00  6.056E-03
3.083716E+00  7.581E-03
3.083801E+00  1.038E-02
3.083886E+00  1.679E-02
3.083970E+00  3.711E-02
3.084054E+00  1.596E-01
3.084137E+00  9.269E+00
3.084221E+00  2.691E-01
3.084303E+00  9.321E-02
3.084386E+00  5.764E-02
3.084468E+00  4.497E-02
3.084549E+00  3.959E-02
3.084630E+00  3.747E-02
3.084711E+00  3.723E-02
3.084792E+00  3.835E-02
3.084872E+00  4.072E-02
3.084951E+00  4.448E-02
3.085031E+00  5.000E-02
3.085110E+00  5.805E-02
3.085188E+00  7.006E-02
3.085266E+00  8.881E-02
3.085344E+00  1.202E-01
3.085422E+00  1.781E-01
3.085499E+00  3.012E-01
3.085575E+00  6.151E-01
3.085652E+00  1.407E+00
3.085728E+00  1.415E+00
3.085803E+00  6.026E-01
3.085879E+00  2.856E-01
3.085953E+00  1.652E-01
3.086028E+00  1.104E-01
3.086102E+00  8.182E-02
3.086176E+00  6.540E-02
3.086250E+00  5.536E-02
3.086323E+00  4.898E-02
3.086396E+00  4.486E-02
3.086468E+00  4.223E-02
3.086541E+00  4.063E-02
3.086612E+00  3.980E-02
3.086684E+00  3.955E-02
3.086755E+00  3.979E-02
3.086897E+00  4.152E-02
3.087037E+00  4.486E-02
3.087106E+00  4.719E-02
3.087176E+00  5.004E-02
3.087245E+00  5.350E-02
3.087313E+00  5.772E-02
3.087382E+00  6.290E-02
3.087450E+00  6.934E-02
3.087518E+00  7.745E-02
3.087585E+00  8.790E-02
3.087652E+00  1.017E-01
3.087719E+00  1.207E-01
3.087786E+00  1.479E-01
3.087852E+00  1.894E-01
3.087918E+00  2.579E-01
3.087983E+00  3.860E-01
3.088049E+00  6.744E-01
3.088114E+00  1.560E+00
3.088179E+00  5.139E+00
3.088307E+00  7.170E-01
3.088371E+00  2.587E-01
3.088435E+00  1.157E-01
3.088498E+00  5.770E-02
3.088561E+00  3.017E-02
3.088624E+00  1.586E-02
3.088687E+00  8.029E-03
3.088749E+00  3.708E-03
3.088811E+00  1.457E-03
3.088873E+00  5.544E-04
3.088934E+00  6.796E-04
3.088995E+00  1.807E-03
3.089056E+00  4.293E-03
3.089117E+00  9.382E-03
3.089177E+00  2.152E-02
3.089238E+00  6.517E-02
3.089297E+00  7.014E-01
3.089357E+00  3.612E-01
3.089416E+00  4.048E-02
3.089475E+00  1.192E-02
3.089534E+00  4.460E-03
3.089593E+00  1.761E-03
3.089651E+00  6.788E-04
3.089709E+00  2.826E-04
3.089767E+00  2.204E-04
3.089825E+00  3.371E-04
3.089882E+00  5.568E-04
3.089939E+00  8.395E-04
3.089996E+00  1.164E-03
3.090053E+00  1.519E-03
3.090109E+00  1.902E-03
3.090165E+00  2.326E-03
3.090221E+00  3.020E-03
3.090277E+00  2.992E-03
3.090388E+00  4.180E-03
3.090443E+00  4.941E-03
3.090497E+00  6.010E-03
3.090552E+00  7.747E-03
3.090606E+00  1.113E-02
3.090660E+00  1.948E-02
3.090714E+00  4.969E-02
3.090768E+00  3.256E-01
3.090821E+00  1.519E+00
3.090874E+00  1.423E-01
3.090927E+00  6.301E-02
3.090980E+00  4.224E-02
3.091033E+00  3.415E-02
3.091085E+00  3.060E-02
3.091137E+00  2.922E-02
3.091189E+00  2.916E-02
3.091240E+00  3.009E-02
3.091292E+00  3.194E-02
3.091343E+00  3.481E-02
3.091394E+00  3.897E-02
3.091445E+00  4.499E-02
3.091496E+00  5.386E-02
3.091546E+00  6.748E-02
3.091596E+00  8.979E-02
3.091646E+00  1.298E-01
3.091696E+00  2.115E-01
3.091746E+00  4.098E-01
3.091795E+00  9.493E-01
3.091844E+00  1.358E+00
3.091893E+00  6.408E-01
3.091942E+00  2.883E-01
3.091991E+00  1.596E-01
3.092039E+00  1.035E-01
3.092087E+00  7.501E-02
3.092135E+00  5.899E-02
3.092183E+00  4.931E-02
3.092231E+00  4.319E-02
3.092278E+00  3.923E-02
3.092325E+00  3.667E-02
3.092372E+00  3.507E-02
3.092419E+00  3.416E-02
3.092466E+00  3.379E-02
3.092512E+00  3.385E-02
3.092559E+00  3.429E-02
3.092651E+00  3.617E-02
3.092697E+00  3.762E-02
3.092788E+00  4.166E-02
3.092833E+00  4.438E-02
3.092878E+00  4.769E-02
3.092923E+00  5.173E-02
3.092967E+00  5.673E-02
3.093012E+00  6.299E-02
3.093056E+00  7.098E-02
3.093101E+00  8.144E-02
3.093145E+00  9.555E-02
3.093188E+00  1.154E-01
3.093232E+00  1.448E-01
3.093276E+00  1.917E-01
3.093319E+00  2.746E-01
3.093362E+00  4.452E-01
3.093405E+00  8.961E-01
3.093448E+00  2.631E+00
3.093491E+00  4.296E+00
3.093533E+00  1.026E+00
3.093575E+00  3.235E-01
3.093618E+00  1.352E-01
3.093660E+00  6.517E-02
3.093701E+00  3.367E-02
3.093743E+00  1.778E-02
3.093785E+00  9.219E-03
3.093826E+00  4.476E-03
3.093867E+00  1.918E-03
3.093908E+00  7.411E-04
3.093949E+00  5.812E-04
3.093990E+00  1.395E-03
3.094031E+00  3.568E-03
3.094071E+00  8.610E-03
3.094111E+00  2.308E-02
3.094151E+00  1.043E-01
3.094191E+00  1.649E+01
3.094231E+00  6.708E-02
3.094271E+00  1.485E-02
3.094310E+00  5.144E-03
3.094350E+00  2.037E-03
3.094389E+00  8.420E-04
3.094428E+00  3.922E-04
3.094467E+00  2.872E-04
3.094506E+00  3.610E-04
3.094545E+00  5.359E-04
3.094583E+00  7.717E-04
3.094621E+00  1.047E-03
3.094660E+00  1.350E-03
3.094698E+00  1.675E-03
3.094736E+00  2.023E-03
3.094773E+00  2.401E-03
3.094811E+00  2.892E-03
3.094849E+00  3.131E-03
3.094886E+00  3.668E-03
3.094923E+00  4.288E-03
3.094960E+00  5.107E-03
3.094997E+00  6.326E-03
3.095034E+00  8.429E-03
3.095071E+00  1.281E-02
3.095107E+00  2.474E-02
3.095144E+00  7.757E-02
3.095180E+00  1.212E+00
3.095216E+00  3.974E-01
3.095252E+00  8.783E-02
3.095288E+00  4.641E-02
3.095324E+00  3.333E-02
3.095360E+00  2.784E-02
3.095395E+00  2.538E-02
3.095431E+00  2.447E-02
3.095466E+00  2.454E-02
3.095501E+00  2.537E-02
3.095536E+00  2.693E-02
3.095571E+00  2.929E-02
3.095606E+00  3.269E-02
3.095640E+00  3.755E-02
3.095675E+00  4.464E-02
3.095709E+00  5.539E-02
3.095743E+00  7.273E-02
3.095778E+00  1.031E-01
3.095812E+00  1.633E-01
3.095845E+00  3.040E-01
3.095879E+00  6.910E-01
3.095913E+00  1.253E+00
3.095946E+00  6.934E-01
3.095980E+00  2.999E-01
3.096013E+00  1.593E-01
3.096046E+00  1.004E-01
3.096079E+00  7.145E-02
3.096112E+00  5.543E-02
3.096145E+00  4.587E-02
3.096178E+00  3.986E-02
3.096210E+00  3.598E-02
3.096243E+00  3.346E-02
3.096275E+00  3.187E-02
3.096307E+00  3.093E-02
3.096340E+00  3.050E-02
3.096372E+00  3.047E-02
3.096404E+00  3.078E-02
3.096467E+00  3.232E-02
3.096499E+00  3.354E-02
3.096561E+00  3.697E-02
3.096593E+00  3.929E-02
3.096624E+00  4.211E-02
3.096655E+00  4.556E-02
3.096686E+00  4.981E-02
3.096717E+00  5.511E-02
3.096747E+00  6.186E-02
3.096778E+00  7.063E-02
3.096808E+00  8.239E-02
3.096839E+00  9.876E-02
3.096869E+00  1.227E-01
3.096899E+00  1.602E-01
3.096929E+00  2.248E-01
3.096959E+00  3.526E-01
3.096989E+00  6.687E-01
3.097019E+00  1.785E+00
3.097049E+00  4.328E+00
3.097078E+00  1.225E+00
3.097108E+00  3.558E-01
3.097137E+00  1.421E-01
3.097166E+00  6.692E-02
3.097195E+00  3.419E-02
3.097225E+00  1.801E-02
3.097254E+00  9.395E-03
3.097282E+00  4.643E-03
3.097311E+00  2.062E-03
3.097340E+00  8.305E-04
3.097368E+00  5.741E-04
3.097397E+00  1.240E-03
3.097425E+00  3.208E-03
3.097454E+00  8.067E-03
3.097482E+00  2.352E-02
3.097510E+00  1.423E-01
3.097538E+00  8.017E-01
3.097566E+00  3.594E-02
3.097594E+00  9.283E-03
3.097621E+00  3.371E-03
3.097649E+00  1.375E-03
3.097677E+00  6.160E-04
3.097704E+00  3.617E-04
3.097731E+00  3.489E-04
3.097759E+00  4.648E-04
3.097786E+00  6.547E-04
3.097813E+00  8.903E-04
3.097840E+00  1.156E-03
3.097867E+00  1.445E-03
3.097894E+00  1.752E-03
3.097974E+00  2.764E-03
3.098000E+00  3.286E-03
3.098027E+00  3.772E-03
3.098053E+00  4.407E-03
3.098079E+00  5.289E-03
3.098105E+00  6.660E-03
3.098131E+00  9.139E-03
3.098157E+00  1.461E-02
3.098183E+00  3.095E-02
3.098209E+00  1.214E-01
3.098235E+00  5.953E+00
3.098260E+00  2.037E-01
3.098286E+00  6.430E-02
3.098311E+00  3.759E-02
3.098336E+00  2.819E-02
3.098362E+00  2.408E-02
3.098387E+00  2.221E-02
3.098412E+00  2.155E-02
3.098437E+00  2.168E-02
3.098462E+00  2.244E-02
3.098487E+00  2.380E-02
3.098512E+00  2.585E-02
3.098537E+00  2.876E-02
3.098561E+00  3.288E-02
3.098586E+00  3.884E-02
3.098610E+00  4.779E-02
3.098635E+00  6.202E-02
3.098659E+00  8.653E-02
3.098683E+00  1.338E-01
3.098707E+00  2.405E-01
3.098731E+00  5.300E-01
3.098756E+00  1.116E+00
3.098779E+00  7.597E-01
3.098803E+00  3.204E-01
3.098827E+00  1.635E-01
3.098851E+00  1.003E-01
3.098874E+00  7.004E-02
3.098898E+00  5.363E-02
3.098922E+00  4.395E-02
3.098945E+00  3.792E-02
3.098968E+00  3.404E-02
3.098992E+00  3.151E-02
3.099015E+00  2.990E-02
3.099038E+00  2.893E-02
3.099061E+00  2.845E-02
3.099084E+00  2.836E-02
3.099107E+00  2.859E-02
3.099130E+00  2.911E-02
3.099175E+00  3.097E-02
3.099198E+00  3.234E-02
3.099243E+00  3.610E-02
3.099265E+00  3.862E-02
3.099288E+00  4.169E-02
3.099310E+00  4.548E-02
3.099332E+00  5.020E-02
3.099354E+00  5.618E-02
3.099376E+00  6.393E-02
3.099398E+00  7.427E-02
3.099420E+00  8.858E-02
3.099442E+00  1.093E-01
3.099464E+00  1.415E-01
3.099486E+00  1.959E-01
3.099507E+00  3.011E-01
3.099529E+00  5.509E-01
3.099550E+00  1.382E+00
3.099572E+00  3.933E+00
3.099593E+00  1.378E+00
3.099614E+00  3.779E-01
3.099636E+00  1.458E-01
3.099657E+00  6.737E-02
3.099678E+00  3.407E-02
3.099699E+00  1.787E-02
3.099720E+00  9.323E-03
3.099741E+00  4.640E-03
3.099762E+00  2.097E-03
3.099783E+00  8.691E-04
3.099804E+00  5.790E-04
3.099824E+00  1.166E-03
3.099845E+00  2.993E-03
3.099865E+00  7.635E-03
3.099886E+00  2.315E-02
3.099906E+00  1.664E-01
3.099927E+00  3.894E-01
3.099947E+00  2.661E-02
3.099967E+00  7.245E-03
3.099988E+00  2.681E-03
3.100008E+00  1.122E-03
3.100028E+00  5.428E-04
3.100048E+00  3.717E-04
3.100066E+00  3.899E-04
3.105084E+00  1.414E+00
3.110046E+00  1.294E+00
3.118236E+00  1.131E+00
3.126246E+00  1.002E+00
3.134081E+00  8.979E-01
3.141747E+00  8.116E-01
3.149248E+00  7.395E-01
3.156590E+00  6.787E-01
3.163775E+00  6.270E-01
3.177698E+00  5.446E-01
3.191049E+00  4.823E-01
3.203860E+00  4.339E-01
3.222124E+00  3.791E-01
3.239326E+00  3.381E-01
3.260748E+00  2.970E-01
3.285328E+00  2.594E-01
3.316147E+00  2.219E-01
3.350560E+00  1.868E-01
3.367525E+00  1.738E-01
3.373929E+00  1.719E-01
3.380129E+00  1.746E-01
3.383155E+00  1.792E-01
3.386134E+00  1.876E-01
3.389065E+00  2.026E-01
3.391951E+00  2.298E-01
3.394791E+00  2.835E-01
3.397588E+00  4.051E-01
3.400341E+00  7.233E-01
3.403053E+00  1.181E+00
3.405723E+00  8.794E-01
3.408352E+00  6.759E-01
3.410942E+00  7.123E-01
3.413493E+00  9.230E-01
3.416005E+00  1.362E+00
3.418481E+00  2.176E+00
3.423322E+00  4.809E+00
3.425690E+00  4.910E+00
3.428022E+00  3.948E+00
3.430322E+00  2.949E+00
3.432588E+00  2.234E+00
3.434821E+00  1.758E+00
3.437022E+00  1.438E+00
3.439192E+00  1.214E+00
3.441331E+00  1.054E+00
3.443441E+00  9.345E-01
3.445520E+00  8.434E-01
3.447570E+00  7.724E-01
3.449592E+00  7.161E-01
3.451586E+00  6.709E-01
3.453553E+00  6.344E-01
3.457405E+00  5.812E-01
3.461153E+00  5.499E-01
3.462990E+00  5.421E-01
3.464801E+00  5.406E-01
3.466589E+00  5.467E-01
3.468353E+00  5.630E-01
3.470093E+00  5.931E-01
3.471811E+00  6.421E-01
3.473506E+00  7.150E-01
3.475178E+00  8.153E-01
3.476829E+00  9.434E-01
3.478459E+00  1.090E+00
3.480068E+00  1.208E+00
3.481656E+00  1.206E+00
3.483223E+00  1.083E+00
3.484771E+00  9.324E-01
3.486299E+00  8.099E-01
3.487808E+00  7.213E-01
3.489298E+00  6.584E-01
3.490769E+00  6.130E-01
3.492222E+00  5.794E-01
3.495074E+00  5.346E-01
3.497856E+00  5.075E-01
3.501903E+00  4.852E-01
3.507076E+00  4.760E-01
3.512007E+00  4.843E-01
3.515556E+00  5.033E-01
3.518983E+00  5.388E-01
3.521203E+00  5.777E-01
3.522294E+00  6.046E-01
3.523373E+00  6.388E-01
3.524440E+00  6.829E-01
3.525495E+00  7.413E-01
3.526538E+00  8.212E-01
3.527569E+00  9.345E-01
3.528589E+00  1.103E+00
3.529598E+00  1.369E+00
3.530595E+00  1.823E+00
3.531582E+00  2.671E+00
3.532558E+00  4.423E+00
3.533523E+00  7.982E+00
3.534478E+00  1.126E+01
3.535422E+00  8.269E+00
3.536356E+00  4.761E+00
3.537281E+00  3.002E+00
3.538195E+00  2.150E+00
3.539100E+00  1.706E+00
3.539995E+00  1.460E+00
3.540880E+00  1.324E+00
3.541757E+00  1.255E+00
3.542624E+00  1.234E+00
3.543482E+00  1.253E+00
3.544331E+00  1.313E+00
3.545171E+00  1.426E+00
3.546002E+00  1.616E+00
3.546825E+00  1.936E+00
3.547640E+00  2.482E+00
3.548446E+00  3.368E+00
3.549244E+00  4.329E+00
3.550034E+00  4.402E+00
3.550815E+00  4.244E+00
3.551589E+00  1.128E+01
3.552355E+00  3.449E+01
3.553113E+00  5.766E+00
3.553864E+00  4.122E+00
3.554607E+00  3.937E+00
3.555343E+00  4.219E+00
3.556072E+00  4.819E+00
3.556793E+00  5.728E+00
3.557508E+00  6.938E+00
3.558215E+00  8.311E+00
3.558915E+00  9.430E+00
3.559609E+00  9.808E+00
3.560295E+00  1.038E+01
3.560976E+00  3.049E+00
3.561649E+00  3.661E+00
3.562316E+00  2.926E+00
3.562977E+00  2.265E+00
3.563631E+00  1.767E+00
3.564279E+00  1.404E+00
3.564921E+00  1.139E+00
3.565557E+00  9.437E-01
3.566187E+00  7.978E-01
3.566811E+00  6.874E-01
3.567429E+00  6.027E-01
3.568041E+00  5.372E-01
3.568648E+00  4.861E-01
3.569249E+00  4.459E-01
3.569844E+00  4.143E-01
3.570434E+00  3.895E-01
3.571019E+00  3.701E-01
3.571598E+00  3.552E-01
3.572740E+00  3.360E-01
3.573862E+00  3.281E-01
3.574963E+00  3.295E-01
3.576045E+00  3.398E-01
3.577107E+00  3.596E-01
3.578151E+00  3.909E-01
3.578666E+00  4.121E-01
3.579176E+00  4.380E-01
3.579682E+00  4.695E-01
3.580183E+00  5.080E-01
3.580681E+00  5.554E-01
3.581173E+00  6.142E-01
3.581662E+00  6.878E-01
3.582146E+00  7.806E-01
3.582626E+00  8.989E-01
3.583102E+00  1.051E+00
3.583574E+00  1.247E+00
3.584042E+00  1.500E+00
3.584506E+00  1.825E+00
3.584966E+00  2.236E+00
3.585874E+00  3.252E+00
3.586322E+00  3.575E+00
3.586767E+00  3.446E+00
3.587207E+00  2.925E+00
3.587645E+00  2.312E+00
3.588078E+00  1.795E+00
3.588508E+00  1.411E+00
3.588934E+00  1.137E+00
3.589357E+00  9.435E-01
3.589776E+00  8.085E-01
3.590192E+00  7.202E-01
3.590605E+00  6.828E-01
3.591014E+00  7.840E-01
3.591419E+00  9.881E+02
3.591822E+00  3.196E-01
3.593010E+00  2.987E-01
3.594169E+00  2.785E-01
3.594927E+00  2.723E-01
3.595672E+00  2.725E-01
3.596406E+00  2.798E-01
3.597128E+00  2.959E-01
3.597485E+00  3.085E-01
3.597839E+00  3.252E-01
3.598191E+00  3.473E-01
3.598540E+00  3.768E-01
3.598886E+00  4.173E-01
3.599229E+00  4.741E-01
3.599569E+00  5.566E-01
3.599908E+00  6.829E-01
3.600243E+00  8.902E-01
3.600576E+00  1.266E+00
3.600906E+00  2.043E+00
3.601234E+00  3.923E+00
3.601559E+00  7.862E+00
3.601882E+00  6.628E+00
3.602203E+00  2.704E+00
3.602521E+00  1.281E+00
3.602837E+00  4.169E+00
3.603150E+00  2.274E+00
3.603461E+00  8.328E-01
3.603769E+00  5.485E-01
3.604076E+00  4.190E-01
3.604380E+00  3.386E-01
3.604682E+00  2.816E-01
3.604981E+00  2.402E-01
3.605279E+00  2.110E-01
3.605574E+00  1.909E-01
3.605867E+00  1.774E-01
3.606158E+00  1.692E-01
3.606447E+00  1.677E-01
3.606733E+00  2.174E-01
3.607018E+00  3.810E-01
3.607301E+00  1.753E-01
3.607581E+00  1.620E-01
3.607860E+00  1.590E-01
3.608136E+00  1.589E-01
3.608683E+00  1.635E-01
3.608954E+00  1.680E-01
3.609222E+00  1.743E-01
3.609489E+00  1.830E-01
3.609754E+00  1.953E-01
3.610017E+00  2.135E-01
3.610278E+00  2.422E-01
3.610538E+00  2.925E-01
3.610795E+00  3.969E-01
3.611051E+00  6.964E-01
3.611305E+00  2.827E+00
3.611557E+00  5.231E+01
3.611807E+00  8.174E-01
3.612056E+00  2.694E-01
3.612303E+00  1.695E-01
3.612548E+00  1.399E-01
3.612792E+00  1.301E-01
3.613034E+00  1.277E-01
3.613274E+00  1.287E-01
3.613749E+00  1.356E-01
3.614218E+00  1.467E-01
3.614681E+00  1.621E-01
3.614910E+00  1.719E-01
3.615138E+00  1.836E-01
3.615364E+00  1.976E-01
3.615588E+00  2.146E-01
3.615811E+00  2.355E-01
3.616032E+00  2.614E-01
3.616252E+00  2.938E-01
3.616471E+00  3.345E-01
3.616688E+00  3.858E-01
3.616904E+00  4.506E-01
3.617118E+00  5.318E-01
3.617331E+00  6.330E-01
3.617542E+00  7.570E-01
3.617961E+00  1.042E+00
3.618168E+00  1.123E+00
3.618374E+00  1.095E+00
3.618578E+00  9.744E-01
3.618782E+00  8.233E-01
3.618984E+00  6.857E-01
3.619184E+00  5.762E-01
3.619384E+00  4.940E-01
3.619582E+00  4.342E-01
3.619779E+00  3.933E-01
3.619974E+00  3.716E-01
3.620168E+00  3.856E-01
3.620361E+00  7.690E-01
3.620553E+00  1.672E-01
3.620744E+00  1.852E-01
3.620933E+00  1.908E-01
3.621309E+00  1.886E-01
3.621863E+00  1.842E-01
3.622226E+00  1.853E-01
3.622585E+00  1.909E-01
3.622763E+00  1.961E-01
3.622940E+00  2.034E-01
3.623116E+00  2.135E-01
3.623290E+00  2.274E-01
3.623464E+00  2.467E-01
3.623636E+00  2.743E-01
3.623808E+00  3.148E-01
3.623978E+00  3.772E-01
3.624147E+00  4.795E-01
3.624316E+00  6.632E-01
3.624483E+00  1.037E+00
3.624649E+00  1.930E+00
3.624814E+00  4.103E+00
3.624979E+00  4.696E+00
3.625142E+00  2.113E+00
3.625304E+00  9.735E-01
3.625465E+00  5.433E-01
3.625626E+00  3.468E-01
3.625785E+00  2.414E-01
3.625944E+00  1.777E-01
3.626101E+00  1.351E-01
3.626258E+00  1.040E-01
3.626413E+00  8.029E-02
3.626568E+00  6.732E-02
3.626722E+00  1.174E-01
3.626874E+00  3.349E+02
3.627026E+00  1.311E+01
3.627178E+00  1.556E+00
3.627328E+00  6.522E-01
3.627477E+00  9.386E-01
3.627625E+00  1.889E+01
3.627773E+00  9.806E-01
3.627920E+00  3.801E-01
3.628066E+00  2.395E-01
3.628211E+00  1.887E-01
3.628355E+00  1.699E-01
3.628498E+00  1.637E-01
3.628641E+00  1.627E-01
3.628782E+00  1.645E-01
3.628923E+00  1.698E-01
3.629063E+00  1.837E-01
3.629203E+00  2.100E-01
3.629341E+00  1.670E-01
3.629479E+00  1.460E-01
3.629616E+00  1.427E-01
3.630022E+00  1.423E-01
3.630156E+00  1.433E-01
3.630289E+00  1.468E-01
3.630421E+00  1.608E-01
3.630553E+00  2.507E-01
3.630684E+00  8.150E+00
3.630814E+00  6.566E-01
3.630943E+00  3.041E-01
3.631072E+00  2.426E-01
3.631200E+00  2.220E-01
3.631327E+00  2.142E-01
3.631454E+00  2.122E-01
3.631579E+00  2.137E-01
3.631705E+00  2.177E-01
3.631953E+00  2.325E-01
3.632076E+00  2.434E-01
3.632198E+00  2.570E-01
3.632320E+00  2.739E-01
3.632441E+00  2.946E-01
3.632562E+00  3.198E-01
3.632681E+00  3.503E-01
3.632801E+00  3.866E-01
3.632919E+00  4.288E-01
3.633154E+00  5.266E-01
3.633387E+00  6.321E-01
3.633502E+00  6.918E-01
3.633617E+00  7.658E-01
3.633844E+00  9.514E-01
3.633957E+00  1.007E+00
3.634069E+00  9.924E-01
3.634181E+00  9.444E-01
3.634292E+00  3.136E+02
3.634403E+00  5.587E-01
3.634513E+00  4.896E-01
3.634622E+00  4.263E-01
3.634731E+00  3.753E-01
3.634839E+00  3.354E-01
3.634947E+00  3.041E-01
3.635054E+00  2.795E-01
3.635160E+00  2.601E-01
3.635266E+00  2.447E-01
3.635371E+00  2.325E-01
3.635581E+00  2.152E-01
3.635788E+00  2.053E-01
3.635992E+00  2.014E-01
3.636195E+00  2.037E-01
3.636296E+00  2.076E-01
3.636396E+00  2.138E-01
3.636495E+00  2.230E-01
3.636594E+00  2.363E-01
3.636693E+00  2.553E-01
3.636791E+00  2.828E-01
3.636889E+00  3.238E-01
3.636986E+00  3.876E-01
3.637082E+00  4.931E-01
3.637178E+00  6.838E-01
3.637274E+00  1.074E+00
3.637369E+00  1.999E+00
3.637464E+00  4.074E+00
3.637558E+00  4.208E+00
3.637651E+00  2.125E+00
3.637745E+00  1.637E+00
3.637837E+00  3.319E+00
3.637930E+00  1.919E+01
3.638022E+00  1.624E+00
3.638113E+00  4.035E-01
3.638204E+00  2.172E-01
3.638294E+00  1.364E+01
3.638384E+00  2.033E-01
3.638474E+00  1.155E-01
3.638563E+00  7.630E-02
3.638652E+00  5.415E-02
3.638740E+00  1.129E-01
3.638828E+00  4.471E+00
3.638915E+00  1.704E+00
3.639002E+00  5.453E-01
3.639089E+00  3.634E-01
3.639175E+00  3.182E-01
3.639261E+00  3.192E-01
3.639431E+00  3.493E-01
3.639515E+00  3.673E-01
3.639599E+00  3.978E-01
3.639683E+00  4.608E-01
3.639766E+00  6.109E-01
3.639849E+00  1.050E+00
3.639932E+00  1.905E+00
3.640014E+00  7.896E-01
3.640095E+00  3.179E-01
3.640176E+00  2.083E-01
3.640257E+00  1.747E-01
3.640338E+00  1.634E-01
3.640418E+00  1.617E-01
3.640498E+00  1.682E-01
3.640577E+00  1.895E-01
3.640656E+00  2.601E-01
3.640735E+00  6.464E-01
3.640813E+00  9.230E+00
3.640891E+00  1.057E+00
3.640968E+00  4.270E-01
3.641045E+00  3.000E-01
3.641122E+00  2.547E-01
3.641199E+00  2.348E-01
3.641275E+00  2.260E-01
3.641350E+00  2.233E-01
3.641426E+00  2.247E-01
3.641501E+00  2.293E-01
3.641575E+00  2.370E-01
3.641650E+00  2.478E-01
3.641724E+00  2.620E-01
3.641797E+00  2.802E-01
3.641871E+00  3.029E-01
3.641944E+00  3.305E-01
3.642016E+00  3.631E-01
3.642232E+00  4.743E-01
3.642303E+00  5.043E-01
3.642445E+00  5.483E-01
3.642515E+00  5.762E-01
3.642585E+00  6.212E-01
3.642655E+00  6.888E-01
3.642724E+00  7.723E-01
3.642793E+00  8.462E-01
3.642862E+00  8.823E-01
3.642930E+00  1.023E+00
3.642999E+00  6.306E-01
3.643066E+00  5.687E-01
3.643134E+00  4.947E-01
3.643201E+00  4.315E-01
3.643268E+00  3.812E-01
3.643335E+00  3.420E-01
3.643401E+00  3.115E-01
3.643467E+00  2.877E-01
3.643533E+00  2.691E-01
3.643598E+00  2.544E-01
3.643663E+00  2.430E-01
3.643792E+00  2.275E-01
3.643921E+00  2.200E-01
3.644048E+00  2.197E-01
3.644111E+00  2.226E-01
3.644174E+00  2.278E-01
3.644236E+00  2.361E-01
3.644299E+00  2.484E-01
3.644361E+00  2.664E-01
3.644423E+00  2.928E-01
3.644484E+00  3.328E-01
3.644545E+00  3.966E-01
3.644606E+00  5.080E-01
3.644667E+00  7.377E-01
3.644728E+00  1.420E+00
3.644788E+00  7.242E+00
3.644848E+00  4.636E+00
3.644907E+00  3.648E+00
3.644967E+00  4.072E+00
3.645026E+00  2.166E+00
3.645085E+00  1.047E+00
3.645143E+00  5.926E-01
3.645202E+00  6.418E-01
3.645260E+00  3.229E-01
3.645318E+00  2.371E-01
3.645375E+00  1.866E-01
3.645433E+00  1.525E-01
3.645490E+00  1.272E-01
3.645547E+00  1.067E-01
3.645660E+00  7.166E-02
3.645772E+00  3.845E-02
3.645828E+00  3.046E-02
3.645883E+00  1.201E-01
3.645939E+00  9.217E+00
3.645994E+00  1.393E+00
3.646049E+00  5.598E-01
3.646103E+00  4.530E-01
3.646157E+00  4.534E-01
3.646212E+00  4.648E-01
3.646319E+00  4.779E-01
3.646373E+00  5.076E-01
3.646426E+00  5.867E-01
3.646479E+00  7.942E-01
3.646532E+00  1.401E+00
3.646584E+00  1.778E+00
3.646636E+00  5.789E-01
3.646689E+00  2.586E-01
3.646740E+00  1.816E-01
3.646792E+00  1.576E-01
3.646844E+00  1.494E-01
3.646895E+00  1.477E-01
3.646946E+00  1.509E-01
3.646997E+00  1.618E-01
3.647047E+00  1.937E-01
3.647098E+00  3.154E-01
3.647148E+00  1.257E+00
3.647198E+00  2.701E+00
3.647248E+00  6.383E-01
3.647298E+00  3.655E-01
3.647347E+00  2.855E-01
3.647396E+00  2.530E-01
3.647445E+00  2.385E-01
3.647494E+00  2.330E-01
3.647543E+00  2.333E-01
3.647591E+00  2.379E-01
3.647639E+00  2.466E-01
3.647688E+00  2.594E-01
3.647735E+00  2.765E-01
3.647783E+00  2.985E-01
3.647831E+00  3.251E-01
3.647972E+00  4.149E-01
3.648019E+00  4.348E-01
3.648065E+00  4.454E-01
3.648158E+00  4.591E-01
3.648204E+00  4.790E-01
3.648249E+00  5.177E-01
3.648295E+00  5.784E-01
3.648386E+00  7.303E-01
3.648476E+00  8.198E-01
3.648520E+00  5.610E-01
3.648565E+00  5.265E-01
3.648609E+00  4.645E-01
3.648654E+00  4.088E-01
3.648698E+00  3.638E-01
3.648742E+00  3.286E-01
3.648785E+00  3.013E-01
3.648829E+00  2.802E-01
3.648872E+00  2.640E-01
3.648915E+00  2.515E-01
3.648958E+00  2.422E-01
3.649044E+00  2.313E-01
3.649086E+00  2.293E-01
3.649129E+00  2.298E-01
3.649171E+00  2.328E-01
3.649213E+00  2.392E-01
3.649255E+00  2.500E-01
3.649297E+00  2.672E-01
3.649338E+00  2.951E-01
3.649380E+00  3.422E-01
3.649421E+00  4.310E-01
3.649462E+00  6.329E-01
3.649503E+00  1.287E+00
3.649544E+00  4.476E+00
3.649584E+00  2.665E+00
3.649625E+00  1.122E+00
3.649665E+00  9.996E-01
3.649705E+00  1.366E+00
3.649745E+00  2.406E+00
3.649785E+00  3.656E+00
3.649825E+00  2.476E+00
3.649864E+00  1.251E+00
3.649904E+00  1.181E+00
3.649943E+00  3.943E-01
3.649982E+00  2.909E-01
3.650021E+00  2.263E-01
3.650060E+00  1.846E-01
3.650099E+00  1.561E-01
3.650137E+00  1.349E-01
3.650175E+00  1.173E-01
3.650214E+00  1.017E-01
3.650290E+00  7.442E-02
3.650328E+00  6.128E-02
3.650365E+00  4.779E-02
3.650403E+00  3.442E-02
3.650440E+00  2.622E-02
3.650477E+00  6.814E-02
3.650515E+00  1.541E+00
3.650552E+00  2.548E+00
3.650588E+00  7.035E-01
3.650625E+00  5.544E-01
3.650698E+00  5.403E-01
3.650735E+00  5.272E-01
3.650771E+00  5.255E-01
3.650807E+00  5.539E-01
3.650843E+00  6.454E-01
3.650878E+00  9.004E-01
3.650914E+00  1.577E+00
3.650950E+00  1.215E+00
3.650985E+00  3.868E-01
3.651020E+00  2.062E-01
3.651056E+00  1.607E-01
3.651091E+00  1.465E-01
3.651125E+00  1.419E-01
3.651160E+00  1.415E-01
3.651195E+00  1.448E-01
3.651229E+00  1.551E-01
3.651264E+00  1.855E-01
3.651298E+00  3.043E-01
3.651332E+00  1.162E+00
3.651366E+00  1.989E+00
3.651400E+00  6.048E-01
3.651434E+00  3.637E-01
3.651468E+00  2.883E-01
3.651501E+00  2.571E-01
3.651535E+00  2.433E-01
3.651568E+00  2.387E-01
3.651601E+00  2.402E-01
3.651634E+00  2.466E-01
3.651667E+00  2.576E-01
3.651700E+00  2.732E-01
3.651733E+00  2.936E-01
3.651830E+00  3.692E-01
3.651862E+00  3.868E-01
3.651895E+00  3.944E-01
3.651958E+00  3.932E-01
3.651990E+00  3.986E-01
3.652022E+00  4.172E-01
3.652054E+00  4.537E-01
3.652085E+00  5.106E-01
3.652148E+00  6.563E-01
3.652179E+00  7.027E-01
3.652210E+00  7.279E-01
3.652241E+00  5.812E-01
3.652272E+00  4.906E-01
3.652333E+00  3.887E-01
3.652364E+00  3.476E-01
3.652394E+00  3.153E-01
3.652424E+00  2.904E-01
3.652454E+00  2.713E-01
3.652485E+00  2.567E-01
3.652515E+00  2.460E-01
3.652544E+00  2.383E-01
3.652574E+00  2.335E-01
3.652604E+00  2.314E-01
3.652634E+00  2.321E-01
3.652663E+00  2.362E-01
3.652692E+00  2.447E-01
3.652722E+00  2.597E-01
3.652751E+00  2.852E-01
3.652780E+00  3.305E-01
3.652809E+00  4.190E-01
3.652838E+00  6.254E-01
3.652867E+00  1.253E+00
3.652895E+00  2.867E+00
3.652924E+00  1.691E+00
3.652952E+00  8.348E-01
3.652981E+00  6.502E-01
3.653009E+00  6.942E-01
3.653037E+00  9.362E-01
3.653065E+00  1.558E+00
3.653093E+00  2.839E+00
3.653121E+00  2.994E+00
3.653149E+00  1.549E+00
3.653177E+00  7.750E-01
3.653205E+00  4.880E-01
3.653232E+00  3.336E-01
3.653260E+00  2.495E-01
3.653287E+00  1.995E-01
3.653314E+00  1.674E-01
3.653341E+00  1.454E-01
3.653369E+00  1.296E-01
3.653449E+00  8.922E-02
3.653556E+00  4.112E-02
3.653582E+00  3.000E-02
3.653609E+00  2.773E-02
3.653635E+00  1.057E-01
3.653661E+00  4.086E+00
3.653687E+00  1.776E+00
3.653713E+00  7.116E-01
3.653739E+00  6.180E-01
3.653765E+00  6.015E-01
3.653816E+00  5.533E-01
3.653841E+00  5.542E-01
3.653867E+00  5.990E-01
3.653892E+00  7.385E-01
3.653918E+00  1.136E+00
3.653943E+00  1.603E+00
3.653968E+00  5.960E-01
3.653993E+00  2.438E-01
3.654018E+00  1.677E-01
3.654043E+00  1.467E-01
3.654068E+00  1.400E-01
3.654092E+00  1.382E-01
3.654117E+00  1.394E-01
3.654142E+00  1.446E-01
3.654166E+00  1.597E-01
3.654191E+00  2.092E-01
3.654215E+00  4.456E-01
3.654239E+00  2.050E+00
3.654263E+00  9.973E-01
3.654287E+00  4.590E-01
3.654312E+00  3.252E-01
3.654335E+00  2.753E-01
3.654359E+00  2.534E-01
3.654383E+00  2.445E-01
3.654407E+00  2.433E-01
3.654431E+00  2.478E-01
3.654454E+00  2.574E-01
3.654478E+00  2.719E-01
3.654501E+00  2.909E-01
3.654548E+00  3.359E-01
3.654571E+00  3.542E-01
3.654594E+00  3.635E-01
3.654617E+00  3.632E-01
3.654663E+00  3.550E-01
3.654686E+00  3.603E-01
3.654709E+00  3.788E-01
3.654731E+00  4.141E-01
3.654754E+00  4.681E-01
3.654799E+00  6.083E-01
3.654821E+00  6.565E-01
3.654844E+00  6.784E-01
3.654866E+00  4.430E+01
3.654888E+00  4.638E-01
3.654932E+00  3.741E-01
3.654954E+00  3.356E-01
3.654976E+00  3.053E-01
3.654998E+00  2.818E-01
3.655020E+00  2.640E-01
3.655042E+00  2.506E-01
3.655063E+00  2.409E-01
3.655085E+00  2.344E-01
3.655107E+00  2.308E-01
3.655128E+00  2.304E-01
3.655149E+00  2.334E-01
3.655171E+00  2.410E-01
3.655192E+00  2.554E-01
3.655213E+00  2.809E-01
3.655234E+00  3.277E-01
3.655256E+00  4.222E-01
3.655277E+00  6.465E-01
3.655297E+00  1.267E+00
3.655318E+00  1.994E+00
3.655339E+00  1.129E+00
3.655360E+00  6.573E-01
3.655381E+00  5.287E-01
3.655401E+00  5.387E-01
3.655422E+00  6.603E-01
3.655442E+00  9.696E-01
3.655463E+00  1.710E+00
3.655483E+00  2.919E+00
3.655504E+00  2.326E+00
3.655524E+00  1.099E+00
3.655544E+00  4.877E-01
3.655564E+00  4.799E-01
3.655584E+00  3.059E-01
3.655604E+00  2.301E-01
3.655622E+00  1.911E-01
3.657336E+00  6.251E-01
3.662351E+00  5.660E-01
3.668984E+00  5.115E-01
3.677064E+00  4.667E-01
3.687542E+00  4.289E-01
3.702276E+00  3.963E-01
3.725620E+00  3.621E-01
3.727568E+00  3.661E-01
3.732258E+00  4.020E-01
3.735834E+00  4.126E-01
3.749471E+00  4.338E-01
3.759083E+00  4.638E-01
3.765201E+00  4.966E-01
3.769159E+00  5.320E-01
3.771837E+00  5.718E-01
3.773387E+00  6.086E-01
3.774398E+00  6.440E-01
3.775391E+00  6.947E-01
3.776367E+00  7.677E-01
3.777326E+00  8.566E-01
3.777799E+00  9.557E-01
3.778269E+00  1.200E+00
3.778734E+00  1.962E+00
3.779196E+00  8.791E+00
3.779653E+00  6.047E+00
3.780107E+00  7.924E-01
3.780557E+00  5.111E-01
3.781003E+00  4.830E-01
3.781445E+00  4.978E-01
3.781883E+00  5.407E-01
3.782318E+00  5.563E-01
3.782750E+00  5.478E-01
3.783177E+00  5.486E-01
3.783602E+00  5.292E-01
3.784022E+00  4.810E-01
3.784853E+00  3.315E-01
3.785264E+00  2.761E-01
3.785671E+00  2.494E-01
3.786074E+00  2.447E-01
3.786475E+00  2.529E-01
3.787266E+00  2.835E-01
3.788811E+00  3.474E-01
3.791756E+00  4.565E-01
3.793505E+00  5.294E-01
3.794856E+00  5.792E-01
3.796167E+00  6.354E-01
3.796488E+00  6.553E-01
3.796807E+00  6.865E-01
3.797124E+00  7.394E-01
3.797438E+00  8.391E-01
3.797750E+00  1.066E+00
3.798060E+00  1.821E+00
3.798367E+00  8.614E+00
3.798672E+00  4.930E+00
3.798975E+00  1.121E+00
3.799275E+00  7.093E-01
3.799573E+00  6.058E-01
3.799870E+00  5.707E-01
3.800163E+00  5.576E-01
3.801032E+00  5.513E-01
3.802715E+00  5.542E-01
3.802988E+00  5.598E-01
3.803260E+00  5.756E-01
3.803529E+00  6.921E-01
3.803797E+00  6.185E-01
3.804062E+00  5.639E-01
3.804588E+00  5.708E-01
3.806122E+00  6.211E-01
3.807351E+00  6.784E-01
3.808305E+00  7.392E-01
3.809004E+00  7.994E-01
3.809688E+00  8.810E-01
3.810137E+00  9.547E-01
3.810580E+00  1.052E+00
3.811873E+00  1.417E+00
3.812084E+00  1.517E+00
3.812293E+00  1.705E+00
3.812501E+00  2.096E+00
3.812707E+00  3.114E+00
3.812912E+00  7.713E+00
3.813116E+00  2.289E+01
3.813319E+00  3.218E+00
3.813520E+00  1.494E+00
3.813720E+00  1.162E+00
3.813919E+00  1.049E+00
3.814312E+00  9.155E-01
3.814507E+00  8.583E-01
3.814700E+00  7.577E-01
3.815274E+00  5.212E-01
3.815463E+00  4.480E-01
3.815650E+00  3.852E-01
3.815837E+00  3.359E-01
3.816022E+00  3.005E-01
3.816206E+00  2.772E-01
3.816389E+00  2.636E-01
3.816570E+00  2.575E-01
3.816751E+00  2.569E-01
3.816930E+00  2.603E-01
3.817286E+00  2.750E-01
3.817811E+00  3.084E-01
3.818327E+00  3.505E-01
3.818665E+00  3.846E-01
3.818833E+00  4.051E-01
3.819000E+00  4.304E-01
3.819166E+00  4.663E-01
3.819330E+00  5.341E-01
3.819494E+00  7.403E-01
3.819657E+00  7.410E-01
3.819818E+00  5.381E-01
3.819979E+00  7.592E-01
3.820139E+00  4.941E-01
3.820456E+00  5.256E-01
3.821535E+00  5.980E-01
3.821686E+00  6.144E-01
3.821836E+00  6.390E-01
3.821984E+00  6.795E-01
3.822132E+00  7.534E-01
3.822279E+00  9.108E-01
3.822426E+00  1.349E+00
3.822571E+00  3.378E+00
3.822716E+00  6.685E+00
3.822859E+00  1.631E+00
3.823002E+00  8.486E-01
3.823144E+00  6.432E-01
3.823286E+00  5.577E-01
3.823426E+00  5.157E-01
3.823566E+00  5.101E-01
3.823705E+00  5.632E-01
3.823843E+00  5.592E-01
3.823980E+00  5.805E-01
3.824117E+00  5.903E-01
3.824252E+00  5.900E-01
3.825051E+00  5.406E-01
3.825311E+00  5.361E-01
3.825440E+00  5.381E-01
3.825568E+00  5.478E-01
3.825696E+00  5.735E-01
3.825823E+00  5.395E-01
3.826447E+00  5.742E-01
3.827054E+00  6.253E-01
3.827645E+00  6.950E-01
3.828106E+00  7.738E-01
3.828445E+00  8.598E-01
3.828669E+00  9.429E-01
3.828779E+00  9.974E-01
3.828890E+00  1.064E+00
3.829217E+00  1.320E+00
3.829325E+00  1.370E+00
3.829432E+00  1.402E+00
3.829539E+00  1.471E+00
3.829645E+00  1.627E+00
3.829751E+00  1.958E+00
3.829856E+00  2.879E+00
3.829960E+00  9.354E+00
3.830064E+00  7.938E+00
3.830168E+00  1.479E+00
3.830271E+00  9.518E-01
3.830373E+00  7.496E-01
3.830475E+00  6.635E-01
3.830576E+00  3.263E+00
3.830677E+00  8.958E-01
3.830778E+00  1.108E+00
3.830877E+00  1.427E+00
3.830977E+00  1.400E+00
3.831076E+00  8.619E-01
3.831174E+00  4.731E-01
3.831272E+00  3.485E-01
3.831369E+00  3.694E-01
3.831466E+00  4.903E-01
3.831562E+00  7.004E-01
3.831658E+00  7.975E-01
3.831753E+00  5.515E-01
3.831848E+00  3.536E-01
3.831943E+00  2.833E-01
3.832036E+00  2.695E-01
3.832130E+00  2.783E-01
3.832223E+00  2.969E-01
3.832408E+00  3.477E-01
3.832590E+00  4.112E-01
3.832681E+00  4.495E-01
3.832771E+00  4.974E-01
3.832861E+00  5.744E-01
3.832950E+00  8.177E-01
3.833039E+00  6.263E-01
3.833128E+00  5.117E-01
3.833391E+00  5.624E-01
3.833564E+00  6.006E-01
3.833650E+00  6.274E-01
3.833735E+00  6.717E-01
3.833820E+00  7.630E-01
3.833905E+00  1.013E+00
3.833989E+00  2.164E+00
3.834073E+00  6.361E+00
3.834156E+00  1.418E+00
3.834240E+00  7.680E-01
3.834322E+00  6.132E-01
3.834404E+00  5.487E-01
3.834486E+00  5.116E-01
3.834568E+00  4.893E-01
3.834649E+00  4.800E-01
3.834730E+00  4.820E-01
3.834810E+00  4.929E-01
3.834890E+00  5.108E-01
3.834969E+00  5.389E-01
3.835049E+00  6.482E-01
3.835127E+00  5.633E-01
3.835284E+00  5.875E-01
3.835362E+00  5.946E-01
3.835516E+00  5.912E-01
3.835820E+00  5.675E-01
3.836045E+00  5.700E-01
3.836339E+00  5.962E-01
3.836412E+00  6.074E-01
3.836484E+00  6.379E-01
3.836556E+00  7.726E-01
3.836628E+00  6.521E-01
3.836700E+00  6.546E-01
3.836982E+00  7.057E-01
3.837260E+00  7.791E-01
3.837465E+00  8.558E-01
3.837600E+00  9.266E-01
3.837733E+00  1.021E+00
3.837800E+00  1.082E+00
3.837866E+00  1.157E+00
3.837998E+00  1.347E+00
3.838063E+00  1.445E+00
3.838128E+00  1.527E+00
3.838193E+00  1.677E+00
3.838257E+00  1.554E+00
3.838321E+00  1.667E+00
3.838385E+00  2.017E+00
3.838449E+00  2.926E+00
3.838512E+00  8.858E+00
3.838575E+00  1.018E+01
3.838638E+00  1.702E+00
3.838700E+00  1.024E+00
3.838762E+00  8.132E-01
3.838824E+00  7.740E-01
3.838886E+00  8.681E-01
3.838947E+00  1.074E+00
3.839008E+00  1.365E+00
3.839069E+00  1.636E+00
3.839130E+00  1.597E+00
3.839190E+00  1.117E+00
3.839250E+00  6.608E-01
3.839310E+00  5.365E-01
3.839369E+00  6.831E-01
3.839429E+00  7.249E-01
3.839488E+00  5.272E-01
3.839547E+00  3.703E-01
3.839605E+00  2.967E-01
3.839663E+00  2.714E-01
3.839721E+00  2.727E-01
3.839779E+00  2.935E-01
3.839837E+00  3.531E-01
3.839894E+00  6.960E-01
3.839951E+00  4.247E-01
3.840008E+00  3.820E-01
3.840064E+00  3.997E-01
3.840177E+00  4.587E-01
3.840288E+00  5.189E-01
3.840399E+00  5.618E-01
3.840617E+00  6.121E-01
3.840671E+00  6.318E-01
3.840725E+00  6.690E-01
3.840779E+00  7.578E-01
3.840832E+00  1.050E+00
3.840885E+00  2.940E+00
3.840938E+00  3.056E+00
3.840991E+00  9.255E-01
3.841043E+00  6.407E-01
3.841095E+00  5.534E-01
3.841147E+00  5.120E-01
3.841199E+00  4.900E-01
3.841251E+00  4.814E-01
3.841302E+00  4.831E-01
3.841353E+00  4.934E-01
3.841404E+00  5.135E-01
3.841455E+00  5.703E-01
3.841506E+00  5.678E-01
3.841556E+00  5.436E-01
3.841706E+00  5.955E-01
3.841805E+00  6.151E-01
3.841903E+00  6.118E-01
3.842048E+00  5.940E-01
3.842192E+00  5.949E-01
3.842335E+00  6.146E-01
3.842428E+00  6.391E-01
3.842475E+00  6.764E-01
3.842521E+00  9.647E-01
3.842568E+00  6.946E-01
3.842614E+00  6.908E-01
3.842751E+00  7.307E-01
3.842887E+00  7.874E-01
3.843021E+00  8.622E-01
3.843109E+00  9.294E-01
3.843197E+00  1.018E+00
3.843284E+00  1.138E+00
3.843327E+00  1.217E+00
3.843370E+00  1.315E+00
3.843413E+00  1.434E+00
3.843456E+00  1.635E+00
3.843499E+00  1.488E+00
3.843541E+00  1.544E+00
3.843583E+00  1.637E+00
3.843625E+00  1.808E+00
3.843667E+00  2.157E+00
3.843709E+00  3.090E+00
3.843751E+00  8.671E+00
3.843792E+00  1.276E+01
3.843834E+00  1.968E+00
3.843875E+00  1.151E+00
3.843916E+00  9.035E-01
3.843957E+00  8.446E-01
3.843998E+00  9.324E-01
3.844038E+00  1.139E+00
3.844078E+00  1.428E+00
3.844119E+00  1.699E+00
3.844159E+00  1.726E+00
3.844199E+00  1.356E+00
3.844239E+00  8.648E-01
3.844278E+00  6.150E-01
3.844318E+00  6.968E-01
3.844357E+00  6.927E-01
3.844396E+00  5.011E-01
3.844435E+00  4.036E-01
3.844474E+00  5.127E-01
3.844513E+00  3.373E-01
3.844552E+00  2.905E-01
3.844590E+00  2.886E-01
3.844628E+00  3.010E-01
3.844667E+00  3.206E-01
3.844705E+00  3.449E-01
3.844780E+00  4.036E-01
3.844930E+00  5.364E-01
3.844967E+00  5.624E-01
3.845004E+00  5.818E-01
3.845150E+00  6.237E-01
3.845187E+00  6.418E-01
3.845223E+00  6.819E-01
3.845259E+00  7.927E-01
3.845295E+00  1.245E+00
3.845330E+00  4.804E+00
3.845366E+00  1.560E+00
3.845402E+00  7.400E-01
3.845437E+00  5.837E-01
3.845472E+00  5.261E-01
3.845507E+00  4.988E-01
3.845542E+00  4.885E-01
3.845577E+00  4.920E-01
3.845612E+00  5.141E-01
3.845646E+00  5.968E-01
3.845681E+00  5.175E-01
3.845715E+00  5.145E-01
3.845885E+00  6.049E-01
3.845952E+00  6.272E-01
3.846019E+00  6.266E-01
3.846151E+00  6.074E-01
3.846248E+00  6.170E-01
3.846313E+00  6.349E-01
3.846345E+00  6.491E-01
3.846377E+00  6.810E-01
3.846409E+00  1.098E+00
3.846441E+00  7.194E-01
3.846472E+00  7.032E-01
3.846535E+00  7.268E-01
3.846660E+00  8.030E-01
3.846752E+00  8.819E-01
3.846813E+00  9.526E-01
3.846874E+00  1.046E+00
3.846934E+00  1.171E+00
3.846964E+00  1.254E+00
3.846994E+00  1.358E+00
3.847024E+00  1.505E+00
3.847054E+00  2.204E+00
3.847083E+00  1.525E+00
3.847142E+00  1.688E+00
3.847171E+00  1.855E+00
3.847200E+00  2.193E+00
3.847229E+00  3.057E+00
3.847258E+00  7.518E+00
3.847287E+00  1.850E+01
3.847316E+00  2.336E+00
3.847344E+00  1.284E+00
3.847373E+00  9.866E-01
3.847402E+00  8.922E-01
3.847430E+00  9.525E-01
3.847458E+00  1.144E+00
3.847514E+00  1.722E+00
3.847542E+00  1.814E+00
3.847570E+00  1.522E+00
3.847598E+00  1.024E+00
3.847626E+00  6.712E-01
3.847653E+00  6.625E-01
3.847681E+00  7.389E-01
3.847708E+00  5.939E-01
3.847736E+00  4.113E-01
3.847763E+00  3.236E-01
3.847790E+00  2.881E-01
3.847817E+00  2.791E-01
3.847844E+00  2.847E-01
3.847871E+00  2.992E-01
3.847898E+00  3.196E-01
3.847925E+00  3.443E-01
3.847978E+00  4.039E-01
3.848083E+00  5.424E-01
3.848109E+00  5.709E-01
3.848135E+00  5.923E-01
3.848187E+00  6.157E-01
3.848238E+00  6.301E-01
3.848264E+00  6.444E-01
3.848290E+00  6.782E-01
3.848315E+00  7.743E-01
3.848340E+00  1.162E+00
3.848366E+00  4.228E+00
3.848391E+00  1.614E+00
3.848416E+00  7.425E-01
3.848441E+00  5.836E-01
3.848466E+00  5.282E-01
3.848491E+00  5.066E-01
3.848516E+00  5.093E-01
3.848540E+00  5.562E-01
3.848565E+00  5.177E-01
3.848589E+00  4.871E-01
3.848614E+00  4.984E-01
3.848711E+00  5.701E-01
3.848783E+00  6.218E-01
3.848831E+00  6.365E-01
3.848948E+00  6.166E-01
3.849018E+00  6.256E-01
3.849064E+00  6.453E-01
3.849087E+00  6.639E-01
3.849110E+00  7.378E-01
3.849133E+00  8.883E-01
3.849156E+00  7.100E-01
3.849178E+00  7.107E-01
3.849246E+00  7.568E-01
3.849313E+00  8.208E-01
3.849379E+00  9.062E-01
3.849423E+00  9.835E-01
3.849467E+00  1.085E+00
3.849489E+00  1.148E+00
3.849510E+00  1.223E+00
3.849532E+00  1.317E+00
3.849553E+00  1.440E+00
3.849575E+00  1.756E+00
3.849596E+00  1.502E+00
3.849639E+00  1.657E+00
3.849660E+00  1.770E+00
3.849681E+00  1.983E+00
3.849702E+00  2.433E+00
3.849723E+00  3.761E+00
3.849744E+00  1.390E+01
3.849765E+00  7.678E+00
3.849786E+00  1.890E+00
3.849806E+00  1.216E+00
3.849827E+00  9.829E-01
3.849848E+00  9.247E-01
3.849868E+00  1.016E+00
3.849889E+00  1.237E+00
3.849909E+00  1.545E+00
3.849930E+00  1.823E+00
3.849950E+00  1.836E+00
3.849970E+00  1.449E+00
3.849990E+00  8.974E-01
3.850010E+00  5.604E-01
3.850030E+00  7.085E-01
3.850050E+00  7.122E-01
3.850066E+00  5.593E-01
3.860046E+00  1.179E+00
3.910046E+00  1.210E+00
3.960046E+00  1.277E+00
4.010046E+00  1.315E+00
4.060046E+00  1.334E+00
4.160046E+00  1.333E+00
4.260046E+00  1.281E+00
4.510046E+00  1.083E+00
4.710046E+00  9.571E-01
4.860046E+00  8.745E-01
5.110046E+00  7.647E-01
5.310046E+00  6.886E-01
5.610046E+00  5.921E-01
5.910046E+00  5.127E-01
6.260046E+00  4.367E-01
6.610046E+00  3.757E-01
6.910046E+00  3.316E-01
7.360045E+00  2.772E-01
7.760045E+00  2.391E-01
8.210045E+00  2.032E-01
8.810045E+00  1.662E-01
9.310045E+00  1.422E-01
9.810045E+00  1.219E-01
1.031302E+01  1.052E-01
1.084178E+01  9.081E-02
1.139765E+01  7.838E-02
1.198203E+01  6.765E-02
1.259636E+01  5.839E-02
1.324219E+01  5.039E-02
1.392114E+01  4.349E-02
1.463489E+01  3.754E-02
1.538524E+01  3.240E-02
1.617406E+01  2.797E-02
1.700333E+01  2.414E-02
1.787511E+01  2.083E-02
1.879159E+01  1.798E-02
1.975506E+01  1.552E-02
2.076793E+01  1.339E-02
2.183273E+01  1.156E-02
2.295212E+01  9.978E-03
2.412890E+01  8.612E-03
2.536602E+01  7.433E-03
2.666657E+01  6.416E-03
2.803380E+01  5.537E-03
2.947113E+01  4.779E-03
3.098215E+01  4.125E-03
3.257065E+01  3.560E-03
3.424059E+01  3.073E-03
3.599615E+01  2.652E-03
3.784172E+01  2.289E-03
3.978191E+01  1.976E-03
