# photon energy(Ry), cross section(Mb)
1.112608E-01  1.843E+01
1.132608E-01  1.735E+01
1.152608E-01  1.635E+01
1.172608E-01  1.542E+01
1.192608E-01  1.456E+01
1.212608E-01  1.375E+01
1.232608E-01  1.300E+01
1.252608E-01  1.230E+01
1.272608E-01  1.165E+01
1.292608E-01  1.104E+01
1.312608E-01  1.047E+01
1.332608E-01  9.937E+00
1.352608E-01  9.436E+00
1.372608E-01  8.965E+00
1.392608E-01  8.523E+00
1.412608E-01  8.108E+00
1.432608E-01  7.717E+00
1.452608E-01  7.348E+00
1.472608E-01  7.001E+00
1.492608E-01  6.674E+00
1.512608E-01  6.365E+00
1.532608E-01  6.074E+00
1.552608E-01  5.798E+00
1.572608E-01  5.537E+00
1.592608E-01  5.291E+00
1.612608E-01  5.058E+00
1.632608E-01  4.837E+00
1.652608E-01  4.627E+00
1.672608E-01  4.429E+00
1.692608E-01  4.241E+00
1.712608E-01  4.062E+00
1.732608E-01  3.893E+00
1.752608E-01  3.732E+00
1.772608E-01  3.579E+00
1.792608E-01  3.434E+00
1.812608E-01  3.296E+00
1.832608E-01  3.165E+00
1.852608E-01  3.040E+00
1.872608E-01  2.921E+00
1.892608E-01  2.808E+00
1.912608E-01  2.701E+00
1.932608E-01  2.598E+00
1.952608E-01  2.501E+00
1.972608E-01  2.408E+00
1.992608E-01  2.319E+00
2.012608E-01  2.234E+00
2.032608E-01  2.154E+00
2.052608E-01  2.077E+00
2.072608E-01  2.003E+00
2.092608E-01  1.933E+00
2.112608E-01  1.866E+00
2.132608E-01  1.802E+00
2.152608E-01  1.741E+00
2.172608E-01  1.682E+00
2.192608E-01  1.626E+00
2.212608E-01  1.572E+00
2.232608E-01  1.521E+00
2.252608E-01  1.472E+00
2.272608E-01  1.424E+00
2.292608E-01  1.379E+00
2.312608E-01  1.336E+00
2.332608E-01  1.294E+00
2.352608E-01  1.254E+00
2.372608E-01  1.216E+00
2.392608E-01  1.179E+00
2.412608E-01  1.143E+00
2.432608E-01  1.109E+00
2.452608E-01  1.076E+00
2.472608E-01  1.045E+00
2.492608E-01  1.014E+00
2.512608E-01  9.852E-01
2.532608E-01  9.569E-01
2.552608E-01  9.297E-01
2.572608E-01  9.034E-01
2.592608E-01  8.780E-01
2.612608E-01  8.535E-01
2.632608E-01  8.298E-01
2.652608E-01  8.070E-01
2.672608E-01  7.848E-01
2.692608E-01  7.634E-01
2.712608E-01  7.427E-01
2.732608E-01  7.227E-01
2.752608E-01  7.033E-01
2.772608E-01  6.845E-01
2.792608E-01  6.663E-01
2.812608E-01  6.487E-01
2.832608E-01  6.316E-01
2.852608E-01  6.150E-01
2.872608E-01  5.989E-01
2.892608E-01  5.833E-01
2.912608E-01  5.681E-01
2.932608E-01  5.534E-01
2.952608E-01  5.391E-01
2.972608E-01  5.253E-01
2.992608E-01  5.118E-01
3.012608E-01  4.987E-01
3.032608E-01  4.860E-01
3.052608E-01  4.737E-01
3.072608E-01  4.617E-01
3.092608E-01  4.500E-01
3.112608E-01  4.387E-01
3.132608E-01  4.277E-01
3.152608E-01  4.169E-01
3.172608E-01  4.065E-01
3.192608E-01  3.964E-01
3.212608E-01  3.866E-01
3.232608E-01  3.770E-01
3.252608E-01  3.677E-01
3.272608E-01  3.587E-01
3.292608E-01  3.499E-01
3.312608E-01  3.414E-01
3.332608E-01  3.331E-01
3.352608E-01  3.251E-01
3.372608E-01  3.172E-01
3.392608E-01  3.096E-01
3.412608E-01  3.022E-01
3.432608E-01  2.950E-01
3.452608E-01  2.880E-01
3.472608E-01  2.813E-01
3.492608E-01  2.747E-01
3.512608E-01  2.683E-01
3.532608E-01  2.620E-01
3.552608E-01  2.560E-01
3.572608E-01  2.501E-01
3.592608E-01  2.444E-01
3.612608E-01  2.389E-01
3.632608E-01  2.335E-01
3.652608E-01  2.283E-01
3.672608E-01  2.232E-01
3.692608E-01  2.183E-01
3.712608E-01  2.135E-01
3.732608E-01  2.089E-01
3.752608E-01  2.043E-01
3.772608E-01  2.000E-01
3.792608E-01  1.957E-01
3.812608E-01  1.916E-01
3.832608E-01  1.876E-01
3.852608E-01  1.837E-01
3.872608E-01  1.799E-01
3.892608E-01  1.762E-01
3.912608E-01  1.726E-01
3.932608E-01  1.692E-01
3.952608E-01  1.658E-01
3.972608E-01  1.625E-01
3.992608E-01  1.593E-01
4.012608E-01  1.562E-01
4.032608E-01  1.532E-01
4.052608E-01  1.503E-01
4.072608E-01  1.475E-01
4.092608E-01  1.447E-01
4.112608E-01  1.420E-01
4.132608E-01  1.394E-01
4.152608E-01  1.368E-01
4.172608E-01  1.343E-01
4.192608E-01  1.319E-01
4.212608E-01  1.296E-01
4.232608E-01  1.273E-01
4.252608E-01  1.250E-01
4.272608E-01  1.228E-01
4.292608E-01  1.207E-01
4.312608E-01  1.186E-01
4.332608E-01  1.166E-01
4.352608E-01  1.146E-01
4.372608E-01  1.127E-01
4.392608E-01  1.108E-01
4.412608E-01  1.089E-01
4.432608E-01  1.071E-01
4.452608E-01  1.053E-01
4.472608E-01  1.036E-01
4.492608E-01  1.019E-01
4.512608E-01  1.002E-01
4.532608E-01  9.862E-02
4.552608E-01  9.702E-02
4.572608E-01  9.545E-02
4.592608E-01  9.392E-02
4.612608E-01  9.241E-02
4.632608E-01  9.093E-02
4.652608E-01  8.947E-02
4.672608E-01  8.805E-02
4.692608E-01  8.664E-02
4.712608E-01  8.526E-02
4.732608E-01  8.391E-02
4.752608E-01  8.257E-02
4.772608E-01  8.126E-02
4.792608E-01  7.997E-02
4.812608E-01  7.870E-02
4.832608E-01  7.745E-02
4.852608E-01  7.622E-02
4.872608E-01  7.500E-02
4.892608E-01  7.381E-02
4.912608E-01  7.263E-02
4.932608E-01  7.147E-02
4.952608E-01  7.033E-02
4.972608E-01  6.920E-02
4.992608E-01  6.809E-02
5.012608E-01  6.699E-02
5.032608E-01  6.592E-02
5.052608E-01  6.485E-02
5.072608E-01  6.380E-02
5.092608E-01  6.277E-02
5.112608E-01  6.175E-02
5.132608E-01  6.075E-02
5.152608E-01  5.976E-02
5.172608E-01  5.878E-02
5.192608E-01  5.782E-02
5.212608E-01  5.687E-02
5.232608E-01  5.594E-02
5.252608E-01  5.502E-02
5.272608E-01  5.411E-02
5.292608E-01  5.322E-02
5.312608E-01  5.234E-02
5.332608E-01  5.147E-02
5.352608E-01  5.062E-02
5.372608E-01  4.978E-02
5.392608E-01  4.895E-02
5.412608E-01  4.814E-02
5.432608E-01  4.734E-02
5.452608E-01  4.655E-02
5.472608E-01  4.578E-02
5.492608E-01  4.502E-02
5.512608E-01  4.427E-02
5.532608E-01  4.353E-02
5.552608E-01  4.281E-02
5.572608E-01  4.210E-02
5.592608E-01  4.140E-02
5.612608E-01  4.071E-02
5.632608E-01  4.004E-02
5.652608E-01  3.938E-02
5.672608E-01  3.873E-02
5.692608E-01  3.810E-02
5.712608E-01  3.747E-02
5.732608E-01  3.686E-02
5.752608E-01  3.626E-02
5.772608E-01  3.567E-02
5.792608E-01  3.509E-02
5.812608E-01  3.453E-02
5.832608E-01  3.398E-02
5.852608E-01  3.343E-02
5.872608E-01  3.290E-02
5.892608E-01  3.238E-02
5.912608E-01  3.187E-02
5.932608E-01  3.138E-02
5.952608E-01  3.089E-02
5.972608E-01  3.041E-02
5.992608E-01  2.995E-02
6.012608E-01  2.949E-02
6.032608E-01  2.904E-02
6.052608E-01  2.861E-02
6.072608E-01  2.818E-02
6.092608E-01  2.777E-02
6.112608E-01  2.736E-02
6.132608E-01  2.696E-02
6.152608E-01  2.657E-02
6.172608E-01  2.620E-02
6.192608E-01  2.583E-02
6.212608E-01  2.546E-02
6.232608E-01  2.511E-02
6.252608E-01  2.477E-02
6.272608E-01  2.443E-02
6.292608E-01  2.410E-02
6.312608E-01  2.378E-02
6.332608E-01  2.347E-02
6.352608E-01  2.316E-02
6.372608E-01  2.286E-02
6.392608E-01  2.257E-02
6.412608E-01  2.229E-02
6.432608E-01  2.201E-02
6.452608E-01  2.174E-02
6.472608E-01  2.147E-02
6.492608E-01  2.121E-02
6.512608E-01  2.096E-02
6.532608E-01  2.071E-02
6.552608E-01  2.047E-02
6.572608E-01  2.024E-02
6.592608E-01  2.001E-02
6.612608E-01  1.978E-02
6.632608E-01  1.956E-02
6.652608E-01  1.934E-02
6.672608E-01  1.913E-02
6.692608E-01  1.892E-02
6.712608E-01  1.872E-02
6.732608E-01  1.852E-02
6.752608E-01  1.833E-02
6.772608E-01  1.814E-02
6.792608E-01  1.795E-02
6.812608E-01  1.777E-02
6.832608E-01  1.759E-02
6.852608E-01  1.741E-02
6.872608E-01  1.723E-02
6.892608E-01  1.706E-02
6.912608E-01  1.689E-02
6.932608E-01  1.673E-02
6.952608E-01  1.657E-02
6.972608E-01  1.640E-02
6.992608E-01  1.625E-02
7.012608E-01  1.609E-02
7.032608E-01  1.593E-02
7.052608E-01  1.578E-02
7.072608E-01  1.563E-02
7.092608E-01  1.548E-02
7.112608E-01  1.533E-02
7.132608E-01  1.519E-02
7.152608E-01  1.504E-02
7.172608E-01  1.490E-02
7.192608E-01  1.476E-02
7.212608E-01  1.462E-02
7.232608E-01  1.448E-02
7.252608E-01  1.434E-02
7.272608E-01  1.420E-02
7.292608E-01  1.406E-02
7.312608E-01  1.393E-02
7.332608E-01  1.379E-02
7.352608E-01  1.366E-02
7.372608E-01  1.352E-02
7.392608E-01  1.339E-02
7.412608E-01  1.326E-02
7.432608E-01  1.313E-02
7.452608E-01  1.300E-02
7.472608E-01  1.286E-02
7.492608E-01  1.273E-02
7.512608E-01  1.260E-02
7.532608E-01  1.247E-02
7.552608E-01  1.234E-02
7.572608E-01  1.222E-02
7.592608E-01  1.209E-02
7.612608E-01  1.196E-02
7.632608E-01  1.183E-02
7.652608E-01  1.170E-02
7.672608E-01  1.158E-02
7.692608E-01  1.145E-02
7.712608E-01  1.133E-02
7.732608E-01  1.120E-02
7.752608E-01  1.107E-02
7.772608E-01  1.095E-02
7.792608E-01  1.083E-02
7.812608E-01  1.070E-02
7.832608E-01  1.058E-02
7.852608E-01  1.046E-02
7.872608E-01  1.033E-02
7.892608E-01  1.021E-02
7.912608E-01  1.009E-02
7.932608E-01  9.969E-03
7.952608E-01  9.849E-03
7.972608E-01  9.730E-03
7.992608E-01  9.611E-03
8.012608E-01  9.493E-03
8.032608E-01  9.376E-03
8.052608E-01  9.259E-03
8.072608E-01  9.143E-03
8.092608E-01  9.029E-03
8.112608E-01  8.914E-03
8.132608E-01  8.801E-03
8.152608E-01  8.689E-03
8.172608E-01  8.577E-03
8.192608E-01  8.467E-03
8.212608E-01  8.357E-03
8.232608E-01  8.249E-03
8.252608E-01  8.141E-03
8.272608E-01  8.035E-03
8.292608E-01  7.930E-03
8.312608E-01  7.825E-03
8.332608E-01  7.722E-03
8.352608E-01  7.620E-03
8.372608E-01  7.520E-03
8.392608E-01  7.420E-03
8.412608E-01  7.322E-03
8.432608E-01  7.224E-03
8.452608E-01  7.129E-03
8.472608E-01  7.034E-03
8.492608E-01  6.940E-03
8.512608E-01  6.848E-03
8.532608E-01  6.758E-03
8.552608E-01  6.668E-03
8.572608E-01  6.580E-03
8.592608E-01  6.493E-03
8.612608E-01  6.408E-03
8.632608E-01  6.323E-03
8.652608E-01  6.241E-03
8.672608E-01  6.159E-03
8.692608E-01  6.079E-03
8.712608E-01  6.000E-03
8.732608E-01  5.923E-03
8.752608E-01  5.847E-03
8.772608E-01  5.773E-03
8.792608E-01  5.699E-03
8.812608E-01  5.628E-03
8.832608E-01  5.557E-03
8.852608E-01  5.488E-03
8.872608E-01  5.420E-03
8.892608E-01  5.354E-03
8.912608E-01  5.289E-03
8.932608E-01  5.225E-03
8.952608E-01  5.162E-03
8.972608E-01  5.101E-03
8.992608E-01  5.041E-03
9.012608E-01  4.983E-03
9.032608E-01  4.926E-03
9.052608E-01  4.870E-03
9.072608E-01  4.815E-03
9.092608E-01  4.762E-03
9.112608E-01  4.709E-03
9.132608E-01  4.658E-03
9.152608E-01  4.609E-03
9.172608E-01  4.560E-03
9.192608E-01  4.513E-03
9.212608E-01  4.466E-03
9.232608E-01  4.421E-03
9.252608E-01  4.377E-03
9.272608E-01  4.334E-03
9.292608E-01  4.292E-03
9.312608E-01  4.252E-03
9.332608E-01  4.212E-03
9.352608E-01  4.173E-03
9.372608E-01  4.135E-03
9.392608E-01  4.099E-03
9.412608E-01  4.063E-03
9.432608E-01  4.028E-03
9.452608E-01  3.994E-03
9.472608E-01  3.961E-03
9.492608E-01  3.929E-03
9.512608E-01  3.898E-03
9.532608E-01  3.867E-03
9.552608E-01  3.838E-03
9.572608E-01  3.809E-03
9.592608E-01  3.781E-03
9.612608E-01  3.754E-03
9.632608E-01  3.727E-03
9.652608E-01  3.701E-03
9.672608E-01  3.676E-03
9.692608E-01  3.651E-03
9.712608E-01  3.627E-03
9.732608E-01  3.604E-03
9.752608E-01  3.581E-03
9.772608E-01  3.559E-03
9.792608E-01  3.537E-03
9.812608E-01  3.516E-03
9.832608E-01  3.496E-03
9.852608E-01  3.475E-03
9.872608E-01  3.456E-03
9.892608E-01  3.436E-03
9.912608E-01  3.417E-03
9.932608E-01  3.399E-03
9.952608E-01  3.380E-03
9.972608E-01  3.363E-03
9.992608E-01  3.345E-03
1.001261E+00  3.328E-03
1.003261E+00  3.311E-03
1.005261E+00  3.294E-03
1.007261E+00  3.277E-03
1.009261E+00  3.261E-03
1.011261E+00  3.245E-03
1.013261E+00  3.229E-03
1.015261E+00  3.213E-03
1.017261E+00  3.197E-03
1.019261E+00  3.181E-03
1.021261E+00  3.166E-03
1.023261E+00  3.150E-03
1.025261E+00  3.135E-03
1.027261E+00  3.119E-03
1.029261E+00  3.104E-03
1.031261E+00  3.089E-03
1.033261E+00  3.073E-03
1.035261E+00  3.058E-03
1.037261E+00  3.042E-03
1.039261E+00  3.027E-03
1.041261E+00  3.011E-03
1.043261E+00  2.995E-03
1.045261E+00  2.979E-03
1.047261E+00  2.964E-03
1.049261E+00  2.947E-03
1.051261E+00  2.931E-03
1.053261E+00  2.915E-03
1.055261E+00  2.899E-03
1.057261E+00  2.882E-03
1.059261E+00  2.865E-03
1.061261E+00  2.848E-03
1.063261E+00  2.831E-03
1.065261E+00  2.814E-03
1.067261E+00  2.797E-03
1.069261E+00  2.779E-03
1.071261E+00  2.761E-03
1.073261E+00  2.743E-03
1.075261E+00  2.725E-03
1.077261E+00  2.707E-03
1.079261E+00  2.688E-03
1.081261E+00  2.670E-03
1.083261E+00  2.651E-03
1.085261E+00  2.632E-03
1.087261E+00  2.612E-03
1.089261E+00  2.593E-03
1.091261E+00  2.573E-03
1.093261E+00  2.553E-03
1.095261E+00  2.533E-03
1.097261E+00  2.513E-03
1.099261E+00  2.493E-03
1.101261E+00  2.472E-03
1.103261E+00  2.452E-03
1.105261E+00  2.431E-03
1.107261E+00  2.410E-03
1.109261E+00  2.389E-03
1.111261E+00  2.368E-03
1.113261E+00  2.347E-03
1.115261E+00  2.325E-03
1.117261E+00  2.304E-03
1.119261E+00  2.282E-03
1.121261E+00  2.260E-03
1.123261E+00  2.238E-03
1.125261E+00  2.217E-03
1.127261E+00  2.195E-03
1.129261E+00  2.173E-03
1.131261E+00  2.151E-03
1.133261E+00  2.129E-03
1.135261E+00  2.107E-03
1.137261E+00  2.085E-03
1.139261E+00  2.063E-03
1.141261E+00  2.041E-03
1.143261E+00  2.019E-03
1.145261E+00  1.997E-03
1.147261E+00  1.975E-03
1.149261E+00  1.953E-03
1.151261E+00  1.931E-03
1.153261E+00  1.909E-03
1.155261E+00  1.887E-03
1.157261E+00  1.866E-03
1.159261E+00  1.844E-03
1.161261E+00  1.823E-03
1.163261E+00  1.802E-03
1.165261E+00  1.780E-03
1.167261E+00  1.759E-03
1.169261E+00  1.738E-03
1.171261E+00  1.718E-03
1.173261E+00  1.697E-03
1.175261E+00  1.677E-03
1.177261E+00  1.656E-03
1.179261E+00  1.636E-03
1.181261E+00  1.616E-03
1.183261E+00  1.596E-03
1.185261E+00  1.577E-03
1.187261E+00  1.558E-03
1.189261E+00  1.538E-03
1.191261E+00  1.519E-03
1.193261E+00  1.501E-03
1.195261E+00  1.482E-03
1.197261E+00  1.464E-03
1.199261E+00  1.446E-03
1.201261E+00  1.428E-03
1.203261E+00  1.410E-03
1.205261E+00  1.393E-03
1.207261E+00  1.376E-03
1.209261E+00  1.359E-03
1.211261E+00  1.342E-03
1.213261E+00  1.326E-03
1.215261E+00  1.310E-03
1.217261E+00  1.294E-03
1.219261E+00  1.278E-03
1.221261E+00  1.263E-03
1.223261E+00  1.248E-03
1.225261E+00  1.233E-03
1.227261E+00  1.219E-03
1.229261E+00  1.204E-03
1.231261E+00  1.190E-03
1.233261E+00  1.177E-03
1.235261E+00  1.163E-03
1.237261E+00  1.150E-03
1.239261E+00  1.137E-03
1.241261E+00  1.124E-03
1.243261E+00  1.112E-03
1.245261E+00  1.099E-03
1.247261E+00  1.087E-03
1.249261E+00  1.076E-03
1.251261E+00  1.064E-03
1.253261E+00  1.053E-03
1.255261E+00  1.042E-03
1.257261E+00  1.032E-03
1.259261E+00  1.021E-03
1.261261E+00  1.011E-03
1.263261E+00  1.001E-03
1.265261E+00  9.917E-04
1.267261E+00  9.824E-04
1.269261E+00  9.732E-04
1.271261E+00  9.643E-04
1.273261E+00  9.557E-04
1.275261E+00  9.473E-04
1.277261E+00  9.391E-04
1.279261E+00  9.312E-04
1.281261E+00  9.235E-04
1.283261E+00  9.160E-04
1.285261E+00  9.088E-04
1.287261E+00  9.018E-04
1.289261E+00  8.950E-04
1.291261E+00  8.884E-04
1.293261E+00  8.820E-04
1.295261E+00  8.759E-04
1.297261E+00  8.699E-04
1.299261E+00  8.642E-04
1.301261E+00  8.587E-04
1.303261E+00  8.533E-04
1.305261E+00  8.482E-04
1.307261E+00  8.433E-04
1.309261E+00  8.385E-04
1.311261E+00  8.340E-04
1.313261E+00  8.296E-04
1.315261E+00  8.254E-04
1.317261E+00  8.214E-04
1.319261E+00  8.175E-04
1.321261E+00  8.138E-04
1.323261E+00  8.103E-04
1.325261E+00  8.070E-04
1.327261E+00  8.037E-04
1.329261E+00  8.007E-04
1.331261E+00  7.978E-04
1.333261E+00  7.950E-04
1.335261E+00  7.924E-04
1.337261E+00  7.899E-04
1.339261E+00  7.875E-04
1.341261E+00  7.853E-04
1.343261E+00  7.832E-04
1.345261E+00  7.812E-04
1.347261E+00  7.793E-04
1.349261E+00  7.775E-04
1.351261E+00  7.758E-04
1.353261E+00  7.742E-04
1.355261E+00  7.728E-04
1.357261E+00  7.713E-04
1.359261E+00  7.700E-04
1.361261E+00  7.688E-04
1.363261E+00  7.676E-04
1.365261E+00  7.665E-04
1.367261E+00  7.654E-04
1.369261E+00  7.644E-04
1.371261E+00  7.635E-04
1.373261E+00  7.626E-04
1.375261E+00  7.617E-04
1.377261E+00  7.609E-04
1.379261E+00  7.601E-04
1.381261E+00  7.593E-04
1.383261E+00  7.586E-04
1.385261E+00  7.579E-04
1.387261E+00  7.572E-04
1.389261E+00  7.564E-04
1.391261E+00  7.557E-04
1.393261E+00  7.550E-04
1.395261E+00  7.543E-04
1.397261E+00  7.535E-04
1.399261E+00  7.528E-04
1.401261E+00  7.520E-04
1.403261E+00  7.512E-04
1.405261E+00  7.503E-04
1.407261E+00  7.495E-04
1.409261E+00  7.485E-04
1.411261E+00  7.476E-04
1.413261E+00  7.466E-04
1.415261E+00  7.455E-04
1.417261E+00  7.444E-04
1.419261E+00  7.432E-04
1.421261E+00  7.419E-04
1.423261E+00  7.406E-04
1.425261E+00  7.392E-04
1.427261E+00  7.378E-04
1.429261E+00  7.363E-04
1.431261E+00  7.346E-04
1.433261E+00  7.330E-04
1.435261E+00  7.312E-04
1.437261E+00  7.293E-04
1.439261E+00  7.274E-04
1.441261E+00  7.253E-04
1.443261E+00  7.232E-04
1.445261E+00  7.210E-04
1.447261E+00  7.187E-04
1.449261E+00  7.162E-04
1.451261E+00  7.137E-04
1.453261E+00  7.111E-04
1.455261E+00  7.084E-04
1.457261E+00  7.056E-04
1.459261E+00  7.027E-04
1.461261E+00  6.997E-04
1.463261E+00  6.966E-04
1.465261E+00  6.934E-04
1.467261E+00  6.901E-04
1.469261E+00  6.867E-04
1.471261E+00  6.832E-04
1.473261E+00  6.796E-04
1.475261E+00  6.759E-04
1.477261E+00  6.721E-04
1.479261E+00  6.682E-04
1.481261E+00  6.642E-04
1.483261E+00  6.602E-04
1.485261E+00  6.560E-04
1.487261E+00  6.518E-04
1.489261E+00  6.474E-04
1.491261E+00  6.430E-04
1.493261E+00  6.385E-04
1.495261E+00  6.339E-04
1.497261E+00  6.293E-04
1.499261E+00  6.246E-04
1.501261E+00  6.198E-04
1.503261E+00  6.149E-04
1.505261E+00  6.100E-04
1.507261E+00  6.050E-04
1.509261E+00  5.999E-04
1.511261E+00  5.948E-04
1.513261E+00  5.897E-04
1.515261E+00  5.845E-04
1.517261E+00  5.792E-04
1.519261E+00  5.739E-04
1.521261E+00  5.685E-04
1.523261E+00  5.632E-04
1.525261E+00  5.577E-04
1.527261E+00  5.523E-04
1.529261E+00  5.468E-04
1.531261E+00  5.413E-04
1.533261E+00  5.358E-04
1.535261E+00  5.302E-04
1.537261E+00  5.247E-04
1.539261E+00  5.191E-04
1.541261E+00  5.135E-04
1.543261E+00  5.079E-04
1.545261E+00  5.023E-04
1.547261E+00  4.967E-04
1.549261E+00  4.912E-04
1.551261E+00  4.856E-04
1.553261E+00  4.800E-04
1.555261E+00  4.744E-04
1.557261E+00  4.689E-04
1.559261E+00  4.634E-04
1.561261E+00  4.579E-04
1.563261E+00  4.524E-04
1.565261E+00  4.469E-04
1.567261E+00  4.415E-04
1.569261E+00  4.361E-04
1.571261E+00  4.307E-04
1.573261E+00  4.254E-04
1.575261E+00  4.201E-04
1.577261E+00  4.148E-04
1.579261E+00  4.096E-04
1.581261E+00  4.045E-04
1.583261E+00  3.993E-04
1.585261E+00  3.942E-04
1.587261E+00  3.892E-04
1.589261E+00  3.842E-04
1.591261E+00  3.793E-04
1.593261E+00  3.744E-04
1.595261E+00  3.696E-04
1.597261E+00  3.648E-04
1.599261E+00  3.601E-04
1.601261E+00  3.554E-04
1.603261E+00  3.508E-04
1.605261E+00  3.463E-04
1.607261E+00  3.418E-04
1.609261E+00  3.374E-04
1.611261E+00  3.330E-04
1.613261E+00  3.288E-04
1.615261E+00  3.245E-04
1.617261E+00  3.203E-04
1.619261E+00  3.162E-04
1.621261E+00  3.122E-04
1.623261E+00  3.082E-04
1.625261E+00  3.043E-04
1.627261E+00  3.004E-04
1.629261E+00  2.967E-04
1.631261E+00  2.929E-04
1.633261E+00  2.893E-04
1.635261E+00  2.857E-04
1.637261E+00  2.822E-04
1.639261E+00  2.787E-04
1.641261E+00  2.753E-04
1.643261E+00  2.720E-04
1.645261E+00  2.687E-04
1.647261E+00  2.655E-04
1.649261E+00  2.623E-04
1.651261E+00  2.593E-04
1.653261E+00  2.562E-04
1.655261E+00  2.533E-04
1.657261E+00  2.504E-04
1.659261E+00  2.476E-04
1.661261E+00  2.448E-04
1.663261E+00  2.421E-04
1.665261E+00  2.395E-04
1.667261E+00  2.369E-04
1.669261E+00  2.344E-04
1.671261E+00  2.319E-04
1.673261E+00  2.295E-04
1.675261E+00  2.272E-04
1.677261E+00  2.249E-04
1.679261E+00  2.227E-04
1.681261E+00  2.205E-04
1.683261E+00  2.184E-04
1.685261E+00  2.164E-04
1.687261E+00  2.144E-04
1.689261E+00  2.125E-04
1.691261E+00  2.106E-04
1.693261E+00  2.088E-04
1.695261E+00  2.070E-04
1.697261E+00  2.053E-04
1.699261E+00  2.037E-04
1.701261E+00  2.021E-04
1.703261E+00  2.006E-04
1.705261E+00  1.991E-04
1.707261E+00  1.977E-04
1.709261E+00  1.963E-04
1.711261E+00  1.950E-04
1.713261E+00  1.937E-04
1.715261E+00  1.925E-04
1.717261E+00  1.913E-04
1.719261E+00  1.902E-04
1.721261E+00  1.892E-04
1.723261E+00  1.882E-04
1.725261E+00  1.872E-04
1.727261E+00  1.863E-04
1.729261E+00  1.855E-04
1.731261E+00  1.847E-04
1.733261E+00  1.839E-04
1.735261E+00  1.832E-04
1.737261E+00  1.825E-04
1.739261E+00  1.819E-04
1.741261E+00  1.814E-04
1.743261E+00  1.809E-04
1.745261E+00  1.804E-04
1.747261E+00  1.800E-04
1.749261E+00  1.796E-04
1.751261E+00  1.793E-04
1.753261E+00  1.790E-04
1.755261E+00  1.787E-04
1.757261E+00  1.785E-04
1.759261E+00  1.784E-04
1.761261E+00  1.782E-04
1.763261E+00  1.782E-04
1.765261E+00  1.781E-04
1.767261E+00  1.781E-04
1.769261E+00  1.781E-04
1.771261E+00  1.782E-04
1.773261E+00  1.783E-04
1.775261E+00  1.784E-04
1.777261E+00  1.786E-04
1.779261E+00  1.788E-04
1.781261E+00  1.790E-04
1.783261E+00  1.793E-04
1.785261E+00  1.796E-04
1.787261E+00  1.799E-04
1.789261E+00  1.802E-04
1.791261E+00  1.806E-04
1.793261E+00  1.810E-04
1.795261E+00  1.814E-04
1.797261E+00  1.818E-04
1.799261E+00  1.822E-04
1.801261E+00  1.827E-04
1.803261E+00  1.832E-04
1.805261E+00  1.837E-04
1.807261E+00  1.842E-04
1.809261E+00  1.847E-04
1.811261E+00  1.852E-04
1.813261E+00  1.858E-04
1.815261E+00  1.863E-04
1.817261E+00  1.869E-04
1.819261E+00  1.874E-04
1.821261E+00  1.880E-04
1.823261E+00  1.885E-04
1.825261E+00  1.891E-04
1.827261E+00  1.896E-04
1.829261E+00  1.902E-04
1.831261E+00  1.907E-04
1.833261E+00  1.913E-04
1.835261E+00  1.918E-04
1.837261E+00  1.923E-04
1.839261E+00  1.928E-04
1.841261E+00  1.933E-04
1.843261E+00  1.938E-04
1.845261E+00  1.942E-04
1.847261E+00  1.947E-04
1.849261E+00  1.951E-04
1.851261E+00  1.955E-04
1.853261E+00  1.959E-04
1.855261E+00  1.962E-04
1.857261E+00  1.966E-04
1.859261E+00  1.969E-04
1.861261E+00  1.971E-04
1.863261E+00  1.974E-04
1.865261E+00  1.976E-04
1.867261E+00  1.978E-04
1.869261E+00  1.980E-04
1.871261E+00  1.981E-04
1.873261E+00  1.982E-04
1.875261E+00  1.982E-04
1.877261E+00  1.983E-04
1.879261E+00  1.983E-04
1.881261E+00  1.982E-04
1.883261E+00  1.981E-04
1.885261E+00  1.980E-04
1.887261E+00  1.978E-04
1.889261E+00  1.976E-04
1.891261E+00  1.974E-04
1.893261E+00  1.971E-04
1.895261E+00  1.968E-04
1.897261E+00  1.964E-04
1.899261E+00  1.960E-04
1.901261E+00  1.955E-04
1.903261E+00  1.951E-04
1.905261E+00  1.945E-04
1.907261E+00  1.940E-04
1.909261E+00  1.933E-04
1.911261E+00  1.927E-04
1.913261E+00  1.920E-04
1.915261E+00  1.913E-04
1.917261E+00  1.905E-04
1.919261E+00  1.897E-04
1.921261E+00  1.888E-04
1.923261E+00  1.879E-04
1.925261E+00  1.870E-04
1.927261E+00  1.860E-04
1.929261E+00  1.850E-04
1.931261E+00  1.840E-04
1.933261E+00  1.829E-04
1.935261E+00  1.818E-04
1.937261E+00  1.806E-04
1.939261E+00  1.794E-04
1.941261E+00  1.782E-04
1.943261E+00  1.770E-04
1.945261E+00  1.757E-04
1.947261E+00  1.744E-04
1.949261E+00  1.730E-04
1.951261E+00  1.717E-04
1.953261E+00  1.703E-04
1.955261E+00  1.689E-04
1.957261E+00  1.674E-04
1.959261E+00  1.660E-04
1.961261E+00  1.645E-04
1.963261E+00  1.630E-04
1.965261E+00  1.615E-04
1.967261E+00  1.599E-04
1.969261E+00  1.583E-04
1.971261E+00  1.568E-04
1.973261E+00  1.552E-04
1.975261E+00  1.536E-04
1.977261E+00  1.520E-04
1.979261E+00  1.503E-04
1.981261E+00  1.487E-04
1.983261E+00  1.470E-04
1.985261E+00  1.454E-04
1.987261E+00  1.437E-04
1.989261E+00  1.421E-04
1.991261E+00  1.404E-04
1.993261E+00  1.387E-04
1.995261E+00  1.370E-04
1.997261E+00  1.354E-04
1.999261E+00  1.337E-04
2.001261E+00  1.320E-04
2.003261E+00  1.304E-04
2.005261E+00  1.287E-04
2.007261E+00  1.270E-04
2.009261E+00  1.254E-04
2.011261E+00  1.237E-04
2.013261E+00  1.221E-04
2.015261E+00  1.205E-04
2.017261E+00  1.189E-04
2.019261E+00  1.172E-04
2.021261E+00  1.157E-04
2.023261E+00  1.141E-04
2.025261E+00  1.125E-04
2.027261E+00  1.109E-04
2.029261E+00  1.094E-04
2.031261E+00  1.079E-04
2.033261E+00  1.063E-04
2.035261E+00  1.048E-04
2.037261E+00  1.034E-04
2.039261E+00  1.019E-04
2.041261E+00  1.005E-04
2.043261E+00  9.902E-05
2.045261E+00  9.761E-05
2.047261E+00  9.621E-05
2.049261E+00  9.484E-05
2.051261E+00  9.348E-05
2.053261E+00  9.214E-05
2.055261E+00  9.082E-05
2.057261E+00  8.952E-05
2.059261E+00  8.824E-05
2.061261E+00  8.698E-05
2.063261E+00  8.574E-05
2.065261E+00  8.451E-05
2.067261E+00  8.331E-05
2.069261E+00  8.213E-05
2.071261E+00  8.097E-05
2.073261E+00  7.982E-05
2.075261E+00  7.870E-05
2.077261E+00  7.759E-05
2.079261E+00  7.651E-05
2.081261E+00  7.544E-05
2.083261E+00  7.439E-05
2.085261E+00  7.336E-05
2.087261E+00  7.235E-05
2.089261E+00  7.135E-05
2.091261E+00  7.037E-05
2.093261E+00  6.941E-05
2.095261E+00  6.847E-05
2.097261E+00  6.754E-05
2.099261E+00  6.663E-05
2.101261E+00  6.574E-05
2.103261E+00  6.486E-05
2.105261E+00  6.400E-05
2.107261E+00  6.315E-05
2.109261E+00  6.232E-05
2.121261E+00  5.762E-05
2.140663E+00  5.094E-05
2.159500E+00  4.536E-05
2.177794E+00  4.067E-05
2.195566E+00  3.681E-05
2.212835E+00  3.375E-05
2.229620E+00  3.154E-05
2.245939E+00  3.015E-05
2.261809E+00  2.957E-05
2.277246E+00  2.968E-05
2.292266E+00  3.035E-05
2.348466E+00  3.481E-05
2.361612E+00  3.549E-05
2.374420E+00  3.574E-05
2.386904E+00  3.548E-05
2.399073E+00  3.471E-05
2.410938E+00  3.343E-05
2.422508E+00  3.167E-05
2.433795E+00  2.951E-05
2.444806E+00  2.700E-05
2.455551E+00  2.422E-05
2.476275E+00  1.819E-05
2.505567E+00  8.938E-06
2.514882E+00  6.114E-06
2.523983E+00  3.655E-06
2.532878E+00  1.917E-06
2.541572E+00  1.695E-06
2.550072E+00  4.922E-06
2.558383E+00  1.683E-05
2.566510E+00  5.413E-05
2.574460E+00  1.873E-04
2.582237E+00  9.417E-04
2.589846E+00  4.481E-02
2.597292E+00  4.071E-03
2.604580E+00  1.057E-03
2.611714E+00  5.593E-04
2.618698E+00  3.816E-04
2.625536E+00  2.957E-04
2.632234E+00  2.472E-04
2.638794E+00  2.169E-04
2.645219E+00  1.968E-04
2.651515E+00  1.829E-04
2.657684E+00  1.730E-04
2.663730E+00  1.658E-04
2.675464E+00  1.569E-04
2.692219E+00  1.512E-04
2.713096E+00  1.511E-04
2.732451E+00  1.559E-04
2.750428E+00  1.645E-04
2.767155E+00  1.768E-04
2.782746E+00  1.936E-04
2.797300E+00  2.158E-04
2.807591E+00  2.369E-04
2.817383E+00  2.627E-04
2.826710E+00  2.942E-04
2.835599E+00  3.325E-04
2.844078E+00  3.794E-04
2.852172E+00  4.369E-04
2.859904E+00  5.075E-04
2.867295E+00  5.948E-04
2.872042E+00  6.646E-04
2.876653E+00  7.457E-04
2.881131E+00  8.404E-04
2.885482E+00  9.515E-04
2.889711E+00  1.083E-03
2.893822E+00  1.239E-03
2.897820E+00  1.426E-03
2.901709E+00  1.654E-03
2.905492E+00  1.934E-03
2.907346E+00  2.099E-03
2.909174E+00  2.284E-03
2.910978E+00  2.492E-03
2.912758E+00  2.730E-03
2.914514E+00  3.001E-03
2.916247E+00  3.313E-03
2.917957E+00  3.676E-03
2.919645E+00  4.103E-03
2.921311E+00  4.609E-03
2.922955E+00  5.219E-03
2.924578E+00  5.965E-03
2.926181E+00  6.896E-03
2.927762E+00  8.085E-03
2.929323E+00  9.645E-03
2.930865E+00  1.176E-02
2.932387E+00  1.477E-02
2.933890E+00  1.930E-02
2.935374E+00  2.663E-02
2.936839E+00  3.990E-02
2.938286E+00  6.832E-02
2.939716E+00  1.503E-01
2.941127E+00  6.274E-01
2.942522E+00  3.325E+01
2.943899E+00  3.820E-01
2.945259E+00  9.926E-02
2.946603E+00  4.302E-02
2.947931E+00  2.303E-02
2.949242E+00  1.377E-02
2.950538E+00  9.820E-03
2.951819E+00  2.126E-02
2.953084E+00  3.028E+00
2.954334E+00  1.450E-01
2.955569E+00  5.826E-02
2.956790E+00  4.161E-02
2.957997E+00  3.616E-02
2.959189E+00  3.463E-02
2.960368E+00  3.517E-02
2.961533E+00  3.716E-02
2.962684E+00  4.045E-02
2.963823E+00  4.510E-02
2.964948E+00  5.133E-02
2.966060E+00  5.956E-02
2.967160E+00  7.042E-02
2.968248E+00  8.492E-02
2.969323E+00  1.046E-01
2.970386E+00  1.321E-01
2.971437E+00  1.718E-01
2.972476E+00  2.318E-01
2.973504E+00  3.279E-01
2.974520E+00  4.955E-01
2.975526E+00  8.254E-01
2.976520E+00  1.615E+00
2.977503E+00  4.344E+00
2.978476E+00  3.113E+01
2.979438E+00  7.541E+01
2.980390E+00  6.183E+00
2.981331E+00  2.146E+00
2.982262E+00  1.093E+00
2.983183E+00  6.681E-01
2.984095E+00  4.541E-01
2.984997E+00  3.310E-01
2.985889E+00  2.536E-01
2.986771E+00  2.017E-01
2.987645E+00  1.650E-01
2.988509E+00  1.381E-01
2.989365E+00  1.178E-01
2.990211E+00  1.021E-01
2.991048E+00  8.958E-02
2.991877E+00  7.952E-02
2.992698E+00  7.128E-02
2.993510E+00  6.445E-02
2.994313E+00  5.871E-02
2.995109E+00  5.385E-02
2.995896E+00  4.969E-02
2.997447E+00  4.298E-02
2.998967E+00  3.787E-02
3.000456E+00  3.389E-02
3.002636E+00  2.943E-02
3.004751E+00  2.624E-02
3.006806E+00  2.400E-02
3.008801E+00  2.262E-02
3.010100E+00  2.229E-02
3.010740E+00  2.244E-02
3.011375E+00  2.299E-02
3.012003E+00  2.439E-02
3.012625E+00  2.819E-02
3.013241E+00  4.469E-02
3.013852E+00  3.087E+00
3.014457E+00  2.776E-02
3.015056E+00  1.679E-02
3.015650E+00  1.575E-02
3.016238E+00  1.564E-02
3.018538E+00  1.615E-02
3.020208E+00  1.703E-02
3.021297E+00  1.817E-02
3.021834E+00  1.907E-02
3.022366E+00  2.036E-02
3.022894E+00  2.231E-02
3.023416E+00  2.547E-02
3.023935E+00  3.124E-02
3.024448E+00  4.389E-02
3.024957E+00  8.303E-02
3.025462E+00  3.854E-01
3.025962E+00  1.524E+00
3.026458E+00  9.473E-02
3.026950E+00  3.715E-02
3.027437E+00  2.423E-02
3.027920E+00  1.974E-02
3.028399E+00  1.792E-02
3.028874E+00  1.722E-02
3.029344E+00  1.711E-02
3.029811E+00  1.744E-02
3.030274E+00  1.826E-02
3.030733E+00  2.001E-02
3.031187E+00  2.457E-02
3.031639E+00  4.568E-02
3.032086E+00  1.339E+00
3.032529E+00  1.044E-01
3.032969E+00  4.198E-02
3.033405E+00  3.317E-02
3.033838E+00  3.129E-02
3.034267E+00  3.162E-02
3.034692E+00  3.314E-02
3.035114E+00  3.560E-02
3.035532E+00  3.907E-02
3.035947E+00  4.377E-02
3.036358E+00  5.019E-02
3.036767E+00  5.916E-02
3.037171E+00  7.219E-02
3.037573E+00  9.225E-02
3.037971E+00  1.258E-01
3.038366E+00  1.896E-01
3.038758E+00  3.384E-01
3.039147E+00  8.597E-01
3.039532E+00  7.496E+00
3.039915E+00  5.266E+00
3.040294E+00  5.598E-01
3.040671E+00  1.795E-01
3.041044E+00  8.010E-02
3.041415E+00  4.177E-02
3.041782E+00  2.375E-02
3.042147E+00  1.419E-02
3.042509E+00  8.715E-03
3.042868E+00  5.402E-03
3.043224E+00  3.327E-03
3.043577E+00  2.000E-03
3.043928E+00  1.145E-03
3.044276E+00  6.001E-04
3.044621E+00  2.667E-04
3.044964E+00  8.324E-05
3.045304E+00  1.209E-05
3.045641E+00  3.224E-05
3.045976E+00  1.367E-04
3.046308E+00  3.346E-04
3.046638E+00  6.609E-04
3.046965E+00  1.209E-03
3.047289E+00  2.240E-03
3.047612E+00  4.706E-03
3.047931E+00  1.471E-02
3.048249E+00  5.134E-01
3.048564E+00  2.096E-02
3.048877E+00  2.991E-03
3.049187E+00  7.560E-04
3.049495E+00  1.930E-04
3.049801E+00  3.411E-05
3.050104E+00  1.209E-05
3.050405E+00  4.585E-05
3.050704E+00  1.050E-04
3.051001E+00  1.765E-04
3.051296E+00  2.543E-04
3.051879E+00  4.188E-04
3.052453E+00  5.914E-04
3.052737E+00  6.827E-04
3.053019E+00  7.818E-04
3.053299E+00  8.989E-04
3.053577E+00  1.071E-03
3.053853E+00  1.565E-03
3.054127E+00  3.140E-01
3.054399E+00  1.119E-03
3.054669E+00  1.095E-03
3.055468E+00  1.345E-03
3.056507E+00  1.708E-03
3.057267E+00  2.027E-03
3.057766E+00  2.291E-03
3.058012E+00  2.451E-03
3.058257E+00  2.641E-03
3.058500E+00  2.876E-03
3.058741E+00  3.183E-03
3.058981E+00  3.615E-03
3.059219E+00  4.291E-03
3.059456E+00  5.520E-03
3.059691E+00  8.365E-03
3.059924E+00  1.889E-02
3.060156E+00  2.129E-01
3.060386E+00  5.910E-02
3.060615E+00  1.079E-02
3.060842E+00  5.724E-03
3.061067E+00  4.407E-03
3.061291E+00  3.982E-03
3.061514E+00  3.879E-03
3.061735E+00  3.931E-03
3.061955E+00  4.083E-03
3.062173E+00  4.326E-03
3.062390E+00  4.689E-03
3.062605E+00  5.280E-03
3.062819E+00  6.471E-03
3.063031E+00  1.014E-02
3.063242E+00  4.252E-02
3.063452E+00  1.765E-01
3.063660E+00  1.899E-02
3.063867E+00  1.177E-02
3.064073E+00  1.038E-02
3.064277E+00  1.033E-02
3.064480E+00  1.087E-02
3.064681E+00  1.182E-02
3.064882E+00  1.319E-02
3.065081E+00  1.507E-02
3.065279E+00  1.766E-02
3.065475E+00  2.131E-02
3.065670E+00  2.667E-02
3.065864E+00  3.504E-02
3.066057E+00  4.931E-02
3.066249E+00  7.711E-02
3.066439E+00  1.447E-01
3.066628E+00  4.013E-01
3.066816E+00  5.146E+00
3.067003E+00  1.551E+00
3.067188E+00  2.144E-01
3.067373E+00  7.492E-02
3.067556E+00  3.551E-02
3.067738E+00  1.957E-02
3.067919E+00  1.177E-02
3.068099E+00  7.478E-03
3.068277E+00  4.925E-03
3.068455E+00  3.319E-03
3.068631E+00  2.265E-03
3.068807E+00  1.554E-03
3.068981E+00  1.063E-03
3.069154E+00  7.185E-04
3.069327E+00  4.758E-04
3.069498E+00  3.045E-04
3.069668E+00  1.847E-04
3.069837E+00  1.029E-04
3.070005E+00  4.988E-05
3.070172E+00  1.998E-05
3.070338E+00  1.110E-05
3.070503E+00  2.969E-05
3.070667E+00  1.351E-04
3.070830E+00  5.444E-03
3.070992E+00  1.063E-04
3.071153E+00  4.956E-06
3.071313E+00  1.462E-05
3.071472E+00  3.621E-05
3.071631E+00  6.120E-05
3.071944E+00  1.133E-04
3.072100E+00  1.358E-04
3.072254E+00  1.407E-04
3.072408E+00  7.616E-04
3.072560E+00  3.045E-04
3.072712E+00  3.169E-04
3.072863E+00  3.459E-04
3.073013E+00  4.241E-04
3.073162E+00  4.726E-04
3.073310E+00  4.520E-04
3.073458E+00  4.810E-04
3.074038E+00  6.223E-04
3.074746E+00  8.173E-04
3.075434E+00  1.037E-03
3.075970E+00  1.241E-03
3.076364E+00  1.421E-03
3.076752E+00  1.641E-03
3.077007E+00  1.826E-03
3.077133E+00  1.939E-03
3.077259E+00  2.075E-03
3.077384E+00  2.251E-03
3.077508E+00  2.513E-03
3.077632E+00  3.032E-03
3.077755E+00  5.218E-03
3.077877E+00  3.339E-02
3.077999E+00  2.484E-03
3.078120E+00  2.438E-03
3.078240E+00  2.658E-03
3.078359E+00  2.938E-03
3.078478E+00  3.285E-03
3.078597E+00  3.750E-03
3.078714E+00  4.438E-03
3.078832E+00  5.622E-03
3.078948E+00  8.170E-03
3.079064E+00  1.632E-02
3.079179E+00  8.878E-02
3.079294E+00  2.945E-01
3.079407E+00  2.531E-02
3.079521E+00  1.222E-02
3.079634E+00  9.278E-03
3.079746E+00  8.510E-03
3.079857E+00  8.563E-03
3.079968E+00  9.085E-03
3.080079E+00  9.990E-03
3.080188E+00  1.131E-02
3.080298E+00  1.316E-02
3.080406E+00  1.577E-02
3.080514E+00  1.956E-02
3.080622E+00  2.534E-02
3.080729E+00  3.486E-02
3.080835E+00  5.228E-02
3.080941E+00  9.015E-02
3.081046E+00  2.023E-01
3.081151E+00  9.130E-01
3.081255E+00  2.235E+01
3.081359E+00  4.197E-01
3.081462E+00  1.134E-01
3.081564E+00  4.951E-02
3.081666E+00  2.665E-02
3.081768E+00  1.613E-02
3.081869E+00  1.054E-02
3.081969E+00  7.261E-03
3.082069E+00  5.212E-03
3.082169E+00  3.870E-03
3.082268E+00  2.965E-03
3.082366E+00  2.348E-03
3.082464E+00  1.935E-03
3.082562E+00  1.689E-03
3.082659E+00  1.625E-03
3.082755E+00  1.901E-03
3.082851E+00  3.787E-03
3.082947E+00  3.784E+01
3.083042E+00  8.153E-04
3.083136E+00  1.069E-04
3.083230E+00  3.360E-05
3.083324E+00  1.889E-05
3.083417E+00  1.459E-05
3.083509E+00  1.295E-05
3.083602E+00  1.206E-05
3.083693E+00  1.095E-05
3.083785E+00  8.809E-06
3.083876E+00  5.627E-06
3.083966E+00  7.958E-06
3.084056E+00  8.988E-05
3.084145E+00  3.137E-03
3.084234E+00  3.839E-03
3.084323E+00  1.006E-03
3.084411E+00  1.208E-03
3.084499E+00  5.523E-04
3.084586E+00  4.872E-04
3.084673E+00  4.684E-04
3.084760E+00  4.657E-04
3.084846E+00  4.719E-04
3.085016E+00  4.993E-04
3.085270E+00  5.612E-04
3.085601E+00  6.666E-04
3.085927E+00  7.936E-04
3.086246E+00  9.451E-04
3.086482E+00  1.081E-03
3.086714E+00  1.245E-03
3.086867E+00  1.379E-03
3.087019E+00  1.548E-03
3.087094E+00  1.656E-03
3.087169E+00  1.794E-03
3.087244E+00  1.998E-03
3.087318E+00  2.426E-03
3.087392E+00  5.277E-03
3.087465E+00  2.832E-03
3.087539E+00  1.902E-03
3.087611E+00  2.087E-03
3.087684E+00  2.320E-03
3.087756E+00  2.596E-03
3.087828E+00  2.951E-03
3.087900E+00  3.451E-03
3.087971E+00  4.249E-03
3.088042E+00  5.766E-03
3.088112E+00  9.589E-03
3.088183E+00  2.651E-02
3.088253E+00  1.001E+00
3.088322E+00  5.585E-02
3.088391E+00  1.496E-02
3.088460E+00  9.171E-03
3.088529E+00  7.620E-03
3.088597E+00  7.289E-03
3.088666E+00  7.518E-03
3.088733E+00  8.125E-03
3.088801E+00  9.087E-03
3.088868E+00  1.047E-02
3.088935E+00  1.243E-02
3.089001E+00  1.525E-02
3.089067E+00  1.950E-02
3.089133E+00  2.632E-02
3.089199E+00  3.832E-02
3.089264E+00  6.273E-02
3.089330E+00  1.264E-01
3.089394E+00  4.073E-01
3.089459E+00  1.572E+01
3.089523E+00  7.596E-01
3.089587E+00  1.454E-01
3.089651E+00  5.710E-02
3.089714E+00  2.935E-02
3.089777E+00  1.739E-02
3.089840E+00  1.127E-02
3.089902E+00  7.780E-03
3.089965E+00  5.635E-03
3.090027E+00  4.252E-03
3.090088E+00  3.338E-03
3.090150E+00  2.736E-03
3.090211E+00  2.369E-03
3.090272E+00  2.228E-03
3.090333E+00  2.425E-03
3.090393E+00  3.661E-03
3.090453E+00  1.934E-02
3.090513E+00  6.141E-03
3.090573E+00  3.742E-04
3.090632E+00  7.506E-05
3.090691E+00  2.881E-05
3.090750E+00  1.812E-05
3.090809E+00  1.457E-05
3.090867E+00  1.280E-05
3.090925E+00  1.156E-05
3.090983E+00  1.048E-05
3.091040E+00  9.670E-06
3.091098E+00  1.093E-05
3.091155E+00  2.404E-05
3.091212E+00  1.128E-04
3.091268E+00  1.198E-03
3.091325E+00  3.108E-02
3.091381E+00  2.789E-03
3.091437E+00  8.312E-04
3.091493E+00  5.968E-04
3.091548E+00  5.064E-04
3.091603E+00  4.658E-04
3.091658E+00  4.483E-04
3.091713E+00  4.434E-04
3.091768E+00  4.462E-04
3.091876E+00  4.657E-04
3.092037E+00  5.152E-04
3.092196E+00  5.799E-04
3.092404E+00  6.848E-04
3.092559E+00  7.781E-04
3.092711E+00  8.871E-04
3.092862E+00  1.017E-03
3.093011E+00  1.180E-03
3.093109E+00  1.321E-03
3.093158E+00  1.408E-03
3.093206E+00  1.517E-03
3.093255E+00  1.670E-03
3.093303E+00  1.947E-03
3.093351E+00  3.093E-03
3.093399E+00  5.189E-03
3.093446E+00  1.654E-03
3.093494E+00  1.799E-03
3.093541E+00  1.996E-03
3.093588E+00  2.228E-03
3.093635E+00  2.519E-03
3.093682E+00  2.921E-03
3.093728E+00  3.539E-03
3.093774E+00  4.656E-03
3.093821E+00  7.237E-03
3.093866E+00  1.664E-02
3.093912E+00  1.566E-01
3.093958E+00  1.013E-01
3.094003E+00  1.665E-02
3.094049E+00  8.962E-03
3.094094E+00  7.054E-03
3.094138E+00  6.578E-03
3.094183E+00  6.694E-03
3.094228E+00  7.178E-03
3.094272E+00  7.987E-03
3.094316E+00  9.167E-03
3.094360E+00  1.084E-02
3.094404E+00  1.326E-02
3.094448E+00  1.688E-02
3.094491E+00  2.263E-02
3.094535E+00  3.264E-02
3.094578E+00  5.261E-02
3.094621E+00  1.028E-01
3.094664E+00  3.050E-01
3.094706E+00  5.384E+00
3.094749E+00  9.391E-01
3.094791E+00  1.512E-01
3.094833E+00  5.672E-02
3.094875E+00  2.858E-02
3.094917E+00  1.677E-02
3.094959E+00  1.081E-02
3.095000E+00  7.445E-03
3.095042E+00  5.391E-03
3.095083E+00  4.073E-03
3.095124E+00  3.205E-03
3.095165E+00  2.635E-03
3.095206E+00  2.292E-03
3.095246E+00  2.166E-03
3.095287E+00  2.368E-03
3.095327E+00  3.573E-03
3.095367E+00  1.804E-02
3.095407E+00  6.750E-03
3.095447E+00  3.969E-04
3.095487E+00  7.924E-05
3.095526E+00  3.051E-05
3.095565E+00  1.949E-05
3.095605E+00  1.599E-05
3.095644E+00  1.434E-05
3.095683E+00  1.328E-05
3.095722E+00  1.259E-05
3.095760E+00  1.272E-05
3.095799E+00  1.609E-05
3.095837E+00  3.422E-05
3.095875E+00  1.370E-04
3.095913E+00  1.285E-03
3.095951E+00  5.422E-02
3.095989E+00  1.663E-03
3.096027E+00  7.866E-04
3.096064E+00  5.615E-04
3.096102E+00  4.723E-04
3.096139E+00  4.315E-04
3.096176E+00  4.131E-04
3.096213E+00  4.068E-04
3.096250E+00  4.081E-04
3.096323E+00  4.241E-04
3.096396E+00  4.511E-04
3.096504E+00  5.045E-04
3.096646E+00  5.940E-04
3.096787E+00  7.037E-04
3.096925E+00  8.388E-04
3.097027E+00  9.642E-04
3.097095E+00  1.065E-03
3.097162E+00  1.189E-03
3.097195E+00  1.265E-03
3.097229E+00  1.358E-03
3.097262E+00  1.482E-03
3.097295E+00  1.689E-03
3.097328E+00  2.354E-03
3.097361E+00  1.725E-02
3.097393E+00  1.516E-03
3.097426E+00  1.636E-03
3.097459E+00  1.812E-03
3.097491E+00  2.016E-03
3.097523E+00  2.270E-03
3.097555E+00  2.613E-03
3.097587E+00  3.130E-03
3.097619E+00  4.030E-03
3.097651E+00  5.991E-03
3.097683E+00  1.235E-02
3.097714E+00  7.058E-02
3.097746E+00  2.086E-01
3.097777E+00  1.876E-02
3.097808E+00  8.964E-03
3.097839E+00  6.742E-03
3.097870E+00  6.159E-03
3.097901E+00  6.203E-03
3.097932E+00  6.613E-03
3.097963E+00  7.331E-03
3.097994E+00  8.389E-03
3.098024E+00  9.896E-03
3.098054E+00  1.207E-02
3.098085E+00  1.530E-02
3.098115E+00  2.043E-02
3.098145E+00  2.925E-02
3.098175E+00  4.662E-02
3.098205E+00  8.913E-02
3.098235E+00  2.506E-01
3.098264E+00  3.046E+00
3.098294E+00  1.142E+00
3.098323E+00  1.571E-01
3.098353E+00  5.673E-02
3.098382E+00  2.811E-02
3.098411E+00  1.634E-02
3.098440E+00  1.048E-02
3.098469E+00  7.187E-03
3.098498E+00  5.190E-03
3.098527E+00  3.914E-03
3.098556E+00  3.075E-03
3.098584E+00  2.524E-03
3.098613E+00  2.190E-03
3.098641E+00  2.061E-03
3.098669E+00  2.236E-03
3.098697E+00  3.310E-03
3.098726E+00  1.519E-02
3.098754E+00  7.318E-03
3.098782E+00  3.901E-04
3.098809E+00  7.565E-05
3.098837E+00  2.938E-05
3.098865E+00  1.941E-05
3.098892E+00  1.641E-05
3.098920E+00  1.505E-05
3.098947E+00  1.425E-05
3.098974E+00  1.395E-05
3.099002E+00  1.476E-05
3.099029E+00  1.951E-05
3.099056E+00  4.087E-05
3.099083E+00  1.551E-04
3.099109E+00  1.501E-03
3.099136E+00  2.554E-02
3.099163E+00  1.520E-03
3.099189E+00  7.287E-04
3.099216E+00  5.213E-04
3.099242E+00  4.386E-04
3.099268E+00  4.007E-04
3.099295E+00  3.835E-04
3.099321E+00  3.776E-04
3.099347E+00  3.788E-04
3.099399E+00  3.937E-04
3.099476E+00  4.341E-04
3.099552E+00  4.881E-04
3.099628E+00  5.526E-04
3.099703E+00  6.275E-04
3.099801E+00  7.470E-04
3.099875E+00  8.562E-04
3.099947E+00  9.912E-04
3.099995E+00  1.104E-03
3.100019E+00  1.173E-03
3.100043E+00  1.255E-03
3.100066E+00  1.361E-03
3.100090E+00  1.527E-03
3.100114E+00  1.969E-03
3.100137E+00  5.001E-02
3.100161E+00  1.431E-03
3.100184E+00  1.532E-03
3.100207E+00  1.695E-03
3.100230E+00  1.882E-03
3.100254E+00  2.112E-03
3.100277E+00  2.419E-03
3.100300E+00  2.871E-03
3.100322E+00  3.638E-03
3.100345E+00  5.237E-03
3.100368E+00  1.000E-02
3.100391E+00  4.312E-02
3.100413E+00  5.917E-01
3.100436E+00  2.162E-02
3.100458E+00  9.152E-03
3.100481E+00  6.588E-03
3.100503E+00  5.904E-03
3.100525E+00  5.890E-03
3.100548E+00  6.245E-03
3.100570E+00  6.899E-03
3.100592E+00  7.873E-03
3.100614E+00  9.265E-03
3.100636E+00  1.127E-02
3.100658E+00  1.424E-02
3.100679E+00  1.893E-02
3.100701E+00  2.694E-02
3.100723E+00  4.251E-02
3.100744E+00  7.979E-02
3.100766E+00  2.145E-01
3.100787E+00  2.019E+00
3.100809E+00  1.431E+00
3.100830E+00  1.658E-01
3.100851E+00  5.765E-02
3.100873E+00  2.810E-02
3.100894E+00  1.619E-02
3.100915E+00  1.032E-02
3.100936E+00  7.049E-03
3.100957E+00  5.075E-03
3.100978E+00  3.817E-03
3.100998E+00  2.991E-03
3.101019E+00  2.450E-03
3.101040E+00  2.119E-03
3.101061E+00  1.985E-03
3.101081E+00  2.137E-03
3.101102E+00  3.120E-03
3.101122E+00  1.362E-02
3.101142E+00  7.285E-03
3.101163E+00  3.636E-04
3.101183E+00  6.872E-05
3.101203E+00  2.726E-05
3.101223E+00  1.885E-05
3.101243E+00  1.646E-05
3.101263E+00  1.539E-05
3.101281E+00  1.486E-05
3.106300E+00  6.973E-01
3.111261E+00  6.266E-01
3.119451E+00  5.321E-01
3.127461E+00  4.586E-01
3.135297E+00  3.992E-01
3.142963E+00  3.501E-01
3.150464E+00  3.095E-01
3.157805E+00  2.758E-01
3.164991E+00  2.478E-01
3.172026E+00  2.245E-01
3.178914E+00  2.048E-01
3.185659E+00  1.880E-01
3.198736E+00  1.608E-01
3.211287E+00  1.395E-01
3.223340E+00  1.228E-01
3.234921E+00  1.094E-01
3.251460E+00  9.413E-02
3.267067E+00  8.291E-02
3.281810E+00  7.447E-02
3.300232E+00  6.627E-02
3.317363E+00  6.072E-02
3.333321E+00  5.733E-02
3.348209E+00  5.596E-02
3.358731E+00  5.644E-02
3.368741E+00  5.876E-02
3.375145E+00  6.189E-02
3.378270E+00  6.419E-02
3.381345E+00  6.719E-02
3.384371E+00  7.117E-02
3.387349E+00  7.653E-02
3.390281E+00  8.396E-02
3.393166E+00  9.470E-02
3.396007E+00  1.111E-01
3.398804E+00  1.378E-01
3.401557E+00  1.862E-01
3.404268E+00  2.862E-01
3.406938E+00  5.250E-01
3.409568E+00  1.002E+00
3.412157E+00  8.769E-01
3.414708E+00  4.166E-01
3.417221E+00  2.265E-01
3.419696E+00  1.518E-01
3.422135E+00  1.186E-01
3.424538E+00  1.027E-01
3.426905E+00  9.563E-02
3.429238E+00  9.367E-02
3.431537E+00  9.544E-02
3.433803E+00  1.007E-01
3.436036E+00  1.100E-01
3.438238E+00  1.257E-01
3.440408E+00  1.533E-01
3.442547E+00  2.104E-01
3.444656E+00  3.728E-01
3.446736E+00  1.446E+00
3.448786E+00  1.258E+01
3.450808E+00  4.870E-01
3.452802E+00  2.097E-01
3.454768E+00  1.622E-01
3.456708E+00  1.571E-01
3.458621E+00  1.676E-01
3.460508E+00  1.878E-01
3.462369E+00  2.173E-01
3.464205E+00  2.580E-01
3.466017E+00  3.143E-01
3.467805E+00  3.938E-01
3.469568E+00  5.105E-01
3.471309E+00  6.906E-01
3.473026E+00  9.884E-01
3.474721E+00  1.527E+00
3.476394E+00  2.619E+00
3.478045E+00  5.097E+00
3.479675E+00  9.921E+00
3.481283E+00  1.043E+01
3.482871E+00  5.716E+00
3.484439E+00  3.154E+00
3.485987E+00  2.104E+00
3.487515E+00  1.744E+00
3.489024E+00  1.863E+00
3.490514E+00  2.718E+00
3.491985E+00  5.791E+00
3.493438E+00  1.327E+01
3.494873E+00  7.397E+00
3.496290E+00  2.867E+00
3.497689E+00  1.452E+00
3.499072E+00  8.887E-01
3.500437E+00  6.111E-01
3.501786E+00  4.534E-01
3.503119E+00  3.545E-01
3.504436E+00  2.879E-01
3.505737E+00  2.405E-01
3.507022E+00  2.055E-01
3.508292E+00  1.787E-01
3.509546E+00  1.577E-01
3.510786E+00  1.409E-01
3.512012E+00  1.272E-01
3.513223E+00  1.158E-01
3.514420E+00  1.063E-01
3.515602E+00  9.826E-02
3.517927E+00  8.546E-02
3.520199E+00  7.585E-02
3.522419E+00  6.849E-02
3.525656E+00  6.042E-02
3.528785E+00  5.490E-02
3.531811E+00  5.128E-02
3.534739E+00  4.926E-02
3.537572E+00  4.884E-02
3.539411E+00  4.960E-02
3.541210E+00  5.149E-02
3.542096E+00  5.299E-02
3.542972E+00  5.500E-02
3.543839E+00  5.764E-02
3.544697E+00  6.114E-02
3.545546E+00  6.580E-02
3.546387E+00  7.210E-02
3.547218E+00  8.085E-02
3.548041E+00  9.334E-02
3.548855E+00  1.119E-01
3.549662E+00  1.407E-01
3.550459E+00  1.873E-01
3.551249E+00  2.622E-01
3.552031E+00  3.776E-01
3.552805E+00  8.683E-01
3.553571E+00  7.563E+01
3.554329E+00  1.904E+00
3.555080E+00  5.695E-01
3.555823E+00  3.215E-01
3.556559E+00  2.422E-01
3.557288E+00  2.226E-01
3.558009E+00  2.437E-01
3.558723E+00  3.251E-01
3.559430E+00  5.830E-01
3.560131E+00  2.057E+00
3.560824E+00  1.436E+02
3.561511E+00  9.767E-01
3.562191E+00  2.313E-01
3.562865E+00  9.492E-02
3.563532E+00  5.042E-02
3.564193E+00  3.158E-02
3.564847E+00  2.238E-02
3.565495E+00  1.754E-02
3.566137E+00  1.500E-02
3.566773E+00  1.397E-02
3.567403E+00  1.439E-02
3.568027E+00  1.741E-02
3.568645E+00  2.989E-02
3.569257E+00  1.507E-01
3.569864E+00  4.509E-01
3.570465E+00  4.153E-02
3.571060E+00  1.991E-02
3.571650E+00  1.435E-02
3.572234E+00  1.215E-02
3.572813E+00  1.114E-02
3.573387E+00  1.078E-02
3.573956E+00  1.108E-02
3.574519E+00  1.268E-02
3.575077E+00  1.844E-02
3.575630E+00  4.538E-02
3.576179E+00  4.056E-01
3.576722E+00  1.110E+00
3.577260E+00  1.482E-01
3.577794E+00  7.736E-02
3.578323E+00  5.733E-02
3.578847E+00  4.952E-02
3.579366E+00  4.651E-02
3.579881E+00  4.606E-02
3.580392E+00  4.737E-02
3.580898E+00  5.020E-02
3.581399E+00  5.462E-02
3.581896E+00  6.093E-02
3.582389E+00  6.971E-02
3.582877E+00  8.192E-02
3.583362E+00  9.922E-02
3.583842E+00  1.245E-01
3.584318E+00  1.630E-01
3.584790E+00  2.253E-01
3.585257E+00  3.334E-01
3.585721E+00  5.371E-01
3.586181E+00  9.335E-01
3.586637E+00  1.489E+00
3.587089E+00  1.441E+00
3.587538E+00  9.135E-01
3.587982E+00  6.451E-01
3.588423E+00  7.355E-01
3.588860E+00  1.978E+00
3.589294E+00  3.815E+01
3.589724E+00  3.183E+00
3.590150E+00  8.906E-01
3.590573E+00  4.809E-01
3.590992E+00  3.925E-01
3.591408E+00  5.638E-01
3.591820E+00  6.749E-01
3.592229E+00  3.278E-01
3.592635E+00  1.968E-01
3.593038E+00  1.445E-01
3.593437E+00  1.203E-01
3.593833E+00  1.191E-01
3.594225E+00  4.329E-01
3.594615E+00  1.902E-01
3.595001E+00  8.713E-02
3.595385E+00  7.168E-02
3.595765E+00  6.498E-02
3.596142E+00  6.106E-02
3.596517E+00  5.859E-02
3.596888E+00  5.713E-02
3.597256E+00  5.649E-02
3.597622E+00  5.662E-02
3.597984E+00  5.755E-02
3.598344E+00  5.941E-02
3.598701E+00  6.241E-02
3.599055E+00  6.693E-02
3.599407E+00  7.364E-02
3.599755E+00  8.369E-02
3.600101E+00  9.913E-02
3.600444E+00  1.233E-01
3.600785E+00  1.592E-01
3.601123E+00  1.964E-01
3.601459E+00  2.005E-01
3.601792E+00  1.801E-01
3.602122E+00  1.783E-01
3.602450E+00  2.126E-01
3.602775E+00  3.070E-01
3.603098E+00  5.601E-01
3.603418E+00  1.559E+00
3.603737E+00  2.051E+01
3.604052E+00  6.298E+00
3.604365E+00  7.520E+00
3.604676E+00  5.083E-01
3.604985E+00  2.314E-01
3.605291E+00  1.388E-01
3.605596E+00  9.599E-02
3.605897E+00  7.379E-02
3.606197E+00  6.279E-02
3.606494E+00  6.043E-02
3.606790E+00  6.997E-02
3.607083E+00  1.136E-01
3.607374E+00  4.382E-01
3.607662E+00  3.193E+00
3.607949E+00  1.095E-01
3.608234E+00  3.326E-02
3.608516E+00  2.383E-02
3.608797E+00  5.312E-02
3.609075E+00  4.856E-01
3.609352E+00  2.335E+00
3.609626E+00  3.112E-01
3.609899E+00  1.651E+00
3.610169E+00  2.045E-01
3.610438E+00  6.819E-02
3.610705E+00  4.446E-02
3.610970E+00  3.441E-02
3.611233E+00  2.866E-02
3.611494E+00  2.485E-02
3.611753E+00  2.210E-02
3.612011E+00  2.000E-02
3.612266E+00  1.833E-02
3.612520E+00  1.695E-02
3.612773E+00  1.578E-02
3.613023E+00  1.480E-02
3.613272E+00  1.398E-02
3.613519E+00  1.340E-02
3.613764E+00  1.325E-02
3.614007E+00  1.426E-02
3.614249E+00  1.945E-02
3.614489E+00  4.956E-02
3.614728E+00  9.732E-01
3.614965E+00  3.098E-01
3.615200E+00  7.635E-02
3.615434E+00  4.395E-02
3.615666E+00  3.277E-02
3.615897E+00  2.741E-02
3.616126E+00  2.438E-02
3.616353E+00  2.253E-02
3.616579E+00  2.137E-02
3.616804E+00  2.069E-02
3.617027E+00  2.040E-02
3.617248E+00  2.048E-02
3.617468E+00  2.098E-02
3.617687E+00  2.201E-02
3.617904E+00  2.383E-02
3.618119E+00  2.688E-02
3.618333E+00  3.196E-02
3.618546E+00  4.002E-02
3.618758E+00  5.116E-02
3.618968E+00  2.606E-01
3.619176E+00  8.210E-02
3.619384E+00  1.058E-01
3.619590E+00  2.804E-01
3.619794E+00  2.053E+00
3.619997E+00  2.933E+00
3.620199E+00  4.775E-01
3.620400E+00  2.272E-01
3.620599E+00  1.750E-01
3.620797E+00  2.134E-01
3.620994E+00  4.158E-01
3.621190E+00  3.867E-01
3.621384E+00  1.843E-01
3.621577E+00  1.185E-01
3.621769E+00  9.828E-02
3.621960E+00  9.920E-02
3.622149E+00  1.249E-01
3.622337E+00  2.274E-01
3.622524E+00  1.064E+00
3.622710E+00  5.306E+00
3.622895E+00  3.249E-01
3.623078E+00  1.262E-01
3.623261E+00  7.895E-02
3.623442E+00  6.125E-02
3.623622E+00  5.338E-02
3.623801E+00  4.995E-02
3.623979E+00  4.916E-02
3.624156E+00  5.041E-02
3.624331E+00  5.381E-02
3.624506E+00  6.010E-02
3.624679E+00  7.124E-02
3.624852E+00  9.218E-02
3.625023E+00  1.382E-01
3.625194E+00  2.772E-01
3.625363E+00  1.243E+00
3.625531E+00  9.843E+00
3.625698E+00  4.335E-01
3.625865E+00  1.599E-01
3.626030E+00  1.065E-01
3.626194E+00  9.696E-02
3.626357E+00  1.070E-01
3.626520E+00  1.349E-01
3.626681E+00  1.863E-01
3.626841E+00  2.624E-01
3.627001E+00  3.221E-01
3.627159E+00  2.943E-01
3.627317E+00  2.172E-01
3.627473E+00  1.564E-01
3.627629E+00  1.221E-01
3.627783E+00  1.082E-01
3.627937E+00  1.145E-01
3.628090E+00  1.613E-01
3.628242E+00  4.250E-01
3.628393E+00  5.386E+00
3.628543E+00  2.341E-01
3.628693E+00  5.730E-02
3.628841E+00  3.407E-02
3.628989E+00  1.152E+00
3.629135E+00  6.660E-02
3.629281E+00  2.935E-02
3.629426E+00  2.152E-02
3.629570E+00  1.880E-02
3.629714E+00  1.917E-02
3.629856E+00  2.980E-02
3.629998E+00  9.225E-01
3.630139E+00  6.504E-02
3.630279E+00  2.810E-02
3.630418E+00  2.265E-02
3.630557E+00  2.198E-02
3.630694E+00  2.380E-02
3.630831E+00  2.889E-02
3.630968E+00  4.162E-02
3.631103E+00  8.301E-02
3.631237E+00  4.049E-01
3.631371E+00  2.566E+00
3.631504E+00  5.892E+01
3.631637E+00  7.396E-02
3.631768E+00  3.240E-02
3.631899E+00  2.142E-02
3.632029E+00  1.671E-02
3.632159E+00  1.424E-02
3.632287E+00  1.282E-02
3.632415E+00  1.199E-02
3.632543E+00  1.160E-02
3.632669E+00  1.167E-02
3.632795E+00  1.244E-02
3.632920E+00  1.466E-02
3.633045E+00  2.075E-02
3.633168E+00  4.092E-02
3.633292E+00  1.536E-01
3.633414E+00  1.177E+01
3.633536E+00  4.245E-01
3.633657E+00  1.230E-01
3.633777E+00  7.065E-02
3.633897E+00  5.230E-02
3.634016E+00  4.412E-02
3.634135E+00  4.033E-02
3.634253E+00  3.905E-02
3.634370E+00  3.963E-02
3.634486E+00  4.202E-02
3.634602E+00  4.643E-02
3.634832E+00  5.802E-02
3.634946E+00  6.571E-02
3.635060E+00  8.413E-02
3.635173E+00  1.235E-01
3.635285E+00  2.131E-01
3.635397E+00  4.706E-01
3.635508E+00  1.663E+00
3.635618E+00  5.012E+00
3.635728E+00  1.431E+00
3.635838E+00  5.547E-01
3.635946E+00  3.201E-01
3.636055E+00  2.354E-01
3.636162E+00  2.079E-01
3.636269E+00  2.191E-01
3.636376E+00  2.873E-01
3.636482E+00  5.333E-01
3.636587E+00  2.046E+00
3.636692E+00  3.138E+00
3.636796E+00  4.797E-01
3.636900E+00  1.760E-01
3.637003E+00  9.785E-02
3.637106E+00  6.874E-02
3.637208E+00  5.665E-02
3.637310E+00  5.384E-02
3.637411E+00  6.320E-02
3.637511E+00  1.424E-01
3.637611E+00  1.131E+00
3.637711E+00  4.858E-02
3.637810E+00  3.004E-02
3.637909E+00  2.741E-02
3.638007E+00  2.756E-02
3.638104E+00  2.892E-02
3.638201E+00  3.143E-02
3.638298E+00  3.582E-02
3.638394E+00  4.504E-02
3.638490E+00  7.765E-02
3.638585E+00  9.529E-01
3.638679E+00  2.319E-01
3.638773E+00  1.032E-01
3.638867E+00  1.041E-01
3.638960E+00  1.314E-01
3.639053E+00  1.881E-01
3.639145E+00  2.929E-01
3.639237E+00  4.424E-01
3.639329E+00  4.890E-01
3.639420E+00  3.586E-01
3.639510E+00  2.346E-01
3.639600E+00  1.909E-01
3.639690E+00  2.649E-01
3.639779E+00  9.719E-02
3.639867E+00  8.871E-02
3.639956E+00  9.902E-02
3.640044E+00  1.485E-01
3.640131E+00  4.477E-01
3.640218E+00  2.088E+00
3.640304E+00  1.302E-01
3.640391E+00  3.933E-02
3.640476E+00  2.146E-02
3.640562E+00  1.562E-02
3.640646E+00  1.321E-02
3.640731E+00  1.215E-02
3.640815E+00  1.188E-02
3.640899E+00  1.259E-02
3.640982E+00  1.731E-02
3.641065E+00  1.093E+00
3.641147E+00  2.991E+01
3.641229E+00  5.248E-02
3.641311E+00  3.230E-02
3.641392E+00  3.494E-02
3.641473E+00  5.677E-02
3.641554E+00  5.677E-01
3.641634E+00  1.504E-01
3.641713E+00  3.002E+00
3.641793E+00  4.206E-01
3.641872E+00  9.064E-02
3.641950E+00  4.500E-02
3.642029E+00  3.017E-02
3.642106E+00  2.351E-02
3.642184E+00  1.998E-02
3.642261E+00  1.793E-02
3.642338E+00  1.669E-02
3.642414E+00  1.599E-02
3.642490E+00  1.569E-02
3.642566E+00  1.582E-02
3.642641E+00  1.651E-02
3.642716E+00  1.824E-02
3.642791E+00  2.236E-02
3.642865E+00  3.362E-02
3.642939E+00  7.660E-02
3.643013E+00  4.939E-01
3.643086E+00  2.846E+00
3.643159E+00  2.343E-01
3.643232E+00  1.102E-01
3.643304E+00  7.922E-02
3.643376E+00  6.921E-02
3.643448E+00  6.799E-02
3.643519E+00  7.298E-02
3.643590E+00  8.486E-02
3.643660E+00  1.059E-01
3.643731E+00  1.336E-01
3.643801E+00  1.460E-01
3.643870E+00  1.418E-01
3.643940E+00  1.618E-01
3.644009E+00  2.407E-01
3.644078E+00  4.792E-01
3.644146E+00  1.464E+00
3.644214E+00  5.642E+00
3.644282E+00  2.534E+00
3.644349E+00  6.877E-01
3.644417E+00  3.495E-01
3.644484E+00  2.325E-01
3.644550E+00  1.842E-01
3.644616E+00  1.685E-01
3.644682E+00  1.788E-01
3.644748E+00  2.287E-01
3.644814E+00  3.915E-01
3.644879E+00  1.182E+00
3.644944E+00  3.490E+00
3.645008E+00  5.671E-01
3.645072E+00  1.867E-01
3.645136E+00  9.941E-02
3.645200E+00  7.215E-02
3.645264E+00  7.999E-02
3.645327E+00  1.868E+00
3.645390E+00  5.482E-02
3.645452E+00  3.055E-02
3.645514E+00  2.624E-02
3.645577E+00  2.466E-02
3.645638E+00  2.404E-02
3.645700E+00  2.396E-02
3.645761E+00  2.429E-02
3.645822E+00  2.501E-02
3.645883E+00  2.617E-02
3.645943E+00  2.792E-02
3.646003E+00  3.057E-02
3.646063E+00  3.509E-02
3.646123E+00  4.541E-02
3.646182E+00  1.014E-01
3.646241E+00  2.007E+00
3.646300E+00  1.031E-01
3.646359E+00  8.656E-02
3.646417E+00  1.025E-01
3.646476E+00  1.396E-01
3.646533E+00  2.128E-01
3.646591E+00  3.569E-01
3.646649E+00  6.095E-01
3.646706E+00  6.393E-01
3.646763E+00  3.651E-01
3.646819E+00  2.186E-01
3.646876E+00  1.441E-01
3.646932E+00  1.066E-01
3.646988E+00  8.816E-02
3.647044E+00  8.199E-02
3.647099E+00  8.823E-02
3.647154E+00  1.195E-01
3.647209E+00  2.640E-01
3.647264E+00  2.142E+00
3.647319E+00  2.125E-01
3.647373E+00  4.874E-02
3.647427E+00  2.445E-02
3.647481E+00  1.800E-02
3.647535E+00  1.674E-02
3.647588E+00  2.096E-02
3.647641E+00  1.163E-01
3.647694E+00  8.542E-02
3.647747E+00  3.666E-02
3.647800E+00  6.191E-02
3.647852E+00  1.260E+00
3.647904E+00  2.062E-02
3.647956E+00  1.757E-02
3.648008E+00  2.496E-02
3.648059E+00  4.891E-02
3.648111E+00  1.790E-01
3.648162E+00  6.777E+01
3.648213E+00  2.689E-01
3.648263E+00  7.748E-02
3.648314E+00  4.252E-02
3.648364E+00  3.015E-02
3.648414E+00  2.440E-02
3.648464E+00  2.133E-02
3.648513E+00  1.958E-02
3.648563E+00  1.859E-02
3.648612E+00  1.810E-02
3.648661E+00  1.801E-02
3.648710E+00  1.831E-02
3.648758E+00  1.911E-02
3.648807E+00  2.074E-02
3.648855E+00  2.411E-02
3.648903E+00  3.219E-02
3.648951E+00  5.836E-02
3.648999E+00  2.260E-01
3.649046E+00  6.325E+01
3.649093E+00  3.417E-01
3.649141E+00  1.386E-01
3.649187E+00  1.008E-01
3.649234E+00  9.352E-02
3.649281E+00  1.000E-01
3.649327E+00  1.193E-01
3.649373E+00  1.552E-01
3.649419E+00  2.047E-01
3.649465E+00  2.264E-01
3.649511E+00  2.057E-01
3.649556E+00  2.113E-01
3.649601E+00  2.945E-01
3.649646E+00  5.817E-01
3.649691E+00  1.871E+00
3.649736E+00  5.956E+00
3.649781E+00  1.683E+00
3.649825E+00  6.661E-01
3.649869E+00  3.324E-01
3.649913E+00  2.219E-01
3.649957E+00  1.756E-01
3.650001E+00  1.599E-01
3.650044E+00  1.685E-01
3.650088E+00  2.137E-01
3.650131E+00  3.625E-01
3.650174E+00  1.079E+00
3.650217E+00  2.968E+00
3.650260E+00  4.960E-01
3.650302E+00  1.640E-01
3.650344E+00  8.719E-02
3.650387E+00  6.403E-02
3.650429E+00  9.492E-02
3.650471E+00  1.050E-01
3.650512E+00  3.040E-02
3.650554E+00  2.512E-02
3.650595E+00  2.321E-02
3.650636E+00  2.227E-02
3.650678E+00  2.186E-02
3.650718E+00  2.181E-02
3.650759E+00  2.207E-02
3.650800E+00  2.263E-02
3.650840E+00  2.354E-02
3.650881E+00  2.492E-02
3.650921E+00  2.709E-02
3.650961E+00  3.110E-02
3.651001E+00  4.272E-02
3.651040E+00  1.914E-01
3.651080E+00  1.896E-01
3.651119E+00  6.735E-02
3.651159E+00  6.398E-02
3.651198E+00  7.409E-02
3.651237E+00  9.505E-02
3.651275E+00  1.351E-01
3.651314E+00  2.358E-01
3.651353E+00  5.490E-01
3.651391E+00  5.416E-01
3.651429E+00  6.288E-01
3.651467E+00  4.256E-01
3.651505E+00  2.493E-01
3.651543E+00  1.588E-01
3.651581E+00  1.138E-01
3.651618E+00  9.122E-02
3.651656E+00  8.166E-02
3.651693E+00  8.295E-02
3.651730E+00  1.008E-01
3.651767E+00  1.706E-01
3.651804E+00  6.882E-01
3.651841E+00  6.320E-01
3.651877E+00  8.208E-02
3.651914E+00  3.512E-02
3.651950E+00  2.962E-02
3.651986E+00  1.097E-01
3.652022E+00  1.044E-01
3.652058E+00  6.948E+00
3.652094E+00  2.580E-02
3.652130E+00  2.267E-02
3.652165E+00  4.660E-02
3.652201E+00  1.049E-02
3.652236E+00  1.321E-02
3.652271E+00  1.831E-02
3.652306E+00  3.006E-02
3.652341E+00  6.971E-02
3.652376E+00  4.068E-01
3.652411E+00  2.524E+00
3.652445E+00  1.551E-01
3.652479E+00  6.133E-02
3.652514E+00  3.787E-02
3.652548E+00  2.859E-02
3.652582E+00  2.407E-02
3.652616E+00  2.164E-02
3.652650E+00  2.031E-02
3.652683E+00  1.964E-02
3.652717E+00  1.944E-02
3.652750E+00  1.964E-02
3.652784E+00  2.024E-02
3.652817E+00  2.137E-02
3.652850E+00  2.340E-02
3.652883E+00  2.729E-02
3.652916E+00  3.637E-02
3.652948E+00  6.660E-02
3.652981E+00  2.975E-01
3.653013E+00  6.858E+00
3.653046E+00  2.724E-01
3.653078E+00  1.371E-01
3.653110E+00  1.138E-01
3.653142E+00  1.178E-01
3.653174E+00  1.402E-01
3.653206E+00  1.848E-01
3.653238E+00  2.498E-01
3.653269E+00  2.843E-01
3.653301E+00  2.543E-01
3.653332E+00  2.454E-01
3.653363E+00  3.223E-01
3.653395E+00  6.151E-01
3.653426E+00  1.947E+00
3.653457E+00  6.143E+00
3.653487E+00  1.636E+00
3.653518E+00  7.324E-01
3.653549E+00  3.352E-01
3.653579E+00  2.205E-01
3.653610E+00  1.726E-01
3.653640E+00  1.554E-01
3.653670E+00  1.618E-01
3.653700E+00  2.026E-01
3.653730E+00  3.395E-01
3.653760E+00  9.984E-01
3.653790E+00  2.621E+00
3.653820E+00  4.409E-01
3.653849E+00  1.460E-01
3.653879E+00  7.725E-02
3.653908E+00  5.564E-02
3.653937E+00  8.187E-02
3.653966E+00  5.042E-02
3.653996E+00  2.589E-02
3.654025E+00  2.284E-02
3.654053E+00  2.147E-02
3.654082E+00  2.076E-02
3.654111E+00  2.044E-02
3.654140E+00  2.042E-02
3.654168E+00  2.067E-02
3.654196E+00  2.119E-02
3.654225E+00  2.204E-02
3.654253E+00  2.338E-02
3.654281E+00  2.573E-02
3.654309E+00  3.138E-02
3.654337E+00  6.561E-02
3.654365E+00  1.012E+00
3.654393E+00  6.449E-02
3.654420E+00  5.061E-02
3.654448E+00  5.324E-02
3.654475E+00  6.216E-02
3.654503E+00  7.852E-02
3.654530E+00  1.108E-01
3.654557E+00  2.955E-01
3.654584E+00  2.480E-01
3.654611E+00  3.727E-01
3.654638E+00  6.098E-01
3.654665E+00  6.249E-01
3.654692E+00  3.902E-01
3.654718E+00  2.289E-01
3.654745E+00  1.491E-01
3.654771E+00  1.093E-01
3.654798E+00  8.946E-02
3.654824E+00  8.177E-02
3.654850E+00  8.497E-02
3.654877E+00  1.064E-01
3.654903E+00  1.898E-01
3.654929E+00  8.695E-01
3.654980E+00  8.753E-02
3.655006E+00  7.335E-02
3.655032E+00  4.509E+01
3.655057E+00  4.016E-02
3.655083E+00  1.803E-02
3.655108E+00  1.608E-02
3.655133E+00  1.955E-02
3.655159E+00  5.795E-02
3.655184E+00  2.409E-02
3.655209E+00  1.186E-02
3.655234E+00  1.525E-02
3.655259E+00  2.300E-02
3.655283E+00  4.425E-02
3.655308E+00  1.458E-01
3.655333E+00  6.728E+00
3.655357E+00  3.567E-01
3.655382E+00  8.855E-02
3.655406E+00  4.669E-02
3.655431E+00  3.271E-02
3.655455E+00  2.647E-02
3.655479E+00  2.328E-02
3.655503E+00  2.157E-02
3.655527E+00  2.072E-02
3.655551E+00  2.042E-02
3.655575E+00  2.056E-02
3.655599E+00  2.110E-02
3.655623E+00  2.210E-02
3.655646E+00  2.375E-02
3.655670E+00  2.657E-02
3.655693E+00  3.208E-02
3.655717E+00  4.600E-02
3.655740E+00  1.045E-01
3.655763E+00  1.309E+00
3.655787E+00  7.199E-01
3.655810E+00  1.845E-01
3.655833E+00  1.315E-01
3.655856E+00  1.302E-01
3.655879E+00  1.533E-01
3.655901E+00  2.026E-01
3.655924E+00  2.780E-01
3.655947E+00  3.249E-01
3.655970E+00  2.913E-01
3.655992E+00  2.712E-01
3.656015E+00  3.417E-01
3.656037E+00  6.333E-01
3.656059E+00  1.962E+00
3.656082E+00  6.288E+00
3.656104E+00  1.686E+00
3.656126E+00  7.661E-01
3.656148E+00  3.404E-01
3.656170E+00  2.205E-01
3.656192E+00  1.707E-01
3.656214E+00  1.519E-01
3.656236E+00  1.561E-01
3.656257E+00  1.926E-01
3.656279E+00  3.168E-01
3.656301E+00  9.082E-01
3.656322E+00  2.439E+00
3.656344E+00  4.126E-01
3.656365E+00  1.351E-01
3.656386E+00  7.085E-02
3.656408E+00  5.003E-02
3.656429E+00  6.797E-02
3.656450E+00  3.571E-02
3.656471E+00  2.368E-02
3.656492E+00  2.149E-02
3.656513E+00  2.037E-02
3.656534E+00  1.976E-02
3.656555E+00  1.950E-02
3.656576E+00  1.951E-02
3.656596E+00  1.976E-02
3.656617E+00  2.028E-02
3.656637E+00  2.114E-02
3.656658E+00  2.259E-02
3.656678E+00  2.558E-02
3.656699E+00  3.645E-02
3.656719E+00  3.956E-01
3.656739E+00  9.099E-02
3.656760E+00  4.655E-02
3.656780E+00  4.404E-02
3.656800E+00  4.798E-02
3.656820E+00  5.620E-02
3.658551E+00  1.278E+00
3.666817E+00  1.253E+00
3.675110E+00  1.274E+00
3.684380E+00  1.343E+00
3.691586E+00  1.433E+00
3.697038E+00  1.540E+00
3.700957E+00  1.661E+00
3.703492E+00  1.780E+00
3.704737E+00  1.860E+00
3.705967E+00  1.965E+00
3.707183E+00  2.107E+00
3.708385E+00  2.315E+00
3.710746E+00  2.891E+00
3.711907E+00  2.832E+00
3.713054E+00  2.651E+00
3.714187E+00  2.642E+00
3.715308E+00  2.783E+00
3.716416E+00  3.040E+00
3.717512E+00  3.412E+00
3.718595E+00  3.911E+00
3.719666E+00  4.505E+00
3.720725E+00  4.998E+00
3.721772E+00  4.948E+00
3.722807E+00  4.152E+00
3.723831E+00  3.136E+00
3.724844E+00  2.397E+00
3.725845E+00  1.984E+00
3.726835E+00  1.789E+00
3.727815E+00  1.726E+00
3.728784E+00  1.742E+00
3.729743E+00  1.810E+00
3.730691E+00  1.917E+00
3.731628E+00  2.055E+00
3.732556E+00  2.221E+00
3.735281E+00  2.795E+00
3.736170E+00  2.939E+00
3.737049E+00  3.000E+00
3.737919E+00  2.945E+00
3.738781E+00  2.779E+00
3.739633E+00  2.536E+00
3.741311E+00  1.996E+00
3.742137E+00  1.759E+00
3.742954E+00  1.564E+00
3.743763E+00  1.418E+00
3.744564E+00  1.332E+00
3.745357E+00  1.331E+00
3.746142E+00  1.488E+00
3.746918E+00  2.011E+00
3.747687E+00  2.709E+00
3.748448E+00  1.850E+00
3.749202E+00  1.157E+00
3.749948E+00  8.962E-01
3.750686E+00  7.845E-01
3.751417E+00  7.286E-01
3.752141E+00  6.975E-01
3.752858E+00  6.792E-01
3.754271E+00  6.614E-01
3.757015E+00  6.555E-01
3.758347E+00  6.656E-01
3.759004E+00  6.827E-01
3.759654E+00  7.267E-01
3.760298E+00  8.555E-01
3.760937E+00  1.339E+00
3.761569E+00  4.236E+00
3.762195E+00  1.112E+01
3.762815E+00  3.893E+00
3.763429E+00  2.195E+00
3.764038E+00  1.654E+00
3.764641E+00  1.415E+00
3.765239E+00  1.288E+00
3.765831E+00  1.213E+00
3.766417E+00  1.166E+00
3.767574E+00  1.115E+00
3.769270E+00  1.089E+00
3.771460E+00  1.094E+00
3.774090E+00  1.134E+00
3.776112E+00  1.194E+00
3.777582E+00  1.267E+00
3.778542E+00  1.346E+00
3.779015E+00  1.406E+00
3.779485E+00  1.495E+00
3.779950E+00  1.666E+00
3.780411E+00  2.404E+00
3.780869E+00  3.691E+00
3.781322E+00  1.721E+00
3.781772E+00  1.873E+00
3.782218E+00  2.229E+00
3.782661E+00  3.435E+00
3.783099E+00  2.673E+01
3.783534E+00  1.676E+00
3.783965E+00  1.512E+00
3.785655E+00  1.657E+00
3.786069E+00  1.713E+00
3.786479E+00  1.804E+00
3.786886E+00  1.980E+00
3.787290E+00  2.514E+00
3.787690E+00  7.783E+00
3.788088E+00  1.512E+00
3.788482E+00  1.454E+00
3.788873E+00  1.502E+00
3.789260E+00  1.505E+00
3.789645E+00  1.449E+00
3.790026E+00  1.338E+00
3.790405E+00  1.206E+00
3.790780E+00  1.101E+00
3.791153E+00  1.050E+00
3.791522E+00  1.053E+00
3.791889E+00  1.101E+00
3.792253E+00  1.181E+00
3.792613E+00  1.286E+00
3.793679E+00  1.638E+00
3.794029E+00  1.725E+00
3.794376E+00  1.784E+00
3.795062E+00  1.836E+00
3.796403E+00  1.875E+00
3.797058E+00  1.925E+00
3.797382E+00  1.969E+00
3.797704E+00  2.049E+00
3.798023E+00  2.288E+00
3.798339E+00  5.879E+00
3.798654E+00  2.240E+00
3.798966E+00  1.926E+00
3.799275E+00  1.871E+00
3.799582E+00  1.839E+00
3.799887E+00  1.911E+00
3.800190E+00  2.166E+00
3.800491E+00  1.537E+00
3.800789E+00  1.421E+00
3.801379E+00  1.255E+00
3.801671E+00  1.188E+00
3.801961E+00  1.134E+00
3.802248E+00  1.095E+00
3.802534E+00  1.079E+00
3.802817E+00  1.093E+00
3.803098E+00  1.160E+00
3.803378E+00  1.333E+00
3.803655E+00  1.734E+00
3.803930E+00  7.097E+00
3.804204E+00  1.535E+00
3.804475E+00  1.080E+00
3.804745E+00  9.610E-01
3.805012E+00  9.190E-01
3.805278E+00  9.048E-01
3.805804E+00  9.074E-01
3.809285E+00  1.048E+00
3.809521E+00  1.063E+00
3.809755E+00  1.122E+00
3.809988E+00  1.687E+00
3.810219E+00  5.873E+00
3.810449E+00  2.020E+00
3.810677E+00  1.577E+00
3.810904E+00  1.456E+00
3.811129E+00  1.412E+00
3.811575E+00  1.396E+00
3.812232E+00  1.437E+00
3.812663E+00  1.501E+00
3.812877E+00  1.722E+00
3.813299E+00  1.636E+00
3.813508E+00  1.697E+00
3.813716E+00  1.803E+00
3.813923E+00  2.011E+00
3.814128E+00  2.675E+00
3.814332E+00  5.500E+00
3.814534E+00  2.077E+00
3.814736E+00  1.869E+00
3.814936E+00  1.990E+00
3.815134E+00  2.286E+00
3.815332E+00  3.093E+00
3.815528E+00  7.107E+00
3.815722E+00  5.473E+00
3.815916E+00  1.683E+00
3.816108E+00  1.387E+00
3.816300E+00  1.379E+00
3.816490E+00  1.422E+00
3.816866E+00  1.553E+00
3.817052E+00  1.640E+00
3.817237E+00  1.754E+00
3.817421E+00  1.922E+00
3.817604E+00  2.214E+00
3.817786E+00  2.862E+00
3.817967E+00  3.914E+00
3.818146E+00  1.366E+00
3.818324E+00  1.068E+00
3.818502E+00  1.178E+00
3.818678E+00  1.268E+00
3.818853E+00  1.316E+00
3.819027E+00  1.327E+00
3.819200E+00  1.305E+00
3.819372E+00  1.259E+00
3.819881E+00  1.051E+00
3.820049E+00  9.973E-01
3.820216E+00  9.929E-01
3.820381E+00  1.293E+00
3.820710E+00  1.417E+00
3.820872E+00  1.375E+00
3.821195E+00  1.211E+00
3.821355E+00  1.254E+00
3.821514E+00  1.454E+00
3.821671E+00  1.501E+00
3.822140E+00  1.547E+00
3.822447E+00  1.618E+00
3.822599E+00  1.671E+00
3.822751E+00  1.752E+00
3.822902E+00  1.919E+00
3.823051E+00  2.561E+00
3.823200E+00  1.088E+01
3.823348E+00  2.210E+00
3.823495E+00  1.705E+00
3.823641E+00  1.578E+00
3.823787E+00  1.395E+00
3.823931E+00  1.033E+00
3.824075E+00  7.948E-01
3.824218E+00  7.984E-01
3.824360E+00  8.341E-01
3.824501E+00  8.555E-01
3.824642E+00  9.721E-01
3.824781E+00  9.454E-01
3.824920E+00  1.335E+00
3.825058E+00  3.103E+00
3.825196E+00  2.065E+00
3.825332E+00  1.473E+00
3.825468E+00  1.330E+00
3.825603E+00  1.337E+00
3.825737E+00  1.364E+00
3.825870E+00  1.264E+00
3.826003E+00  1.079E+00
3.826135E+00  9.380E-01
3.826266E+00  8.544E-01
3.826397E+00  8.069E-01
3.826527E+00  7.797E-01
3.826784E+00  7.542E-01
3.827290E+00  7.226E-01
3.827415E+00  8.042E-01
3.827539E+00  1.103E+00
3.827662E+00  8.280E-01
3.827785E+00  7.667E-01
3.827907E+00  8.497E-01
3.828029E+00  7.042E+00
3.828149E+00  2.200E+00
3.828269E+00  1.501E+00
3.828389E+00  1.320E+00
3.828508E+00  1.249E+00
3.828626E+00  1.216E+00
3.828860E+00  1.199E+00
3.829207E+00  1.220E+00
3.829661E+00  1.290E+00
3.829995E+00  1.377E+00
3.830105E+00  1.422E+00
3.830215E+00  1.503E+00
3.830324E+00  1.873E+00
3.830432E+00  1.538E+00
3.830540E+00  1.610E+00
3.830648E+00  1.725E+00
3.830754E+00  1.895E+00
3.830861E+00  2.151E+00
3.830966E+00  2.488E+00
3.831071E+00  2.909E+00
3.831176E+00  3.705E+00
3.831280E+00  2.335E+00
3.831384E+00  2.045E+00
3.831486E+00  1.988E+00
3.831589E+00  2.114E+00
3.831691E+00  2.613E+00
3.831792E+00  4.454E+00
3.831893E+00  1.145E+01
3.831993E+00  2.475E+00
3.832093E+00  1.507E+00
3.832192E+00  1.738E+00
3.832291E+00  1.922E+00
3.832487E+00  2.012E+00
3.832585E+00  1.994E+00
3.832681E+00  1.804E+00
3.832778E+00  1.389E+00
3.832874E+00  9.498E-01
3.832969E+00  7.457E-01
3.833064E+00  8.125E-01
3.833158E+00  1.103E+00
3.833252E+00  1.263E+00
3.833346E+00  9.024E-01
3.833439E+00  7.691E-01
3.833531E+00  8.273E-01
3.833623E+00  9.707E-01
3.833806E+00  1.297E+00
3.833897E+00  1.440E+00
3.833987E+00  1.555E+00
3.834077E+00  1.592E+00
3.834255E+00  1.485E+00
3.834343E+00  1.468E+00
3.834431E+00  1.485E+00
3.834519E+00  1.525E+00
3.834606E+00  1.583E+00
3.834693E+00  1.669E+00
3.834779E+00  1.843E+00
3.834865E+00  2.665E+00
3.834951E+00  5.366E+00
3.835036E+00  1.523E+00
3.835121E+00  1.355E+00
3.835205E+00  1.237E+00
3.835289E+00  1.090E+00
3.835455E+00  7.592E-01
3.835538E+00  6.417E-01
3.835620E+00  5.987E-01
3.835702E+00  6.692E-01
3.835783E+00  1.029E+00
3.835865E+00  3.641E+00
3.835945E+00  1.508E+00
3.836026E+00  1.119E+00
3.836105E+00  9.955E-01
3.836185E+00  9.579E-01
3.836264E+00  9.558E-01
3.836343E+00  9.863E-01
3.836421E+00  1.056E+00
3.836499E+00  1.105E+00
3.836577E+00  1.026E+00
3.836655E+00  9.019E-01
3.836731E+00  8.187E-01
3.836808E+00  7.706E-01
3.836884E+00  7.541E-01
3.836960E+00  1.559E+00
3.837036E+00  1.118E+00
3.837111E+00  8.607E-01
3.837186E+00  8.089E-01
3.837408E+00  7.450E-01
3.837482E+00  7.280E-01
3.837555E+00  8.178E-01
3.837628E+00  4.563E+00
3.837700E+00  2.864E+00
3.837772E+00  1.656E+00
3.837844E+00  1.384E+00
3.837915E+00  1.280E+00
3.837986E+00  1.231E+00
3.838057E+00  1.207E+00
3.838198E+00  1.194E+00
3.838475E+00  1.223E+00
3.838815E+00  1.307E+00
3.838882E+00  1.331E+00
3.838949E+00  1.447E+00
3.839082E+00  1.439E+00
3.839148E+00  1.472E+00
3.839213E+00  1.520E+00
3.839278E+00  1.586E+00
3.839343E+00  1.682E+00
3.839408E+00  1.834E+00
3.839473E+00  2.109E+00
3.839601E+00  3.394E+00
3.839664E+00  2.410E+00
3.839727E+00  2.109E+00
3.839790E+00  2.043E+00
3.839853E+00  2.106E+00
3.839916E+00  2.221E+00
3.839978E+00  2.500E+00
3.840040E+00  3.240E+00
3.840101E+00  5.936E+00
3.840163E+00  9.486E+00
3.840224E+00  2.082E+00
3.840285E+00  1.507E+00
3.840345E+00  1.548E+00
3.840466E+00  1.773E+00
3.840526E+00  1.820E+00
3.840585E+00  1.705E+00
3.840644E+00  1.348E+00
3.840703E+00  9.073E-01
3.840762E+00  6.481E-01
3.840821E+00  6.051E-01
3.840879E+00  7.076E-01
3.840937E+00  9.638E-01
3.840995E+00  1.493E+00
3.841052E+00  1.041E+00
3.841110E+00  1.078E+00
3.841280E+00  1.442E+00
3.841393E+00  1.719E+00
3.841448E+00  1.820E+00
3.841504E+00  1.821E+00
3.841615E+00  1.659E+00
3.841670E+00  1.642E+00
3.841724E+00  1.687E+00
3.841779E+00  1.820E+00
3.841833E+00  2.260E+00
3.841887E+00  7.231E+00
3.841941E+00  1.955E+00
3.841994E+00  1.307E+00
3.842101E+00  9.544E-01
3.842154E+00  8.105E-01
3.842206E+00  9.313E-01
3.842259E+00  9.687E-01
3.842311E+00  8.401E-01
3.842363E+00  7.427E-01
3.842415E+00  6.998E-01
3.842466E+00  7.061E-01
3.842518E+00  7.774E-01
3.842569E+00  1.387E+00
3.842620E+00  7.989E-01
3.842671E+00  7.911E-01
3.842772E+00  8.827E-01
3.842822E+00  9.409E-01
3.842872E+00  1.020E+00
3.842921E+00  1.064E+00
3.842971E+00  1.003E+00
3.843020E+00  1.014E+00
3.843070E+00  4.494E+00
3.843118E+00  1.178E+00
3.843167E+00  8.946E-01
3.843216E+00  8.259E-01
3.843264E+00  7.952E-01
3.843456E+00  7.247E-01
3.843503E+00  7.227E-01
3.843550E+00  1.604E+00
3.843597E+00  4.845E+00
3.843644E+00  1.938E+00
3.843691E+00  1.484E+00
3.843737E+00  1.331E+00
3.843783E+00  1.264E+00
3.843829E+00  1.230E+00
3.843921E+00  1.207E+00
3.844057E+00  1.219E+00
3.844281E+00  1.286E+00
3.844325E+00  1.308E+00
3.844369E+00  1.404E+00
3.844456E+00  1.383E+00
3.844543E+00  1.430E+00
3.844629E+00  1.506E+00
3.844672E+00  1.564E+00
3.844714E+00  1.650E+00
3.844757E+00  1.795E+00
3.844799E+00  2.054E+00
3.844841E+00  2.499E+00
3.844883E+00  3.052E+00
3.844925E+00  3.375E+00
3.844967E+00  2.205E+00
3.845008E+00  2.053E+00
3.845049E+00  2.059E+00
3.845091E+00  2.180E+00
3.845132E+00  2.504E+00
3.845172E+00  3.443E+00
3.845213E+00  5.573E+00
3.845254E+00  1.075E+01
3.845294E+00  2.138E+00
3.845334E+00  1.442E+00
3.845374E+00  1.476E+00
3.845454E+00  1.709E+00
3.845494E+00  1.787E+00
3.845533E+00  1.742E+00
3.845573E+00  1.442E+00
3.845612E+00  9.236E-01
3.845651E+00  1.201E+00
3.845690E+00  8.748E-01
3.845729E+00  7.456E-01
3.845767E+00  8.297E-01
3.845882E+00  1.168E+00
3.845958E+00  1.390E+00
3.846034E+00  1.655E+00
3.846071E+00  1.799E+00
3.846108E+00  1.915E+00
3.846146E+00  1.944E+00
3.846220E+00  1.796E+00
3.846256E+00  1.773E+00
3.846293E+00  1.844E+00
3.846330E+00  2.115E+00
3.846366E+00  3.646E+00
3.846402E+00  4.488E+00
3.846438E+00  1.395E+00
3.846474E+00  1.112E+00
3.846510E+00  1.150E+00
3.846546E+00  1.080E+00
3.846617E+00  8.174E-01
3.846653E+00  7.130E-01
3.846688E+00  6.449E-01
3.846723E+00  6.126E-01
3.846758E+00  6.107E-01
3.846793E+00  6.329E-01
3.846827E+00  6.746E-01
3.846862E+00  7.365E-01
3.846896E+00  8.704E-01
3.846931E+00  8.822E-01
3.846965E+00  8.467E-01
3.846999E+00  9.075E-01
3.847067E+00  1.072E+00
3.847101E+00  1.102E+00
3.847134E+00  1.287E+00
3.847168E+00  3.810E+00
3.847201E+00  1.150E+00
3.847234E+00  9.029E-01
3.847268E+00  8.312E-01
3.847301E+00  7.980E-01
3.847334E+00  7.788E-01
3.847366E+00  7.812E-01
3.847399E+00  7.289E-01
3.847432E+00  7.049E-01
3.847464E+00  7.093E-01
3.847496E+00  1.616E+00
3.847529E+00  4.805E+00
3.847561E+00  1.949E+00
3.847593E+00  1.496E+00
3.847625E+00  1.343E+00
3.847656E+00  1.274E+00
3.847688E+00  1.240E+00
3.847751E+00  1.217E+00
3.847876E+00  1.239E+00
3.847999E+00  1.300E+00
3.848029E+00  1.359E+00
3.848059E+00  1.377E+00
3.848090E+00  1.364E+00
3.848180E+00  1.432E+00
3.848240E+00  1.504E+00
3.848269E+00  1.560E+00
3.848299E+00  1.648E+00
3.848328E+00  1.802E+00
3.848357E+00  2.088E+00
3.848416E+00  3.039E+00
3.848445E+00  3.341E+00
3.848474E+00  2.219E+00
3.848503E+00  2.076E+00
3.848531E+00  2.086E+00
3.848560E+00  2.242E+00
3.848589E+00  2.720E+00
3.848617E+00  3.322E+00
3.848646E+00  4.879E+00
3.848674E+00  1.126E+01
3.848702E+00  2.610E+00
3.848730E+00  1.448E+00
3.848758E+00  1.433E+00
3.848841E+00  1.748E+00
3.848869E+00  1.775E+00
3.848897E+00  1.650E+00
3.848924E+00  1.364E+00
3.848951E+00  9.814E-01
3.848979E+00  7.759E-01
3.849006E+00  7.686E-01
3.849033E+00  8.479E-01
3.849114E+00  1.158E+00
3.849167E+00  1.385E+00
3.849220E+00  1.655E+00
3.849246E+00  1.806E+00
3.849273E+00  1.941E+00
3.849299E+00  2.007E+00
3.849325E+00  1.973E+00
3.849351E+00  1.898E+00
3.849377E+00  1.870E+00
3.849403E+00  1.950E+00
3.849428E+00  2.301E+00
3.849454E+00  4.598E+00
3.849480E+00  3.146E+00
3.849505E+00  1.340E+00
3.849556E+00  1.160E+00
3.849581E+00  1.037E+00
3.849606E+00  9.002E-01
3.849632E+00  7.746E-01
3.849657E+00  6.784E-01
3.849682E+00  6.180E-01
3.849706E+00  5.916E-01
3.849731E+00  5.931E-01
3.849756E+00  6.161E-01
3.849781E+00  6.549E-01
3.849805E+00  7.053E-01
3.849830E+00  7.655E-01
3.849854E+00  8.541E-01
3.849878E+00  8.990E-01
3.849902E+00  9.202E-01
3.849951E+00  1.097E+00
3.849975E+00  1.164E+00
3.849999E+00  1.896E+00
3.850022E+00  2.095E+00
3.850046E+00  1.045E+00
3.850070E+00  8.823E-01
3.850117E+00  7.851E-01
3.850187E+00  7.207E-01
3.850211E+00  6.943E-01
3.850234E+00  7.432E-01
3.850257E+00  3.615E+00
3.850280E+00  3.267E+00
3.850303E+00  1.765E+00
3.850326E+00  1.445E+00
3.850349E+00  1.325E+00
3.850371E+00  1.268E+00
3.850394E+00  1.241E+00
3.850439E+00  1.223E+00
3.850506E+00  1.239E+00
3.850595E+00  1.296E+00
3.850617E+00  1.340E+00
3.850639E+00  1.369E+00
3.850661E+00  1.355E+00
3.850726E+00  1.419E+00
3.850769E+00  1.481E+00
3.850790E+00  1.526E+00
3.850812E+00  1.593E+00
3.850833E+00  1.708E+00
3.850854E+00  1.921E+00
3.850876E+00  2.313E+00
3.850897E+00  2.830E+00
3.850918E+00  3.483E+00
3.850939E+00  2.423E+00
3.850960E+00  2.194E+00
3.850981E+00  2.120E+00
3.851001E+00  2.196E+00
3.851022E+00  2.523E+00
3.851043E+00  2.931E+00
3.851063E+00  3.412E+00
3.851084E+00  5.974E+00
3.851104E+00  9.545E+00
3.851125E+00  2.012E+00
3.851145E+00  1.419E+00
3.851165E+00  1.454E+00
3.851206E+00  1.681E+00
3.851226E+00  1.774E+00
3.851246E+00  1.732E+00
3.851266E+00  1.597E+00
3.851282E+00  1.414E+00
3.861262E+00  1.682E+00
3.911262E+00  1.588E+00
3.961262E+00  1.579E+00
4.011262E+00  1.520E+00
4.211262E+00  1.336E+00
4.461262E+00  1.146E+00
4.711261E+00  9.907E-01
4.961261E+00  8.603E-01
5.261261E+00  7.326E-01
5.561261E+00  6.293E-01
5.861261E+00  5.443E-01
6.211261E+00  4.629E-01
6.611261E+00  3.894E-01
6.911261E+00  3.439E-01
7.361261E+00  2.874E-01
7.861261E+00  2.390E-01
8.211261E+00  2.108E-01
8.811261E+00  1.721E-01
9.411261E+00  1.428E-01
9.811261E+00  1.263E-01
1.031430E+01  1.090E-01
1.084313E+01  9.404E-02
1.139907E+01  8.114E-02
1.198351E+01  7.001E-02
1.259792E+01  6.041E-02
1.324383E+01  5.213E-02
1.392286E+01  4.498E-02
1.463671E+01  3.881E-02
1.538715E+01  3.349E-02
1.617607E+01  2.890E-02
1.700544E+01  2.493E-02
1.787733E+01  2.151E-02
1.879392E+01  1.856E-02
1.975751E+01  1.602E-02
2.077050E+01  1.382E-02
2.183543E+01  1.193E-02
2.295496E+01  1.029E-02
2.413190E+01  8.880E-03
2.536917E+01  7.662E-03
2.666988E+01  6.611E-03
2.803728E+01  5.705E-03
2.947478E+01  4.922E-03
3.098599E+01  4.247E-03
3.257469E+01  3.665E-03
3.424483E+01  3.162E-03
3.600061E+01  2.729E-03
3.784641E+01  2.355E-03
3.978684E+01  2.032E-03
