# photon energy(Ry), cross section(Mb)
1.373357E-01  7.755E+00
1.393357E-01  7.637E+00
1.413357E-01  7.522E+00
1.433357E-01  7.409E+00
1.453357E-01  7.300E+00
1.473357E-01  7.193E+00
1.493357E-01  7.089E+00
1.513357E-01  6.987E+00
1.533357E-01  6.887E+00
1.553357E-01  6.789E+00
1.573357E-01  6.694E+00
1.593357E-01  6.600E+00
1.613357E-01  6.508E+00
1.633357E-01  6.418E+00
1.653357E-01  6.329E+00
1.673357E-01  6.241E+00
1.693357E-01  6.155E+00
1.713357E-01  6.070E+00
1.733357E-01  5.987E+00
1.753357E-01  5.904E+00
1.773357E-01  5.823E+00
1.793357E-01  5.743E+00
1.813357E-01  5.664E+00
1.833357E-01  5.585E+00
1.853357E-01  5.508E+00
1.873357E-01  5.432E+00
1.893357E-01  5.357E+00
1.913357E-01  5.283E+00
1.933357E-01  5.209E+00
1.953357E-01  5.137E+00
1.973357E-01  5.065E+00
1.993357E-01  4.995E+00
2.013357E-01  4.925E+00
2.033357E-01  4.856E+00
2.053357E-01  4.789E+00
2.073357E-01  4.722E+00
2.093357E-01  4.656E+00
2.113357E-01  4.591E+00
2.133357E-01  4.527E+00
2.153357E-01  4.464E+00
2.173357E-01  4.403E+00
2.193357E-01  4.342E+00
2.213357E-01  4.282E+00
2.233357E-01  4.223E+00
2.253357E-01  4.165E+00
2.273357E-01  4.109E+00
2.293357E-01  4.053E+00
2.313357E-01  3.998E+00
2.333357E-01  3.944E+00
2.353357E-01  3.892E+00
2.373357E-01  3.840E+00
2.393357E-01  3.790E+00
2.413357E-01  3.740E+00
2.433357E-01  3.692E+00
2.453357E-01  3.644E+00
2.473357E-01  3.597E+00
2.493357E-01  3.552E+00
2.513357E-01  3.507E+00
2.533357E-01  3.464E+00
2.553357E-01  3.421E+00
2.573357E-01  3.379E+00
2.593357E-01  3.338E+00
2.613357E-01  3.299E+00
2.633357E-01  3.260E+00
2.653357E-01  3.221E+00
2.673357E-01  3.184E+00
2.693357E-01  3.148E+00
2.713357E-01  3.112E+00
2.733357E-01  3.077E+00
2.753357E-01  3.043E+00
2.773357E-01  3.009E+00
2.793357E-01  2.977E+00
2.813357E-01  2.945E+00
2.833357E-01  2.913E+00
2.853357E-01  2.883E+00
2.873357E-01  2.853E+00
2.893357E-01  2.823E+00
2.913357E-01  2.795E+00
2.933357E-01  2.766E+00
2.953357E-01  2.739E+00
2.973357E-01  2.711E+00
2.993357E-01  2.685E+00
3.013357E-01  2.659E+00
3.033357E-01  2.633E+00
3.053357E-01  2.608E+00
3.073357E-01  2.583E+00
3.093357E-01  2.558E+00
3.113357E-01  2.534E+00
3.133357E-01  2.511E+00
3.153357E-01  2.487E+00
3.173357E-01  2.464E+00
3.193357E-01  2.442E+00
3.213357E-01  2.419E+00
3.233357E-01  2.397E+00
3.253357E-01  2.375E+00
3.273357E-01  2.354E+00
3.293357E-01  2.333E+00
3.313357E-01  2.312E+00
3.333357E-01  2.291E+00
3.353357E-01  2.270E+00
3.373357E-01  2.250E+00
3.393357E-01  2.230E+00
3.413357E-01  2.210E+00
3.433357E-01  2.190E+00
3.453357E-01  2.170E+00
3.473357E-01  2.151E+00
3.493357E-01  2.132E+00
3.513357E-01  2.113E+00
3.533357E-01  2.094E+00
3.553357E-01  2.075E+00
3.573357E-01  2.056E+00
3.593357E-01  2.038E+00
3.613357E-01  2.020E+00
3.633357E-01  2.002E+00
3.653357E-01  1.983E+00
3.673357E-01  1.966E+00
3.693357E-01  1.948E+00
3.713357E-01  1.930E+00
3.733357E-01  1.913E+00
3.753357E-01  1.895E+00
3.773357E-01  1.878E+00
3.793357E-01  1.861E+00
3.813357E-01  1.844E+00
3.833357E-01  1.827E+00
3.853357E-01  1.811E+00
3.873357E-01  1.794E+00
3.893357E-01  1.778E+00
3.913357E-01  1.762E+00
3.933357E-01  1.746E+00
3.953357E-01  1.730E+00
3.973357E-01  1.714E+00
3.993357E-01  1.698E+00
4.013357E-01  1.683E+00
4.033357E-01  1.668E+00
4.053357E-01  1.652E+00
4.073357E-01  1.637E+00
4.093357E-01  1.623E+00
4.113357E-01  1.608E+00
4.133357E-01  1.594E+00
4.153357E-01  1.579E+00
4.173357E-01  1.565E+00
4.193357E-01  1.551E+00
4.213357E-01  1.537E+00
4.233357E-01  1.524E+00
4.253357E-01  1.510E+00
4.273357E-01  1.497E+00
4.293357E-01  1.484E+00
4.313357E-01  1.471E+00
4.333357E-01  1.458E+00
4.353357E-01  1.446E+00
4.373357E-01  1.433E+00
4.393357E-01  1.421E+00
4.413357E-01  1.409E+00
4.433357E-01  1.397E+00
4.453357E-01  1.385E+00
4.473357E-01  1.374E+00
4.493357E-01  1.363E+00
4.513357E-01  1.351E+00
4.533357E-01  1.340E+00
4.553357E-01  1.330E+00
4.573357E-01  1.319E+00
4.593357E-01  1.309E+00
4.613357E-01  1.298E+00
4.633357E-01  1.288E+00
4.653357E-01  1.278E+00
4.673357E-01  1.268E+00
4.693357E-01  1.259E+00
4.713357E-01  1.249E+00
4.733357E-01  1.240E+00
4.753357E-01  1.231E+00
4.773357E-01  1.222E+00
4.793357E-01  1.213E+00
4.813357E-01  1.204E+00
4.833357E-01  1.195E+00
4.853357E-01  1.187E+00
4.873357E-01  1.179E+00
4.893357E-01  1.171E+00
4.913357E-01  1.162E+00
4.933357E-01  1.155E+00
4.953357E-01  1.147E+00
4.973357E-01  1.139E+00
4.993357E-01  1.132E+00
5.013357E-01  1.124E+00
5.033357E-01  1.117E+00
5.053357E-01  1.110E+00
5.073357E-01  1.102E+00
5.093357E-01  1.095E+00
5.113357E-01  1.088E+00
5.133357E-01  1.082E+00
5.153357E-01  1.075E+00
5.173357E-01  1.068E+00
5.193357E-01  1.062E+00
5.213357E-01  1.055E+00
5.233357E-01  1.049E+00
5.253357E-01  1.042E+00
5.273357E-01  1.036E+00
5.293357E-01  1.030E+00
5.313357E-01  1.024E+00
5.333357E-01  1.018E+00
5.353357E-01  1.012E+00
5.373357E-01  1.006E+00
5.393357E-01  9.999E-01
5.413357E-01  9.941E-01
5.433357E-01  9.883E-01
5.453357E-01  9.825E-01
5.473357E-01  9.768E-01
5.493357E-01  9.712E-01
5.513357E-01  9.656E-01
5.533357E-01  9.600E-01
5.553357E-01  9.544E-01
5.573357E-01  9.489E-01
5.593357E-01  9.434E-01
5.613357E-01  9.380E-01
5.633357E-01  9.325E-01
5.653357E-01  9.271E-01
5.673357E-01  9.217E-01
5.693357E-01  9.164E-01
5.713357E-01  9.111E-01
5.733357E-01  9.058E-01
5.753357E-01  9.005E-01
5.773357E-01  8.952E-01
5.793357E-01  8.899E-01
5.813357E-01  8.847E-01
5.833357E-01  8.795E-01
5.853357E-01  8.743E-01
5.873357E-01  8.691E-01
5.893357E-01  8.639E-01
5.913357E-01  8.588E-01
5.933357E-01  8.536E-01
5.953357E-01  8.485E-01
5.973357E-01  8.434E-01
5.993357E-01  8.383E-01
6.013357E-01  8.332E-01
6.033357E-01  8.281E-01
6.053357E-01  8.230E-01
6.073357E-01  8.180E-01
6.093357E-01  8.130E-01
6.113357E-01  8.079E-01
6.133357E-01  8.029E-01
6.153357E-01  7.980E-01
6.173357E-01  7.930E-01
6.193357E-01  7.880E-01
6.213357E-01  7.831E-01
6.233357E-01  7.782E-01
6.253357E-01  7.733E-01
6.273357E-01  7.684E-01
6.293357E-01  7.635E-01
6.313357E-01  7.587E-01
6.333357E-01  7.539E-01
6.353357E-01  7.491E-01
6.373357E-01  7.443E-01
6.393357E-01  7.396E-01
6.413357E-01  7.348E-01
6.433357E-01  7.301E-01
6.453357E-01  7.255E-01
6.473357E-01  7.208E-01
6.493357E-01  7.162E-01
6.513357E-01  7.116E-01
6.533357E-01  7.070E-01
6.553357E-01  7.025E-01
6.573357E-01  6.980E-01
6.593357E-01  6.935E-01
6.613357E-01  6.891E-01
6.633357E-01  6.847E-01
6.653357E-01  6.803E-01
6.673357E-01  6.760E-01
6.693357E-01  6.717E-01
6.713357E-01  6.675E-01
6.733357E-01  6.632E-01
6.753357E-01  6.590E-01
6.773357E-01  6.549E-01
6.793357E-01  6.508E-01
6.813357E-01  6.467E-01
6.833357E-01  6.427E-01
6.853357E-01  6.387E-01
6.873357E-01  6.348E-01
6.893357E-01  6.309E-01
6.913357E-01  6.270E-01
6.933357E-01  6.232E-01
6.953357E-01  6.194E-01
6.973357E-01  6.157E-01
6.993357E-01  6.120E-01
7.013357E-01  6.083E-01
7.033357E-01  6.047E-01
7.053357E-01  6.012E-01
7.073357E-01  5.976E-01
7.093357E-01  5.942E-01
7.113357E-01  5.907E-01
7.133357E-01  5.874E-01
7.153357E-01  5.840E-01
7.173357E-01  5.807E-01
7.193357E-01  5.775E-01
7.213357E-01  5.742E-01
7.233357E-01  5.711E-01
7.253357E-01  5.679E-01
7.273357E-01  5.649E-01
7.293357E-01  5.618E-01
7.313357E-01  5.588E-01
7.333357E-01  5.559E-01
7.353357E-01  5.529E-01
7.373357E-01  5.501E-01
7.393357E-01  5.472E-01
7.413357E-01  5.444E-01
7.433357E-01  5.417E-01
7.453357E-01  5.390E-01
7.473357E-01  5.363E-01
7.493357E-01  5.336E-01
7.513357E-01  5.310E-01
7.533357E-01  5.285E-01
7.553357E-01  5.259E-01
7.573357E-01  5.235E-01
7.593357E-01  5.210E-01
7.613357E-01  5.186E-01
7.633357E-01  5.162E-01
7.653357E-01  5.138E-01
7.673357E-01  5.115E-01
7.693357E-01  5.092E-01
7.713357E-01  5.069E-01
7.733357E-01  5.047E-01
7.753357E-01  5.025E-01
7.773357E-01  5.003E-01
7.793357E-01  4.981E-01
7.813357E-01  4.960E-01
7.833357E-01  4.939E-01
7.853357E-01  4.918E-01
7.873357E-01  4.897E-01
7.893357E-01  4.877E-01
7.913357E-01  4.857E-01
7.933357E-01  4.837E-01
7.953357E-01  4.817E-01
7.973357E-01  4.798E-01
7.993357E-01  4.779E-01
8.013357E-01  4.759E-01
8.033357E-01  4.740E-01
8.053357E-01  4.722E-01
8.073357E-01  4.703E-01
8.093357E-01  4.684E-01
8.113357E-01  4.666E-01
8.133357E-01  4.648E-01
8.153357E-01  4.630E-01
8.173357E-01  4.612E-01
8.193357E-01  4.594E-01
8.213357E-01  4.576E-01
8.233357E-01  4.559E-01
8.253357E-01  4.541E-01
8.273357E-01  4.523E-01
8.293357E-01  4.506E-01
8.313357E-01  4.489E-01
8.333357E-01  4.471E-01
8.353357E-01  4.454E-01
8.373357E-01  4.437E-01
8.393357E-01  4.420E-01
8.413357E-01  4.403E-01
8.433357E-01  4.386E-01
8.453357E-01  4.369E-01
8.473357E-01  4.352E-01
8.493357E-01  4.335E-01
8.513357E-01  4.318E-01
8.533357E-01  4.301E-01
8.553357E-01  4.284E-01
8.573357E-01  4.267E-01
8.593357E-01  4.250E-01
8.613357E-01  4.233E-01
8.633357E-01  4.217E-01
8.653357E-01  4.200E-01
8.673357E-01  4.183E-01
8.693357E-01  4.166E-01
8.713357E-01  4.149E-01
8.733357E-01  4.132E-01
8.753357E-01  4.115E-01
8.773357E-01  4.098E-01
8.793357E-01  4.081E-01
8.813357E-01  4.064E-01
8.833357E-01  4.047E-01
8.853357E-01  4.030E-01
8.873357E-01  4.013E-01
8.893357E-01  3.996E-01
8.913357E-01  3.979E-01
8.933357E-01  3.962E-01
8.953357E-01  3.944E-01
8.973357E-01  3.927E-01
8.993357E-01  3.910E-01
9.013357E-01  3.893E-01
9.033357E-01  3.876E-01
9.053357E-01  3.858E-01
9.073357E-01  3.841E-01
9.093357E-01  3.824E-01
9.113357E-01  3.807E-01
9.133357E-01  3.790E-01
9.153357E-01  3.772E-01
9.173357E-01  3.755E-01
9.193357E-01  3.738E-01
9.213357E-01  3.721E-01
9.233357E-01  3.703E-01
9.253357E-01  3.686E-01
9.273357E-01  3.669E-01
9.293357E-01  3.652E-01
9.313357E-01  3.635E-01
9.333357E-01  3.617E-01
9.353357E-01  3.600E-01
9.373357E-01  3.583E-01
9.393357E-01  3.566E-01
9.413357E-01  3.549E-01
9.433357E-01  3.532E-01
9.453357E-01  3.515E-01
9.473357E-01  3.498E-01
9.493357E-01  3.481E-01
9.513357E-01  3.464E-01
9.533357E-01  3.448E-01
9.553357E-01  3.431E-01
9.573357E-01  3.414E-01
9.593357E-01  3.398E-01
9.613357E-01  3.381E-01
9.633357E-01  3.365E-01
9.653357E-01  3.348E-01
9.673357E-01  3.332E-01
9.693357E-01  3.316E-01
9.713357E-01  3.300E-01
9.733357E-01  3.284E-01
9.753357E-01  3.268E-01
9.773357E-01  3.252E-01
9.793357E-01  3.236E-01
9.813357E-01  3.220E-01
9.833357E-01  3.205E-01
9.853357E-01  3.189E-01
9.873357E-01  3.174E-01
9.893357E-01  3.159E-01
9.913357E-01  3.143E-01
9.933357E-01  3.128E-01
9.953357E-01  3.114E-01
9.973357E-01  3.099E-01
9.993357E-01  3.084E-01
1.001336E+00  3.070E-01
1.003336E+00  3.055E-01
1.005336E+00  3.041E-01
1.007336E+00  3.027E-01
1.009336E+00  3.013E-01
1.011336E+00  2.999E-01
1.013336E+00  2.985E-01
1.015336E+00  2.972E-01
1.017336E+00  2.958E-01
1.019336E+00  2.945E-01
1.021336E+00  2.932E-01
1.023336E+00  2.919E-01
1.025336E+00  2.906E-01
1.027336E+00  2.893E-01
1.029336E+00  2.880E-01
1.031336E+00  2.868E-01
1.033336E+00  2.855E-01
1.035336E+00  2.843E-01
1.037336E+00  2.831E-01
1.039336E+00  2.819E-01
1.041336E+00  2.808E-01
1.043336E+00  2.796E-01
1.045336E+00  2.785E-01
1.047336E+00  2.773E-01
1.049336E+00  2.762E-01
1.051336E+00  2.751E-01
1.053336E+00  2.740E-01
1.055336E+00  2.729E-01
1.057336E+00  2.719E-01
1.059336E+00  2.708E-01
1.061336E+00  2.698E-01
1.063336E+00  2.688E-01
1.065336E+00  2.678E-01
1.067336E+00  2.668E-01
1.069336E+00  2.658E-01
1.071336E+00  2.649E-01
1.073336E+00  2.639E-01
1.075336E+00  2.630E-01
1.077336E+00  2.620E-01
1.079336E+00  2.611E-01
1.081336E+00  2.602E-01
1.083336E+00  2.593E-01
1.085336E+00  2.585E-01
1.087336E+00  2.576E-01
1.089336E+00  2.568E-01
1.091336E+00  2.559E-01
1.093336E+00  2.551E-01
1.095336E+00  2.543E-01
1.097336E+00  2.535E-01
1.099336E+00  2.527E-01
1.101336E+00  2.519E-01
1.103336E+00  2.511E-01
1.105336E+00  2.503E-01
1.107336E+00  2.496E-01
1.109336E+00  2.488E-01
1.111336E+00  2.481E-01
1.113336E+00  2.474E-01
1.115336E+00  2.466E-01
1.117336E+00  2.459E-01
1.119336E+00  2.452E-01
1.121336E+00  2.445E-01
1.123336E+00  2.438E-01
1.125336E+00  2.431E-01
1.127336E+00  2.425E-01
1.129336E+00  2.418E-01
1.131336E+00  2.411E-01
1.133336E+00  2.405E-01
1.135336E+00  2.398E-01
1.137336E+00  2.392E-01
1.139336E+00  2.385E-01
1.141336E+00  2.379E-01
1.143336E+00  2.373E-01
1.145336E+00  2.366E-01
1.147336E+00  2.360E-01
1.149336E+00  2.354E-01
1.151336E+00  2.348E-01
1.153336E+00  2.342E-01
1.155336E+00  2.336E-01
1.157336E+00  2.330E-01
1.159336E+00  2.324E-01
1.161336E+00  2.318E-01
1.163336E+00  2.312E-01
1.165336E+00  2.306E-01
1.167336E+00  2.300E-01
1.169336E+00  2.294E-01
1.171336E+00  2.288E-01
1.173336E+00  2.282E-01
1.175336E+00  2.276E-01
1.177336E+00  2.270E-01
1.179336E+00  2.264E-01
1.181336E+00  2.258E-01
1.183336E+00  2.252E-01
1.185336E+00  2.246E-01
1.187336E+00  2.241E-01
1.189336E+00  2.235E-01
1.191336E+00  2.229E-01
1.193336E+00  2.223E-01
1.195336E+00  2.217E-01
1.197336E+00  2.211E-01
1.199336E+00  2.205E-01
1.201336E+00  2.199E-01
1.203336E+00  2.193E-01
1.205336E+00  2.187E-01
1.207336E+00  2.181E-01
1.209336E+00  2.175E-01
1.211336E+00  2.169E-01
1.213336E+00  2.163E-01
1.215336E+00  2.156E-01
1.217336E+00  2.150E-01
1.219336E+00  2.144E-01
1.221336E+00  2.138E-01
1.223336E+00  2.132E-01
1.225336E+00  2.125E-01
1.227336E+00  2.119E-01
1.229336E+00  2.113E-01
1.231336E+00  2.106E-01
1.233336E+00  2.100E-01
1.235336E+00  2.094E-01
1.237336E+00  2.087E-01
1.239336E+00  2.081E-01
1.241336E+00  2.074E-01
1.243336E+00  2.068E-01
1.245336E+00  2.061E-01
1.247336E+00  2.055E-01
1.249336E+00  2.048E-01
1.251336E+00  2.042E-01
1.253336E+00  2.035E-01
1.255336E+00  2.028E-01
1.257336E+00  2.022E-01
1.259336E+00  2.015E-01
1.261336E+00  2.008E-01
1.263336E+00  2.001E-01
1.265336E+00  1.995E-01
1.267336E+00  1.988E-01
1.269336E+00  1.981E-01
1.271336E+00  1.974E-01
1.273336E+00  1.967E-01
1.275336E+00  1.960E-01
1.277336E+00  1.953E-01
1.279336E+00  1.946E-01
1.281336E+00  1.939E-01
1.283336E+00  1.933E-01
1.285336E+00  1.926E-01
1.287336E+00  1.919E-01
1.289336E+00  1.912E-01
1.291336E+00  1.905E-01
1.293336E+00  1.898E-01
1.295336E+00  1.891E-01
1.297336E+00  1.884E-01
1.299336E+00  1.877E-01
1.301336E+00  1.869E-01
1.303336E+00  1.862E-01
1.305336E+00  1.855E-01
1.307336E+00  1.848E-01
1.309336E+00  1.841E-01
1.311336E+00  1.834E-01
1.313336E+00  1.827E-01
1.315336E+00  1.820E-01
1.317336E+00  1.813E-01
1.319336E+00  1.806E-01
1.321336E+00  1.799E-01
1.323336E+00  1.792E-01
1.325336E+00  1.786E-01
1.327336E+00  1.779E-01
1.329336E+00  1.772E-01
1.331336E+00  1.765E-01
1.333336E+00  1.758E-01
1.335336E+00  1.751E-01
1.337336E+00  1.744E-01
1.339336E+00  1.737E-01
1.341336E+00  1.731E-01
1.343336E+00  1.724E-01
1.345336E+00  1.717E-01
1.347336E+00  1.711E-01
1.349336E+00  1.704E-01
1.351336E+00  1.697E-01
1.353336E+00  1.691E-01
1.355336E+00  1.684E-01
1.357336E+00  1.678E-01
1.359336E+00  1.671E-01
1.361336E+00  1.665E-01
1.363336E+00  1.658E-01
1.365336E+00  1.652E-01
1.367336E+00  1.646E-01
1.369336E+00  1.640E-01
1.371336E+00  1.633E-01
1.373336E+00  1.627E-01
1.375336E+00  1.621E-01
1.377336E+00  1.615E-01
1.379336E+00  1.609E-01
1.381336E+00  1.603E-01
1.383336E+00  1.597E-01
1.385336E+00  1.591E-01
1.387336E+00  1.585E-01
1.389336E+00  1.580E-01
1.391336E+00  1.574E-01
1.393336E+00  1.568E-01
1.395336E+00  1.563E-01
1.397336E+00  1.557E-01
1.399336E+00  1.552E-01
1.401336E+00  1.546E-01
1.403336E+00  1.541E-01
1.405336E+00  1.536E-01
1.407336E+00  1.530E-01
1.409336E+00  1.525E-01
1.411336E+00  1.520E-01
1.413336E+00  1.515E-01
1.415336E+00  1.510E-01
1.417336E+00  1.505E-01
1.419336E+00  1.500E-01
1.421336E+00  1.495E-01
1.423336E+00  1.490E-01
1.425336E+00  1.486E-01
1.427336E+00  1.481E-01
1.429336E+00  1.476E-01
1.431336E+00  1.472E-01
1.433336E+00  1.467E-01
1.435336E+00  1.463E-01
1.437336E+00  1.458E-01
1.439336E+00  1.454E-01
1.441336E+00  1.450E-01
1.443336E+00  1.446E-01
1.445336E+00  1.442E-01
1.447336E+00  1.438E-01
1.449336E+00  1.434E-01
1.451336E+00  1.430E-01
1.453336E+00  1.426E-01
1.455336E+00  1.422E-01
1.457336E+00  1.418E-01
1.459336E+00  1.414E-01
1.461336E+00  1.411E-01
1.463336E+00  1.407E-01
1.465336E+00  1.403E-01
1.467336E+00  1.400E-01
1.469336E+00  1.396E-01
1.471336E+00  1.393E-01
1.473336E+00  1.390E-01
1.475336E+00  1.386E-01
1.477336E+00  1.383E-01
1.479336E+00  1.380E-01
1.481336E+00  1.377E-01
1.483336E+00  1.373E-01
1.485336E+00  1.370E-01
1.487336E+00  1.367E-01
1.489336E+00  1.364E-01
1.491336E+00  1.361E-01
1.493336E+00  1.358E-01
1.495336E+00  1.356E-01
1.497336E+00  1.353E-01
1.499336E+00  1.350E-01
1.501336E+00  1.347E-01
1.503336E+00  1.344E-01
1.505336E+00  1.342E-01
1.507336E+00  1.339E-01
1.509336E+00  1.336E-01
1.511336E+00  1.334E-01
1.513336E+00  1.331E-01
1.515336E+00  1.329E-01
1.517336E+00  1.326E-01
1.519336E+00  1.324E-01
1.521336E+00  1.321E-01
1.523336E+00  1.319E-01
1.525336E+00  1.317E-01
1.527336E+00  1.314E-01
1.529336E+00  1.312E-01
1.531336E+00  1.310E-01
1.533336E+00  1.307E-01
1.535336E+00  1.305E-01
1.537336E+00  1.303E-01
1.539336E+00  1.300E-01
1.541336E+00  1.298E-01
1.543336E+00  1.296E-01
1.545336E+00  1.294E-01
1.547336E+00  1.292E-01
1.549336E+00  1.289E-01
1.551336E+00  1.287E-01
1.553336E+00  1.285E-01
1.555336E+00  1.283E-01
1.557336E+00  1.281E-01
1.559336E+00  1.279E-01
1.561336E+00  1.277E-01
1.563336E+00  1.274E-01
1.565336E+00  1.272E-01
1.567336E+00  1.270E-01
1.569336E+00  1.268E-01
1.571336E+00  1.266E-01
1.573336E+00  1.264E-01
1.575336E+00  1.262E-01
1.577336E+00  1.260E-01
1.579336E+00  1.257E-01
1.581336E+00  1.255E-01
1.583336E+00  1.253E-01
1.585336E+00  1.251E-01
1.587336E+00  1.249E-01
1.589336E+00  1.247E-01
1.591336E+00  1.244E-01
1.593336E+00  1.242E-01
1.595336E+00  1.240E-01
1.597336E+00  1.238E-01
1.599336E+00  1.236E-01
1.601336E+00  1.233E-01
1.603336E+00  1.231E-01
1.605336E+00  1.229E-01
1.607336E+00  1.227E-01
1.609336E+00  1.224E-01
1.611336E+00  1.222E-01
1.613336E+00  1.220E-01
1.615336E+00  1.217E-01
1.617336E+00  1.215E-01
1.619336E+00  1.213E-01
1.621336E+00  1.210E-01
1.623336E+00  1.208E-01
1.625336E+00  1.206E-01
1.627336E+00  1.203E-01
1.629336E+00  1.201E-01
1.631336E+00  1.198E-01
1.633336E+00  1.196E-01
1.635336E+00  1.193E-01
1.637336E+00  1.191E-01
1.639336E+00  1.188E-01
1.641336E+00  1.186E-01
1.643336E+00  1.183E-01
1.645336E+00  1.180E-01
1.647336E+00  1.178E-01
1.649336E+00  1.175E-01
1.651336E+00  1.172E-01
1.653336E+00  1.170E-01
1.655336E+00  1.167E-01
1.657336E+00  1.164E-01
1.659336E+00  1.161E-01
1.661336E+00  1.159E-01
1.663336E+00  1.156E-01
1.665336E+00  1.153E-01
1.667336E+00  1.150E-01
1.669336E+00  1.147E-01
1.671336E+00  1.145E-01
1.673336E+00  1.142E-01
1.675336E+00  1.139E-01
1.677336E+00  1.136E-01
1.679336E+00  1.133E-01
1.681336E+00  1.130E-01
1.683336E+00  1.127E-01
1.685336E+00  1.124E-01
1.687336E+00  1.121E-01
1.689336E+00  1.118E-01
1.691336E+00  1.115E-01
1.693336E+00  1.112E-01
1.695336E+00  1.109E-01
1.697336E+00  1.106E-01
1.699336E+00  1.103E-01
1.701336E+00  1.100E-01
1.703336E+00  1.096E-01
1.705336E+00  1.093E-01
1.707336E+00  1.090E-01
1.709336E+00  1.087E-01
1.711336E+00  1.084E-01
1.713336E+00  1.081E-01
1.715336E+00  1.077E-01
1.717336E+00  1.074E-01
1.719336E+00  1.071E-01
1.721336E+00  1.068E-01
1.723336E+00  1.065E-01
1.725336E+00  1.061E-01
1.727336E+00  1.058E-01
1.729336E+00  1.055E-01
1.731336E+00  1.052E-01
1.733336E+00  1.049E-01
1.735336E+00  1.045E-01
1.737336E+00  1.042E-01
1.739336E+00  1.039E-01
1.741336E+00  1.036E-01
1.743336E+00  1.032E-01
1.745336E+00  1.029E-01
1.747336E+00  1.026E-01
1.749336E+00  1.023E-01
1.751336E+00  1.019E-01
1.753336E+00  1.016E-01
1.755336E+00  1.013E-01
1.757336E+00  1.010E-01
1.759336E+00  1.007E-01
1.761336E+00  1.003E-01
1.763336E+00  1.000E-01
1.765336E+00  9.970E-02
1.767336E+00  9.938E-02
1.769336E+00  9.907E-02
1.771336E+00  9.875E-02
1.773336E+00  9.844E-02
1.775336E+00  9.813E-02
1.777336E+00  9.781E-02
1.779336E+00  9.750E-02
1.781336E+00  9.719E-02
1.783336E+00  9.689E-02
1.785336E+00  9.658E-02
1.787336E+00  9.628E-02
1.789336E+00  9.598E-02
1.791336E+00  9.567E-02
1.793336E+00  9.538E-02
1.795336E+00  9.508E-02
1.797336E+00  9.478E-02
1.799336E+00  9.449E-02
1.801336E+00  9.420E-02
1.803336E+00  9.391E-02
1.805336E+00  9.362E-02
1.807336E+00  9.333E-02
1.809336E+00  9.305E-02
1.811336E+00  9.277E-02
1.813336E+00  9.249E-02
1.815336E+00  9.221E-02
1.817336E+00  9.194E-02
1.819336E+00  9.167E-02
1.821336E+00  9.140E-02
1.823336E+00  9.113E-02
1.825336E+00  9.087E-02
1.827336E+00  9.060E-02
1.829336E+00  9.034E-02
1.831336E+00  9.009E-02
1.833336E+00  8.983E-02
1.835336E+00  8.958E-02
1.837336E+00  8.933E-02
1.839336E+00  8.909E-02
1.841336E+00  8.884E-02
1.843336E+00  8.860E-02
1.845336E+00  8.836E-02
1.847336E+00  8.813E-02
1.849336E+00  8.790E-02
1.851336E+00  8.767E-02
1.853336E+00  8.744E-02
1.855336E+00  8.721E-02
1.857336E+00  8.699E-02
1.859336E+00  8.677E-02
1.861336E+00  8.656E-02
1.863336E+00  8.635E-02
1.865336E+00  8.614E-02
1.867336E+00  8.593E-02
1.869336E+00  8.573E-02
1.871336E+00  8.552E-02
1.873336E+00  8.533E-02
1.875336E+00  8.513E-02
1.877336E+00  8.494E-02
1.879336E+00  8.475E-02
1.881336E+00  8.456E-02
1.883336E+00  8.438E-02
1.885336E+00  8.420E-02
1.887336E+00  8.402E-02
1.889336E+00  8.384E-02
1.891336E+00  8.367E-02
1.893336E+00  8.350E-02
1.895336E+00  8.333E-02
1.897336E+00  8.317E-02
1.899336E+00  8.301E-02
1.901336E+00  8.285E-02
1.903336E+00  8.270E-02
1.905336E+00  8.254E-02
1.907336E+00  8.239E-02
1.909336E+00  8.224E-02
1.911336E+00  8.210E-02
1.913336E+00  8.196E-02
1.915336E+00  8.182E-02
1.917336E+00  8.168E-02
1.919336E+00  8.154E-02
1.921336E+00  8.141E-02
1.923336E+00  8.128E-02
1.925336E+00  8.115E-02
1.927336E+00  8.103E-02
1.929336E+00  8.090E-02
1.931336E+00  8.078E-02
1.933336E+00  8.066E-02
1.935336E+00  8.055E-02
1.937336E+00  8.043E-02
1.939336E+00  8.032E-02
1.941336E+00  8.021E-02
1.943336E+00  8.010E-02
1.945336E+00  7.999E-02
1.947336E+00  7.989E-02
1.949336E+00  7.979E-02
1.951336E+00  7.969E-02
1.953336E+00  7.959E-02
1.955336E+00  7.949E-02
1.957336E+00  7.940E-02
1.959336E+00  7.930E-02
1.961336E+00  7.921E-02
1.963336E+00  7.912E-02
1.965336E+00  7.903E-02
1.967336E+00  7.894E-02
1.969336E+00  7.886E-02
1.971336E+00  7.877E-02
1.973336E+00  7.869E-02
1.975336E+00  7.861E-02
1.977336E+00  7.853E-02
1.979336E+00  7.845E-02
1.981336E+00  7.837E-02
1.983336E+00  7.829E-02
1.985336E+00  7.822E-02
1.987336E+00  7.814E-02
1.989336E+00  7.807E-02
1.991336E+00  7.799E-02
1.993336E+00  7.792E-02
1.995336E+00  7.785E-02
1.997336E+00  7.778E-02
1.999336E+00  7.771E-02
2.001336E+00  7.764E-02
2.003336E+00  7.757E-02
2.005336E+00  7.750E-02
2.007336E+00  7.743E-02
2.009336E+00  7.736E-02
2.011336E+00  7.730E-02
2.013336E+00  7.723E-02
2.015336E+00  7.716E-02
2.017336E+00  7.709E-02
2.019336E+00  7.703E-02
2.021336E+00  7.696E-02
2.023336E+00  7.689E-02
2.025336E+00  7.683E-02
2.027336E+00  7.676E-02
2.029336E+00  7.669E-02
2.031336E+00  7.663E-02
2.033336E+00  7.656E-02
2.035336E+00  7.649E-02
2.037336E+00  7.643E-02
2.039336E+00  7.636E-02
2.041336E+00  7.629E-02
2.043336E+00  7.622E-02
2.045336E+00  7.615E-02
2.047336E+00  7.608E-02
2.049336E+00  7.601E-02
2.051336E+00  7.594E-02
2.053336E+00  7.587E-02
2.055336E+00  7.580E-02
2.057336E+00  7.573E-02
2.059336E+00  7.565E-02
2.061336E+00  7.558E-02
2.063336E+00  7.551E-02
2.065336E+00  7.543E-02
2.067336E+00  7.535E-02
2.069336E+00  7.528E-02
2.071336E+00  7.520E-02
2.073336E+00  7.512E-02
2.075336E+00  7.504E-02
2.077336E+00  7.496E-02
2.079336E+00  7.488E-02
2.081336E+00  7.479E-02
2.083336E+00  7.471E-02
2.085336E+00  7.462E-02
2.087336E+00  7.454E-02
2.089336E+00  7.445E-02
2.091336E+00  7.436E-02
2.093336E+00  7.427E-02
2.095336E+00  7.418E-02
2.097336E+00  7.409E-02
2.099336E+00  7.400E-02
2.101336E+00  7.390E-02
2.103336E+00  7.381E-02
2.105336E+00  7.371E-02
2.107336E+00  7.361E-02
2.109336E+00  7.351E-02
2.111336E+00  7.341E-02
2.113336E+00  7.331E-02
2.115336E+00  7.321E-02
2.117336E+00  7.311E-02
2.119336E+00  7.300E-02
2.121336E+00  7.289E-02
2.123336E+00  7.278E-02
2.125336E+00  7.268E-02
2.127336E+00  7.256E-02
2.129336E+00  7.245E-02
2.131336E+00  7.234E-02
2.133336E+00  7.223E-02
2.135336E+00  7.211E-02
2.147336E+00  7.139E-02
2.166738E+00  7.014E-02
2.303321E+00  6.060E-02
2.361046E+00  5.795E-02
2.412979E+00  5.711E-02
2.459869E+00  5.793E-02
2.502350E+00  6.053E-02
2.531642E+00  6.430E-02
2.550058E+00  6.852E-02
2.558953E+00  7.160E-02
2.567647E+00  7.576E-02
2.576147E+00  8.170E-02
2.584458E+00  9.087E-02
2.592585E+00  1.068E-01
2.600535E+00  1.407E-01
2.608312E+00  2.538E-01
2.615921E+00  3.463E+00
2.623367E+00  4.273E-02
2.630655E+00  9.264E-04
2.637788E+00  9.637E-03
2.644773E+00  1.695E-02
2.651611E+00  2.216E-02
2.658309E+00  2.594E-02
2.664868E+00  2.877E-02
2.671294E+00  3.097E-02
2.683759E+00  3.413E-02
2.701539E+00  3.713E-02
2.728932E+00  3.998E-02
2.816222E+00  4.598E-02
2.843458E+00  4.911E-02
2.864545E+00  5.304E-02
2.880864E+00  5.782E-02
2.893370E+00  6.331E-02
2.902727E+00  6.919E-02
2.911557E+00  7.703E-02
2.917856E+00  8.478E-02
2.923895E+00  9.491E-02
2.927784E+00  1.035E-01
2.931567E+00  1.142E-01
2.935249E+00  1.277E-01
2.937053E+00  1.358E-01
2.938833E+00  1.452E-01
2.940589E+00  1.560E-01
2.942322E+00  1.685E-01
2.944032E+00  1.833E-01
2.945720E+00  2.010E-01
2.947386E+00  2.222E-01
2.949030E+00  2.481E-01
2.950653E+00  2.804E-01
2.952255E+00  3.213E-01
2.953837E+00  3.744E-01
2.955398E+00  4.454E-01
2.956940E+00  5.434E-01
2.958462E+00  6.850E-01
2.959965E+00  9.013E-01
2.961449E+00  1.258E+00
2.962914E+00  1.914E+00
2.964361E+00  3.342E+00
2.965791E+00  7.528E+00
2.967202E+00  3.234E+01
2.968596E+00  1.774E+03
2.969974E+00  2.125E+01
2.971334E+00  5.829E+00
2.972678E+00  2.728E+00
2.974005E+00  1.646E+00
2.975317E+00  1.195E+00
2.976613E+00  1.070E+00
2.977893E+00  1.461E+00
2.979159E+00  3.462E+01
2.980409E+00  1.437E-01
2.981644E+00  4.437E-06
2.982865E+00  6.983E-03
2.984072E+00  1.189E-02
2.985264E+00  1.308E-02
2.986443E+00  1.244E-02
2.987608E+00  1.107E-02
2.989898E+00  7.952E-03
2.991023E+00  6.551E-03
2.992135E+00  5.324E-03
2.993235E+00  4.272E-03
2.994322E+00  3.384E-03
2.995398E+00  2.644E-03
2.996461E+00  2.033E-03
2.997512E+00  1.534E-03
2.998551E+00  1.130E-03
2.999579E+00  8.089E-04
3.000595E+00  5.568E-04
3.001601E+00  3.634E-04
3.002595E+00  2.195E-04
3.003578E+00  1.175E-04
3.004551E+00  5.056E-05
3.005513E+00  1.306E-05
3.006464E+00  1.096E-07
3.007406E+00  7.567E-06
3.008337E+00  3.187E-05
3.009258E+00  6.998E-05
3.010170E+00  1.193E-04
3.011071E+00  1.775E-04
3.011964E+00  2.427E-04
3.012846E+00  3.132E-04
3.014584E+00  4.644E-04
3.019585E+00  9.256E-04
3.021971E+00  1.124E-03
3.024286E+00  1.283E-03
3.026531E+00  1.389E-03
3.027991E+00  1.425E-03
3.029423E+00  1.428E-03
3.030826E+00  1.394E-03
3.032203E+00  1.316E-03
3.032881E+00  1.258E-03
3.033552E+00  1.185E-03
3.034218E+00  1.096E-03
3.034876E+00  9.881E-04
3.035529E+00  8.589E-04
3.036175E+00  7.047E-04
3.036815E+00  5.219E-04
3.037449E+00  3.098E-04
3.038078E+00  8.946E-05
3.038700E+00  3.070E-05
3.039316E+00  2.109E-03
3.039927E+00  1.109E+00
3.040532E+00  1.571E-02
3.041131E+00  5.413E-03
3.041725E+00  3.048E-03
3.042313E+00  1.967E-03
3.042896E+00  1.302E-03
3.043473E+00  8.260E-04
3.044046E+00  4.644E-04
3.044613E+00  1.967E-04
3.045175E+00  3.340E-05
3.045731E+00  1.279E-05
3.046283E+00  2.100E-04
3.046830E+00  7.594E-04
3.047372E+00  1.901E-03
3.047909E+00  4.077E-03
3.048441E+00  8.151E-03
3.048969E+00  1.593E-02
3.049491E+00  3.161E-02
3.050010E+00  6.650E-02
3.050523E+00  1.587E-01
3.051032E+00  4.998E-01
3.051537E+00  3.650E+00
3.052037E+00  2.011E+01
3.052533E+00  1.452E+00
3.053025E+00  5.570E-01
3.053512E+00  3.211E-01
3.053995E+00  2.235E-01
3.054474E+00  1.738E-01
3.054949E+00  1.459E-01
3.055419E+00  1.302E-01
3.055886E+00  1.229E-01
3.056349E+00  1.234E-01
3.056807E+00  1.348E-01
3.057262E+00  1.710E-01
3.057713E+00  3.135E-01
3.058161E+00  5.674E+00
3.058604E+00  8.774E-02
3.059044E+00  7.528E-04
3.059480E+00  2.172E-03
3.059913E+00  6.336E-03
3.060341E+00  9.492E-03
3.060767E+00  1.169E-02
3.061189E+00  1.320E-02
3.061607E+00  1.426E-02
3.062022E+00  1.501E-02
3.062841E+00  1.590E-02
3.064046E+00  1.645E-02
3.065990E+00  1.654E-02
3.070696E+00  1.572E-02
3.074951E+00  1.457E-02
3.077371E+00  1.351E-02
3.078528E+00  1.266E-02
3.079094E+00  1.197E-02
3.079374E+00  1.144E-02
3.079652E+00  1.056E-02
3.079928E+00  8.388E-03
3.080202E+00  5.084E-01
3.080474E+00  1.649E-02
3.080744E+00  1.391E-02
3.081012E+00  1.286E-02
3.081543E+00  1.161E-02
3.082582E+00  9.445E-03
3.083091E+00  8.142E-03
3.083342E+00  7.389E-03
3.083592E+00  6.550E-03
3.083841E+00  5.613E-03
3.084087E+00  4.569E-03
3.084332E+00  3.416E-03
3.084816E+00  9.729E-04
3.085056E+00  9.326E-05
3.085294E+00  4.865E-04
3.085531E+00  5.350E-03
3.085766E+00  2.837E-02
3.085999E+00  1.650E-01
3.086231E+00  3.863E+00
3.086461E+00  1.731E+00
3.086690E+00  3.857E-01
3.086917E+00  2.030E-01
3.087142E+00  1.407E-01
3.087366E+00  1.116E-01
3.087589E+00  9.580E-02
3.087810E+00  8.695E-02
3.088030E+00  8.248E-02
3.088248E+00  8.154E-02
3.088464E+00  8.439E-02
3.088680E+00  9.294E-02
3.088894E+00  1.135E-01
3.089106E+00  1.728E-01
3.089317E+00  5.595E-01
3.089527E+00  8.598E-01
3.089735E+00  9.764E-03
3.089942E+00  3.130E-04
3.090148E+00  3.956E-03
3.090352E+00  7.449E-03
3.090555E+00  1.006E-02
3.090756E+00  1.197E-02
3.090957E+00  1.338E-02
3.091156E+00  1.444E-02
3.091353E+00  1.525E-02
3.091745E+00  1.636E-02
3.092323E+00  1.730E-02
3.093263E+00  1.795E-02
3.094706E+00  1.813E-02
3.097228E+00  1.765E-02
3.098635E+00  1.727E-02
3.098787E+00  1.733E-02
3.098938E+00  1.759E-02
3.099088E+00  1.942E-02
3.099237E+00  1.415E-02
3.099385E+00  1.555E-02
3.099532E+00  1.576E-02
3.099969E+00  1.561E-02
3.100681E+00  1.480E-02
3.101236E+00  1.377E-02
3.101644E+00  1.268E-02
3.101912E+00  1.173E-02
3.102177E+00  1.052E-02
3.102308E+00  9.795E-03
3.102439E+00  8.964E-03
3.102569E+00  8.012E-03
3.102698E+00  6.919E-03
3.102827E+00  5.668E-03
3.102955E+00  4.250E-03
3.103208E+00  1.138E-03
3.103334E+00  5.746E-05
3.103459E+00  1.085E-03
3.103583E+00  1.065E-02
3.103707E+00  6.365E-02
3.103830E+00  5.834E-01
3.103952E+00  1.999E+01
3.104073E+00  7.417E-01
3.104194E+00  3.101E-01
3.104315E+00  2.014E-01
3.104434E+00  1.579E-01
3.104553E+00  1.379E-01
3.104672E+00  1.303E-01
3.104789E+00  1.322E-01
3.104906E+00  1.459E-01
3.105023E+00  1.825E-01
3.105139E+00  2.942E-01
3.105254E+00  1.086E+00
3.105368E+00  1.728E+00
3.105482E+00  3.998E-02
3.105596E+00  1.258E-03
3.105708E+00  8.390E-04
3.105821E+00  3.913E-03
3.105932E+00  6.848E-03
3.106043E+00  9.215E-03
3.106154E+00  1.107E-02
3.106263E+00  1.252E-02
3.106373E+00  1.366E-02
3.106481E+00  1.456E-02
3.106697E+00  1.589E-02
3.107016E+00  1.710E-02
3.107434E+00  1.796E-02
3.108144E+00  1.856E-02
3.109305E+00  1.861E-02
3.110220E+00  1.851E-02
3.110309E+00  1.867E-02
3.110398E+00  1.920E-02
3.110486E+00  2.699E-02
3.110574E+00  1.592E-02
3.110661E+00  1.682E-02
3.110834E+00  1.705E-02
3.111260E+00  1.665E-02
3.111676E+00  1.578E-02
3.112002E+00  1.470E-02
3.112242E+00  1.351E-02
3.112400E+00  1.245E-02
3.112557E+00  1.106E-02
3.112635E+00  1.021E-02
3.112712E+00  9.216E-03
3.112789E+00  8.062E-03
3.112866E+00  6.718E-03
3.112942E+00  5.162E-03
3.113018E+00  3.404E-03
3.113094E+00  1.564E-03
3.113169E+00  1.406E-04
3.113244E+00  1.056E-03
3.113319E+00  1.293E-02
3.113393E+00  9.352E-02
3.113467E+00  1.590E+00
3.113540E+00  2.731E+00
3.113613E+00  4.697E-01
3.113686E+00  2.451E-01
3.113759E+00  1.750E-01
3.113831E+00  1.452E-01
3.113903E+00  1.323E-01
3.113975E+00  1.298E-01
3.114046E+00  1.374E-01
3.114117E+00  1.605E-01
3.114187E+00  2.219E-01
3.114257E+00  4.592E-01
3.114327E+00  1.031E+01
3.114397E+00  2.284E-01
3.114466E+00  1.202E-02
3.114535E+00  2.910E-05
3.114604E+00  1.826E-03
3.114672E+00  4.884E-03
3.114740E+00  7.574E-03
3.114808E+00  9.733E-03
3.114876E+00  1.144E-02
3.114943E+00  1.279E-02
3.115010E+00  1.387E-02
3.115076E+00  1.473E-02
3.115208E+00  1.602E-02
3.115404E+00  1.725E-02
3.115662E+00  1.815E-02
3.116102E+00  1.884E-02
3.116825E+00  1.905E-02
3.117230E+00  1.914E-02
3.117287E+00  1.926E-02
3.117343E+00  1.958E-02
3.117400E+00  2.077E-02
3.117456E+00  8.030E-03
3.117512E+00  1.675E-02
3.117568E+00  1.742E-02
3.117678E+00  1.767E-02
3.117951E+00  1.740E-02
3.118271E+00  1.651E-02
3.118479E+00  1.551E-02
3.118634E+00  1.441E-02
3.118736E+00  1.342E-02
3.118837E+00  1.213E-02
3.118887E+00  1.132E-02
3.118937E+00  1.039E-02
3.118987E+00  9.292E-03
3.119036E+00  8.001E-03
3.119085E+00  6.482E-03
3.119135E+00  4.715E-03
3.119232E+00  8.179E-04
3.119281E+00  7.456E-05
3.119329E+00  5.535E-03
3.119378E+00  4.777E-02
3.119426E+00  5.812E-01
3.119474E+00  7.082E+00
3.119521E+00  5.469E-01
3.119569E+00  2.554E-01
3.119616E+00  1.755E-01
3.119663E+00  1.428E-01
3.119710E+00  1.285E-01
3.119756E+00  1.246E-01
3.119803E+00  1.299E-01
3.119849E+00  1.479E-01
3.119895E+00  1.941E-01
3.119941E+00  3.466E-01
3.119987E+00  2.087E+00
3.120033E+00  6.037E-01
3.120078E+00  2.442E-02
3.120123E+00  5.369E-04
3.120168E+00  1.126E-03
3.120213E+00  4.143E-03
3.120258E+00  6.957E-03
3.120303E+00  9.243E-03
3.120347E+00  1.106E-02
3.120391E+00  1.249E-02
3.120435E+00  1.364E-02
3.120479E+00  1.456E-02
3.120566E+00  1.594E-02
3.120653E+00  1.689E-02
3.120781E+00  1.782E-02
3.120992E+00  1.866E-02
3.121321E+00  1.919E-02
3.121874E+00  1.949E-02
3.121950E+00  1.994E-02
3.121988E+00  2.102E-02
3.122026E+00  5.016E-03
3.122064E+00  1.682E-02
3.122102E+00  1.769E-02
3.122177E+00  1.804E-02
3.122361E+00  1.787E-02
3.122579E+00  1.713E-02
3.122756E+00  1.601E-02
3.122861E+00  1.497E-02
3.122931E+00  1.403E-02
3.123000E+00  1.279E-02
3.123034E+00  1.203E-02
3.123068E+00  1.113E-02
3.123102E+00  1.008E-02
3.123136E+00  8.832E-03
3.123170E+00  7.356E-03
3.123203E+00  5.615E-03
3.123237E+00  3.610E-03
3.123270E+00  1.497E-03
3.123304E+00  3.125E-05
3.123337E+00  2.659E-03
3.123370E+00  2.936E-02
3.123403E+00  3.195E-01
3.123436E+00  2.672E+01
3.123468E+00  6.279E-01
3.123501E+00  2.650E-01
3.123533E+00  1.762E-01
3.123566E+00  1.412E-01
3.123598E+00  1.258E-01
3.123630E+00  1.209E-01
3.123662E+00  1.246E-01
3.123694E+00  1.395E-01
3.123726E+00  1.772E-01
3.123758E+00  2.909E-01
3.123789E+00  1.117E+00
3.123821E+00  1.598E+00
3.123852E+00  4.030E-02
3.123883E+00  1.444E-03
3.123914E+00  6.986E-04
3.123945E+00  3.637E-03
3.123976E+00  6.536E-03
3.124007E+00  8.917E-03
3.124038E+00  1.081E-02
3.124068E+00  1.230E-02
3.124099E+00  1.350E-02
3.124129E+00  1.446E-02
3.124190E+00  1.590E-02
3.124280E+00  1.726E-02
3.124398E+00  1.829E-02
3.124573E+00  1.905E-02
3.124912E+00  1.949E-02
3.125104E+00  1.977E-02
3.125131E+00  1.999E-02
3.125157E+00  2.058E-02
3.125184E+00  2.432E-02
3.125211E+00  1.559E-02
3.125238E+00  1.765E-02
3.125264E+00  1.809E-02
3.125343E+00  1.832E-02
3.125499E+00  1.794E-02
3.125652E+00  1.705E-02
3.125753E+00  1.605E-02
3.125827E+00  1.492E-02
3.125876E+00  1.389E-02
3.125925E+00  1.251E-02
3.125950E+00  1.165E-02
3.125974E+00  1.063E-02
3.125998E+00  9.422E-03
3.126022E+00  7.986E-03
3.126046E+00  6.279E-03
3.126070E+00  4.282E-03
3.126094E+00  2.088E-03
3.126118E+00  2.400E-04
3.126141E+00  1.277E-03
3.126165E+00  1.945E-02
3.126189E+00  2.024E-01
3.126212E+00  7.486E+01
3.126235E+00  7.342E-01
3.126259E+00  2.775E-01
3.126282E+00  1.786E-01
3.126305E+00  1.410E-01
3.126328E+00  1.244E-01
3.126351E+00  1.186E-01
3.126374E+00  1.211E-01
3.126397E+00  1.338E-01
3.126420E+00  1.659E-01
3.126443E+00  2.571E-01
3.126466E+00  7.731E-01
3.126488E+00  5.465E+00
3.126511E+00  6.176E-02
3.126533E+00  2.739E-03
3.126556E+00  3.942E-04
3.126578E+00  3.209E-03
3.126600E+00  6.175E-03
3.126623E+00  8.637E-03
3.126645E+00  1.059E-02
3.126667E+00  1.214E-02
3.126689E+00  1.338E-02
3.126711E+00  1.438E-02
3.126754E+00  1.586E-02
3.126819E+00  1.727E-02
3.126905E+00  1.833E-02
3.127032E+00  1.912E-02
3.127278E+00  1.961E-02
3.127356E+00  1.970E-02
3.132375E+00  7.708E-01
3.137336E+00  7.263E-01
3.145526E+00  6.634E-01
3.153536E+00  6.123E-01
3.169037E+00  5.337E-01
3.183880E+00  4.744E-01
3.198101E+00  4.280E-01
3.218340E+00  3.771E-01
3.243449E+00  3.305E-01
3.272129E+00  2.875E-01
3.298149E+00  2.568E-01
3.326307E+00  2.318E-01
3.351557E+00  2.160E-01
3.366967E+00  2.126E-01
3.377851E+00  2.170E-01
3.384806E+00  2.256E-01
3.388198E+00  2.325E-01
3.391534E+00  2.417E-01
3.394816E+00  2.541E-01
3.398044E+00  2.706E-01
3.401220E+00  2.927E-01
3.404345E+00  3.226E-01
3.407420E+00  3.634E-01
3.410446E+00  4.203E-01
3.413424E+00  5.017E-01
3.416356E+00  6.218E-01
3.419241E+00  8.067E-01
3.422082E+00  1.107E+00
3.424878E+00  1.632E+00
3.427632E+00  2.643E+00
3.430343E+00  4.873E+00
3.433013E+00  1.058E+01
3.435643E+00  2.316E+01
3.438232E+00  2.213E+01
3.440783E+00  1.077E+01
3.443296E+00  5.623E+00
3.445771E+00  3.424E+00
3.448210E+00  2.336E+00
3.450613E+00  1.726E+00
3.452980E+00  1.349E+00
3.455313E+00  1.100E+00
3.457612E+00  9.266E-01
3.459878E+00  8.001E-01
3.462111E+00  7.047E-01
3.464313E+00  6.308E-01
3.466483E+00  5.721E-01
3.468622E+00  5.246E-01
3.470731E+00  4.855E-01
3.472811E+00  4.527E-01
3.476883E+00  4.013E-01
3.480843E+00  3.628E-01
3.486583E+00  3.207E-01
3.492092E+00  2.908E-01
3.497384E+00  2.698E-01
3.502469E+00  2.579E-01
3.505750E+00  2.579E-01
3.507358E+00  2.624E-01
3.508946E+00  2.723E-01
3.510514E+00  2.915E-01
3.512062E+00  3.279E-01
3.513590E+00  4.002E-01
3.515099E+00  5.584E-01
3.516589E+00  9.677E-01
3.518060E+00  2.318E+00
3.519513E+00  5.890E+00
3.520947E+00  3.683E+00
3.522365E+00  1.623E+00
3.523764E+00  9.426E-01
3.525147E+00  6.612E-01
3.526512E+00  5.189E-01
3.527861E+00  4.362E-01
3.529194E+00  3.834E-01
3.530511E+00  3.470E-01
3.531811E+00  3.207E-01
3.533097E+00  3.007E-01
3.534366E+00  2.850E-01
3.536861E+00  2.620E-01
3.540494E+00  2.393E-01
3.545145E+00  2.200E-01
3.551731E+00  2.023E-01
3.557886E+00  1.927E-01
3.561768E+00  1.909E-01
3.564571E+00  1.939E-01
3.566390E+00  1.995E-01
3.568171E+00  2.104E-01
3.569047E+00  2.190E-01
3.569914E+00  2.309E-01
3.570772E+00  2.474E-01
3.571621E+00  2.708E-01
3.572461E+00  3.048E-01
3.573293E+00  3.559E-01
3.574116E+00  4.361E-01
3.574930E+00  5.693E-01
3.575736E+00  8.064E-01
3.576534E+00  1.265E+00
3.577324E+00  2.212E+00
3.578106E+00  4.106E+00
3.578880E+00  8.625E+00
3.579646E+00  3.784E+02
3.580404E+00  7.282E+00
3.581155E+00  2.170E+00
3.581898E+00  1.205E+00
3.582634E+00  8.296E-01
3.583362E+00  6.356E-01
3.584084E+00  5.196E-01
3.584798E+00  4.436E-01
3.585505E+00  3.906E-01
3.586206E+00  3.519E-01
3.586899E+00  3.225E-01
3.587586E+00  2.996E-01
3.588266E+00  2.813E-01
3.589607E+00  2.541E-01
3.590922E+00  2.347E-01
3.592848E+00  2.145E-01
3.595332E+00  1.966E-01
3.598888E+00  1.796E-01
3.603335E+00  1.658E-01
3.607971E+00  1.571E-01
3.611332E+00  1.555E-01
3.613164E+00  1.586E-01
3.614498E+00  1.655E-01
3.615369E+00  1.752E-01
3.615798E+00  1.832E-01
3.616225E+00  1.953E-01
3.616648E+00  2.150E-01
3.617067E+00  2.516E-01
3.617483E+00  3.137E-01
3.617895E+00  2.298E-01
3.618304E+00  1.654E-01
3.618710E+00  1.909E-01
3.619112E+00  2.472E-01
3.619512E+00  3.677E-01
3.619908E+00  7.736E-01
3.620300E+00  7.434E+00
3.620690E+00  1.651E+00
3.621076E+00  2.071E-01
3.621460E+00  8.910E-02
3.621840E+00  6.590E-02
3.622217E+00  6.145E-02
3.622591E+00  6.249E-02
3.622963E+00  6.572E-02
3.623331E+00  7.033E-02
3.623697E+00  7.639E-02
3.624059E+00  8.442E-02
3.624419E+00  9.549E-02
3.624776E+00  1.114E-01
3.625130E+00  1.352E-01
3.625481E+00  1.725E-01
3.625830E+00  2.337E-01
3.626176E+00  3.395E-01
3.626519E+00  5.287E-01
3.626860E+00  8.536E-01
3.627198E+00  1.253E+00
3.627534E+00  1.333E+00
3.627866E+00  1.012E+00
3.628197E+00  6.779E-01
3.628525E+00  4.594E-01
3.628850E+00  3.295E-01
3.629173E+00  2.628E-01
3.629493E+00  2.730E-01
3.629811E+00  5.208E-01
3.630127E+00  2.870E+00
3.630440E+00  1.017E+02
3.630751E+00  3.431E+00
3.631060E+00  1.343E+00
3.631366E+00  8.239E-01
3.631670E+00  6.043E-01
3.631972E+00  4.858E-01
3.632272E+00  4.123E-01
3.632569E+00  3.623E-01
3.632864E+00  3.262E-01
3.633158E+00  2.989E-01
3.633448E+00  2.774E-01
3.633737E+00  2.602E-01
3.634309E+00  2.340E-01
3.634872E+00  2.150E-01
3.635701E+00  1.946E-01
3.636780E+00  1.759E-01
3.638086E+00  1.599E-01
3.639839E+00  1.447E-01
3.641972E+00  1.316E-01
3.644408E+00  1.208E-01
3.644621E+00  1.187E-01
3.644833E+00  1.131E-01
3.645043E+00  7.313E-02
3.645251E+00  1.579E-01
3.645458E+00  1.444E-01
3.645664E+00  1.441E-01
3.645869E+00  1.480E-01
3.646072E+00  1.561E-01
3.646274E+00  1.708E-01
3.646475E+00  1.989E-01
3.646674E+00  2.606E-01
3.646872E+00  4.296E-01
3.647069E+00  9.257E-01
3.647265E+00  8.596E-01
3.647459E+00  4.268E-01
3.647652E+00  3.056E-01
3.647844E+00  2.915E-01
3.648034E+00  3.408E-01
3.648224E+00  4.953E-01
3.648412E+00  1.022E+00
3.648599E+00  5.181E+00
3.648785E+00  2.607E+01
3.648970E+00  1.500E+00
3.649153E+00  5.257E-01
3.649336E+00  2.941E-01
3.649517E+00  2.055E-01
3.649697E+00  1.628E-01
3.649876E+00  1.393E-01
3.650054E+00  1.253E-01
3.650230E+00  1.167E-01
3.650406E+00  1.116E-01
3.650581E+00  1.090E-01
3.650754E+00  1.085E-01
3.650927E+00  1.099E-01
3.651098E+00  1.134E-01
3.651269E+00  1.194E-01
3.651438E+00  1.287E-01
3.651606E+00  1.422E-01
3.651773E+00  1.620E-01
3.651940E+00  1.910E-01
3.652105E+00  2.342E-01
3.652269E+00  3.003E-01
3.652432E+00  4.046E-01
3.652595E+00  5.735E-01
3.652756E+00  8.437E-01
3.652916E+00  1.211E+00
3.653076E+00  1.445E+00
3.653234E+00  1.212E+00
3.653392E+00  7.612E-01
3.653548E+00  4.217E-01
3.653704E+00  2.264E-01
3.653858E+00  1.463E-01
3.654012E+00  2.189E-01
3.654165E+00  7.731E-01
3.654317E+00  5.001E+00
3.654468E+00  1.281E+02
3.654618E+00  8.768E+00
3.654768E+00  3.061E+00
3.654916E+00  1.728E+00
3.655064E+00  1.186E+00
3.655210E+00  9.018E-01
3.655356E+00  7.300E-01
3.655501E+00  6.159E-01
3.655645E+00  5.351E-01
3.655789E+00  4.750E-01
3.655931E+00  4.288E-01
3.656073E+00  3.921E-01
3.656214E+00  3.624E-01
3.656354E+00  3.377E-01
3.656632E+00  2.993E-01
3.656906E+00  2.705E-01
3.657312E+00  2.375E-01
3.657446E+00  2.299E-01
3.657579E+00  1.641E+01
3.657712E+00  2.477E-01
3.657843E+00  2.261E-01
3.657974E+00  2.166E-01
3.658234E+00  2.045E-01
3.658744E+00  1.890E-01
3.659243E+00  1.797E-01
3.659732E+00  1.764E-01
3.660091E+00  1.796E-01
3.660327E+00  1.865E-01
3.660445E+00  1.924E-01
3.660561E+00  2.009E-01
3.660677E+00  2.129E-01
3.660792E+00  2.306E-01
3.660907E+00  2.572E-01
3.661021E+00  2.993E-01
3.661135E+00  3.708E-01
3.661248E+00  5.047E-01
3.661360E+00  7.967E-01
3.661472E+00  1.613E+00
3.661583E+00  5.088E+00
3.661693E+00  1.522E+01
3.661803E+00  4.696E+00
3.661912E+00  1.893E+00
3.662021E+00  1.157E+00
3.662129E+00  9.112E-01
3.662237E+00  8.652E-01
3.662344E+00  9.785E-01
3.662451E+00  1.368E+00
3.662557E+00  2.673E+00
3.662662E+00  1.061E+01
3.662767E+00  1.642E+01
3.662871E+00  2.462E+00
3.662975E+00  8.625E-01
3.663078E+00  4.475E-01
3.663181E+00  2.871E-01
3.663283E+00  2.101E-01
3.663385E+00  1.676E-01
3.663486E+00  1.418E-01
3.663586E+00  1.251E-01
3.663686E+00  1.137E-01
3.663786E+00  1.058E-01
3.663885E+00  1.002E-01
3.663984E+00  9.654E-02
3.664082E+00  9.442E-02
3.664179E+00  9.383E-02
3.664276E+00  9.488E-02
3.664373E+00  9.791E-02
3.664469E+00  1.035E-01
3.664564E+00  1.127E-01
3.664660E+00  1.272E-01
3.664754E+00  1.497E-01
3.664848E+00  1.855E-01
3.664942E+00  2.439E-01
3.665035E+00  3.436E-01
3.665128E+00  5.209E-01
3.665220E+00  8.345E-01
3.665312E+00  1.258E+00
3.665403E+00  1.332E+00
3.665494E+00  8.833E-01
3.665585E+00  4.763E-01
3.665675E+00  2.465E-01
3.665764E+00  1.274E-01
3.665854E+00  7.873E-02
3.665942E+00  1.065E-01
3.666031E+00  3.064E-01
3.666118E+00  1.198E+00
3.666206E+00  8.244E+00
3.666293E+00  7.469E+01
3.666379E+00  7.408E+00
3.666465E+00  2.858E+00
3.666551E+00  1.659E+00
3.666636E+00  1.151E+00
3.666721E+00  8.798E-01
3.666806E+00  7.143E-01
3.666890E+00  6.038E-01
3.666974E+00  5.252E-01
3.667057E+00  4.666E-01
3.667140E+00  4.212E-01
3.667222E+00  3.849E-01
3.667304E+00  3.551E-01
3.667467E+00  3.076E-01
3.667548E+00  2.870E-01
3.667628E+00  3.818E-01
3.667709E+00  3.215E-01
3.667788E+00  2.771E-01
3.667868E+00  2.601E-01
3.668025E+00  2.388E-01
3.668259E+00  2.173E-01
3.668565E+00  1.979E-01
3.668866E+00  1.856E-01
3.669088E+00  1.805E-01
3.669307E+00  1.799E-01
3.669451E+00  1.837E-01
3.669523E+00  1.875E-01
3.669594E+00  1.934E-01
3.669665E+00  2.022E-01
3.669735E+00  2.153E-01
3.669806E+00  2.355E-01
3.669876E+00  2.677E-01
3.669945E+00  3.223E-01
3.670015E+00  4.241E-01
3.670084E+00  6.427E-01
3.670153E+00  1.236E+00
3.670221E+00  3.664E+00
3.670289E+00  1.417E+01
3.670357E+00  4.776E+00
3.670424E+00  1.750E+00
3.670492E+00  1.011E+00
3.670558E+00  7.552E-01
3.670625E+00  6.688E-01
3.670691E+00  6.800E-01
3.670757E+00  7.952E-01
3.670823E+00  1.111E+00
3.670889E+00  2.051E+00
3.670954E+00  6.571E+00
3.671018E+00  2.014E+01
3.671083E+00  3.301E+00
3.671147E+00  1.059E+00
3.671211E+00  5.256E-01
3.671275E+00  3.283E-01
3.671338E+00  2.356E-01
3.671402E+00  1.851E-01
3.671464E+00  1.545E-01
3.671527E+00  1.345E-01
3.671589E+00  1.206E-01
3.671651E+00  1.107E-01
3.671713E+00  1.032E-01
3.671775E+00  9.760E-02
3.671836E+00  9.338E-02
3.671897E+00  9.033E-02
3.671958E+00  8.836E-02
3.672018E+00  8.752E-02
3.672078E+00  8.797E-02
3.672138E+00  9.001E-02
3.672198E+00  9.420E-02
3.672257E+00  1.014E-01
3.672316E+00  1.132E-01
3.672375E+00  1.320E-01
3.672434E+00  1.627E-01
3.672492E+00  2.141E-01
3.672550E+00  3.048E-01
3.672608E+00  4.738E-01
3.672666E+00  7.898E-01
3.672723E+00  1.213E+00
3.672781E+00  1.168E+00
3.672838E+00  6.746E-01
3.672894E+00  3.337E-01
3.672951E+00  1.626E-01
3.673007E+00  8.107E-02
3.673063E+00  5.599E-02
3.673119E+00  9.546E-02
3.673174E+00  2.763E-01
3.673229E+00  9.531E-01
3.673284E+00  4.771E+00
3.673339E+00  7.700E+01
3.673394E+00  1.274E+01
3.673448E+00  3.856E+00
3.673502E+00  2.032E+00
3.673556E+00  1.338E+00
3.673610E+00  9.893E-01
3.673663E+00  7.847E-01
3.673716E+00  6.513E-01
3.673769E+00  5.575E-01
3.673822E+00  4.868E-01
3.673875E+00  4.301E-01
3.673927E+00  1.423E+00
3.673979E+00  4.116E-01
3.674031E+00  3.658E-01
3.674083E+00  3.377E-01
3.674134E+00  3.162E-01
3.674185E+00  2.985E-01
3.674287E+00  2.706E-01
3.674388E+00  2.493E-01
3.674539E+00  2.256E-01
3.674687E+00  2.084E-01
3.674882E+00  1.925E-01
3.675026E+00  1.851E-01
3.675168E+00  1.823E-01
3.675262E+00  1.843E-01
3.675356E+00  1.918E-01
3.675402E+00  1.991E-01
3.675448E+00  2.105E-01
3.675494E+00  2.283E-01
3.675540E+00  2.573E-01
3.675586E+00  3.075E-01
3.675631E+00  4.031E-01
3.675676E+00  6.144E-01
3.675721E+00  1.214E+00
3.675766E+00  3.864E+00
3.675811E+00  1.261E+01
3.675856E+00  3.611E+00
3.675900E+00  1.441E+00
3.675944E+00  8.786E-01
3.675988E+00  6.807E-01
3.676032E+00  6.190E-01
3.676076E+00  6.420E-01
3.676119E+00  7.627E-01
3.676163E+00  1.080E+00
3.676206E+00  2.019E+00
3.676249E+00  6.516E+00
3.676292E+00  1.899E+01
3.676334E+00  3.261E+00
3.676377E+00  1.067E+00
3.676419E+00  5.355E-01
3.676461E+00  3.369E-01
3.676504E+00  2.429E-01
3.676545E+00  1.912E-01
3.676587E+00  1.598E-01
3.676629E+00  1.391E-01
3.676670E+00  1.246E-01
3.676711E+00  1.141E-01
3.676752E+00  1.061E-01
3.676793E+00  9.993E-02
3.676834E+00  9.511E-02
3.676915E+00  8.857E-02
3.676956E+00  8.669E-02
3.676996E+00  8.577E-02
3.677036E+00  8.598E-02
3.677076E+00  8.760E-02
3.677115E+00  9.112E-02
3.677155E+00  9.732E-02
3.677194E+00  1.075E-01
3.677233E+00  1.238E-01
3.677273E+00  1.504E-01
3.677312E+00  1.947E-01
3.677350E+00  2.723E-01
3.677389E+00  4.170E-01
3.677428E+00  6.966E-01
3.677466E+00  1.143E+00
3.677504E+00  1.256E+00
3.677542E+00  7.575E-01
3.677580E+00  3.665E-01
3.677618E+00  1.741E-01
3.677656E+00  8.412E-02
3.677693E+00  5.214E-02
3.677731E+00  7.573E-02
3.677768E+00  2.018E-01
3.677805E+00  6.299E-01
3.677842E+00  2.461E+00
3.677879E+00  2.053E+01
3.677916E+00  3.357E+01
3.677952E+00  6.139E+00
3.677989E+00  2.717E+00
3.678025E+00  1.645E+00
3.678061E+00  1.155E+00
3.678097E+00  8.778E-01
3.678133E+00  4.295E+00
3.678169E+00  6.774E-01
3.678205E+00  5.654E-01
3.678240E+00  4.967E-01
3.678276E+00  4.462E-01
3.678311E+00  4.069E-01
3.678346E+00  3.753E-01
3.678381E+00  3.494E-01
3.678416E+00  3.276E-01
3.678485E+00  2.933E-01
3.678554E+00  2.675E-01
3.678657E+00  2.389E-01
3.678758E+00  2.184E-01
3.678858E+00  2.034E-01
3.678990E+00  1.903E-01
3.679088E+00  1.858E-01
3.679153E+00  1.866E-01
3.679217E+00  1.925E-01
3.679249E+00  1.988E-01
3.679281E+00  2.088E-01
3.679313E+00  2.247E-01
3.679344E+00  2.510E-01
3.679376E+00  2.967E-01
3.679407E+00  3.841E-01
3.679438E+00  5.778E-01
3.679469E+00  1.129E+00
3.679500E+00  3.571E+00
3.679531E+00  1.164E+01
3.679562E+00  3.350E+00
3.679593E+00  1.349E+00
3.679624E+00  8.314E-01
3.679654E+00  6.502E-01
3.679685E+00  5.958E-01
3.679715E+00  6.219E-01
3.679745E+00  7.428E-01
3.679775E+00  1.057E+00
3.679805E+00  1.987E+00
3.679835E+00  6.448E+00
3.679865E+00  1.822E+01
3.679894E+00  3.189E+00
3.679924E+00  1.056E+00
3.679954E+00  5.342E-01
3.679983E+00  3.380E-01
3.680012E+00  2.447E-01
3.680041E+00  1.932E-01
3.680070E+00  1.618E-01
3.680099E+00  1.410E-01
3.680128E+00  1.265E-01
3.680157E+00  1.158E-01
3.680186E+00  1.076E-01
3.680214E+00  1.013E-01
3.680271E+00  9.230E-02
3.680328E+00  8.696E-02
3.680356E+00  8.556E-02
3.680384E+00  8.512E-02
3.680412E+00  8.585E-02
3.680440E+00  8.808E-02
3.680468E+00  9.238E-02
3.680495E+00  9.965E-02
3.680523E+00  1.114E-01
3.680550E+00  1.302E-01
3.680578E+00  1.607E-01
3.680605E+00  2.121E-01
3.680632E+00  3.034E-01
3.680659E+00  4.766E-01
3.680686E+00  8.120E-01
3.680713E+00  1.285E+00
3.680740E+00  1.218E+00
3.680767E+00  6.652E-01
3.680793E+00  3.146E-01
3.680820E+00  1.484E-01
3.680846E+00  7.276E-02
3.680873E+00  5.200E-02
3.680899E+00  9.060E-02
3.680925E+00  2.482E-01
3.680951E+00  7.722E-01
3.680977E+00  3.087E+00
3.681003E+00  2.840E+01
3.681029E+00  2.680E+01
3.681055E+00  5.717E+00
3.681081E+00  2.613E+00
3.681106E+00  2.752E+00
3.681132E+00  1.257E+00
3.681157E+00  9.443E-01
3.681183E+00  7.648E-01
3.681208E+00  6.459E-01
3.681233E+00  5.614E-01
3.681259E+00  4.983E-01
3.681284E+00  4.496E-01
3.681309E+00  4.110E-01
3.681333E+00  3.795E-01
3.681358E+00  3.535E-01
3.681408E+00  3.130E-01
3.681457E+00  2.829E-01
3.681505E+00  2.598E-01
3.681578E+00  2.339E-01
3.681650E+00  2.151E-01
3.681721E+00  2.015E-01
3.681792E+00  1.925E-01
3.681861E+00  1.888E-01
3.681908E+00  1.908E-01
3.681931E+00  1.941E-01
3.681954E+00  1.997E-01
3.681976E+00  2.088E-01
3.681999E+00  2.236E-01
3.682022E+00  2.481E-01
3.682044E+00  2.909E-01
3.682067E+00  3.728E-01
3.682090E+00  5.543E-01
3.682112E+00  1.068E+00
3.682134E+00  3.328E+00
3.682157E+00  1.106E+01
3.682179E+00  3.243E+00
3.682201E+00  1.304E+00
3.682223E+00  8.049E-01
3.682245E+00  6.311E-01
3.682267E+00  5.795E-01
3.682289E+00  6.054E-01
3.682311E+00  7.229E-01
3.682332E+00  1.027E+00
3.682354E+00  1.922E+00
3.682376E+00  6.163E+00
3.682397E+00  1.803E+01
3.682419E+00  3.206E+00
3.682440E+00  1.058E+00
3.682461E+00  5.349E-01
3.682483E+00  3.387E-01
3.682504E+00  2.456E-01
3.682525E+00  1.942E-01
3.682546E+00  1.628E-01
3.682567E+00  1.420E-01
3.682588E+00  1.274E-01
3.682609E+00  1.167E-01
3.682630E+00  1.085E-01
3.682650E+00  1.021E-01
3.682671E+00  9.699E-02
3.682712E+00  8.970E-02
3.682753E+00  8.568E-02
3.682774E+00  8.495E-02
3.682794E+00  8.528E-02
3.682814E+00  8.695E-02
3.682835E+00  9.042E-02
3.682855E+00  9.642E-02
3.682875E+00  1.062E-01
3.682895E+00  1.217E-01
3.682912E+00  1.425E-01
3.684626E+00  1.675E+00
3.694594E+00  1.672E+00
3.704354E+00  1.730E+00
3.711932E+00  1.822E+00
3.717661E+00  1.946E+00
3.721775E+00  2.102E+00
3.724435E+00  2.266E+00
3.725741E+00  2.380E+00
3.727032E+00  2.527E+00
3.728307E+00  2.721E+00
3.729567E+00  2.986E+00
3.730812E+00  3.364E+00
3.732042E+00  3.930E+00
3.733258E+00  4.824E+00
3.734460E+00  6.293E+00
3.735647E+00  8.551E+00
3.736821E+00  1.036E+01
3.737982E+00  8.343E+00
3.739128E+00  4.869E+00
3.740262E+00  2.891E+00
3.741383E+00  1.987E+00
3.742491E+00  1.569E+00
3.743587E+00  1.368E+00
3.744670E+00  1.270E+00
3.745741E+00  1.225E+00
3.746799E+00  1.208E+00
3.748882E+00  1.217E+00
3.751920E+00  1.279E+00
3.754859E+00  1.369E+00
3.757703E+00  1.488E+00
3.761356E+00  1.693E+00
3.763994E+00  1.836E+00
3.764856E+00  1.858E+00
3.765708E+00  1.855E+00
3.766551E+00  1.824E+00
3.767386E+00  1.768E+00
3.770639E+00  1.454E+00
3.772216E+00  1.340E+00
3.773762E+00  1.270E+00
3.776023E+00  1.221E+00
3.778933E+00  1.208E+00
3.783759E+00  1.242E+00
3.790716E+00  1.342E+00
3.795345E+00  1.448E+00
3.798601E+00  1.568E+00
3.800677E+00  1.689E+00
3.802187E+00  1.824E+00
3.803171E+00  1.951E+00
3.804139E+00  2.132E+00
3.804617E+00  2.258E+00
3.805090E+00  2.423E+00
3.805559E+00  2.662E+00
3.806025E+00  3.092E+00
3.806486E+00  4.717E+00
3.806944E+00  6.098E+00
3.807397E+00  3.012E+00
3.807847E+00  3.307E+00
3.808293E+00  3.530E+00
3.808735E+00  3.457E+00
3.809174E+00  2.989E+00
3.809609E+00  2.317E+00
3.810040E+00  1.724E+00
3.810468E+00  1.325E+00
3.810892E+00  1.090E+00
3.811313E+00  9.626E-01
3.811730E+00  8.989E-01
3.812144E+00  8.717E-01
3.812554E+00  8.652E-01
3.813365E+00  8.826E-01
3.818327E+00  1.114E+00
3.819754E+00  1.210E+00
3.822807E+00  1.443E+00
3.823779E+00  1.549E+00
3.824414E+00  1.660E+00
3.824729E+00  1.744E+00
3.825040E+00  1.871E+00
3.825350E+00  2.096E+00
3.825657E+00  2.634E+00
3.825962E+00  5.080E+00
3.826265E+00  9.897E+00
3.826566E+00  1.594E+00
3.826864E+00  1.271E+00
3.827160E+00  1.251E+00
3.828035E+00  1.252E+00
3.829453E+00  1.220E+00
3.830550E+00  1.240E+00
3.832397E+00  1.337E+00
3.834155E+00  1.474E+00
3.835360E+00  1.603E+00
3.836524E+00  1.779E+00
3.837204E+00  1.923E+00
3.837870E+00  2.117E+00
3.838307E+00  2.287E+00
3.838738E+00  2.508E+00
3.839163E+00  2.805E+00
3.839374E+00  2.997E+00
3.839583E+00  3.239E+00
3.839791E+00  3.571E+00
3.839998E+00  4.142E+00
3.840203E+00  5.833E+00
3.840407E+00  1.331E+01
3.840609E+00  4.365E+00
3.840810E+00  3.438E+00
3.841209E+00  2.819E+00
3.841603E+00  2.087E+00
3.841797E+00  1.755E+00
3.841991E+00  1.483E+00
3.842183E+00  1.272E+00
3.842374E+00  1.117E+00
3.842564E+00  1.006E+00
3.842753E+00  9.291E-01
3.842941E+00  8.774E-01
3.843127E+00  8.442E-01
3.843312E+00  8.243E-01
3.843679E+00  8.108E-01
3.844221E+00  8.258E-01
3.845275E+00  8.980E-01
3.845956E+00  9.623E-01
3.846124E+00  9.879E-01
3.846290E+00  1.027E+00
3.846621E+00  1.158E+00
3.846785E+00  1.165E+00
3.847109E+00  1.100E+00
3.847270E+00  1.127E+00
3.847430E+00  1.331E+00
3.847588E+00  1.447E+00
3.847746E+00  1.377E+00
3.847903E+00  1.332E+00
3.848059E+00  1.313E+00
3.848369E+00  1.314E+00
3.848674E+00  1.345E+00
3.848976E+00  1.409E+00
3.849126E+00  1.462E+00
3.849275E+00  1.543E+00
3.849423E+00  1.678E+00
3.849570E+00  1.920E+00
3.849716E+00  2.397E+00
3.850006E+00  4.218E+00
3.850150E+00  3.656E+00
3.850293E+00  2.675E+00
3.850435E+00  2.096E+00
3.850576E+00  1.783E+00
3.850717E+00  1.596E+00
3.850856E+00  1.472E+00
3.850995E+00  1.380E+00
3.851133E+00  1.307E+00
3.851407E+00  1.199E+00
3.851678E+00  1.129E+00
3.851945E+00  1.090E+00
3.852210E+00  1.076E+00
3.852601E+00  1.089E+00
3.853113E+00  1.145E+00
3.853614E+00  1.230E+00
3.853737E+00  1.262E+00
3.853860E+00  1.313E+00
3.853982E+00  1.519E+00
3.854103E+00  1.172E+00
3.854224E+00  1.248E+00
3.854464E+00  1.324E+00
3.855167E+00  1.512E+00
3.855623E+00  1.674E+00
3.855959E+00  1.837E+00
3.856290E+00  2.060E+00
3.856723E+00  2.444E+00
3.856829E+00  2.492E+00
3.856936E+00  2.443E+00
3.857041E+00  2.329E+00
3.857146E+00  2.670E+00
3.857251E+00  4.020E+00
3.857458E+00  7.984E+00
3.857561E+00  8.607E+00
3.857664E+00  6.585E+00
3.857766E+00  3.832E+00
3.857867E+00  2.084E+00
3.857968E+00  1.252E+00
3.858068E+00  9.853E-01
3.858168E+00  1.183E+00
3.858267E+00  1.551E+00
3.858366E+00  1.290E+00
3.858464E+00  9.662E-01
3.858562E+00  8.040E-01
3.858660E+00  7.320E-01
3.858756E+00  7.034E-01
3.858853E+00  6.971E-01
3.858949E+00  7.031E-01
3.859139E+00  7.363E-01
3.859233E+00  7.623E-01
3.859327E+00  7.974E-01
3.859420E+00  8.479E-01
3.859513E+00  9.217E-01
3.859698E+00  1.108E+00
3.859790E+00  1.151E+00
3.859881E+00  1.152E+00
3.860152E+00  1.116E+00
3.860418E+00  1.122E+00
3.860681E+00  1.161E+00
3.860854E+00  1.208E+00
3.861026E+00  1.285E+00
3.861111E+00  1.345E+00
3.861195E+00  1.426E+00
3.861280E+00  1.534E+00
3.861364E+00  1.668E+00
3.861530E+00  1.971E+00
3.861613E+00  2.095E+00
3.861695E+00  2.175E+00
3.861777E+00  2.208E+00
3.861858E+00  2.195E+00
3.861939E+00  2.141E+00
3.862020E+00  2.049E+00
3.862100E+00  1.923E+00
3.862339E+00  1.474E+00
3.862418E+00  1.350E+00
3.862496E+00  1.253E+00
3.862574E+00  1.184E+00
3.862652E+00  1.137E+00
3.862729E+00  1.109E+00
3.862883E+00  1.091E+00
3.863111E+00  1.114E+00
3.863557E+00  1.214E+00
3.863702E+00  1.275E+00
3.863847E+00  1.304E+00
3.864273E+00  1.449E+00
3.864619E+00  1.611E+00
3.864890E+00  1.793E+00
3.865090E+00  1.984E+00
3.865222E+00  2.150E+00
3.865418E+00  2.454E+00
3.865483E+00  2.537E+00
3.865547E+00  2.554E+00
3.865612E+00  2.452E+00
3.865675E+00  2.468E+00
3.865739E+00  3.317E+00
3.865802E+00  4.874E+00
3.865865E+00  6.682E+00
3.865928E+00  8.362E+00
3.865991E+00  8.779E+00
3.866053E+00  7.049E+00
3.866115E+00  4.533E+00
3.866176E+00  2.702E+00
3.866238E+00  1.665E+00
3.866299E+00  1.119E+00
3.866360E+00  8.346E-01
3.866420E+00  6.886E-01
3.866481E+00  6.168E-01
3.866541E+00  5.859E-01
3.866600E+00  5.780E-01
3.866660E+00  5.833E-01
3.866719E+00  5.968E-01
3.866778E+00  6.166E-01
3.866837E+00  6.436E-01
3.866896E+00  6.832E-01
3.866954E+00  7.450E-01
3.867070E+00  9.201E-01
3.867127E+00  9.709E-01
3.867185E+00  9.879E-01
3.867411E+00  1.007E+00
3.867634E+00  1.058E+00
3.867799E+00  1.117E+00
3.867908E+00  1.177E+00
3.868016E+00  1.269E+00
3.868069E+00  1.334E+00
3.868176E+00  1.503E+00
3.868281E+00  1.689E+00
3.868386E+00  1.832E+00
3.868490E+00  1.919E+00
3.868593E+00  1.957E+00
3.868644E+00  1.947E+00
3.868695E+00  1.908E+00
3.868746E+00  1.832E+00
3.868796E+00  1.722E+00
3.868897E+00  1.454E+00
3.868947E+00  1.336E+00
3.868996E+00  1.245E+00
3.869046E+00  1.182E+00
3.869095E+00  1.143E+00
3.869144E+00  1.123E+00
3.869242E+00  1.118E+00
3.869483E+00  1.181E+00
3.869530E+00  1.266E+00
3.869578E+00  1.251E+00
3.869719E+00  1.303E+00
3.870042E+00  1.478E+00
3.870267E+00  1.648E+00
3.870444E+00  1.840E+00
3.870574E+00  2.042E+00
3.870661E+00  2.221E+00
3.870832E+00  2.665E+00
3.870874E+00  2.705E+00
3.870916E+00  2.611E+00
3.870958E+00  2.618E+00
3.871000E+00  3.530E+00
3.871083E+00  7.012E+00
3.871124E+00  8.442E+00
3.871165E+00  8.632E+00
3.871207E+00  6.959E+00
3.871247E+00  4.585E+00
3.871288E+00  2.792E+00
3.871329E+00  1.736E+00
3.871369E+00  1.161E+00
3.871409E+00  8.552E-01
3.871449E+00  6.938E-01
3.871489E+00  6.114E-01
3.871529E+00  5.729E-01
3.871569E+00  5.594E-01
3.871608E+00  5.604E-01
3.871648E+00  5.708E-01
3.871687E+00  5.903E-01
3.871726E+00  6.241E-01
3.871765E+00  6.834E-01
3.871804E+00  7.675E-01
3.871842E+00  8.417E-01
3.871881E+00  8.821E-01
3.871957E+00  9.130E-01
3.872146E+00  9.806E-01
3.872295E+00  1.057E+00
3.872405E+00  1.141E+00
3.872477E+00  1.230E+00
3.872549E+00  1.364E+00
3.872657E+00  1.620E+00
3.872727E+00  1.749E+00
3.872833E+00  1.852E+00
3.872902E+00  1.879E+00
3.872937E+00  1.870E+00
3.872971E+00  1.837E+00
3.873006E+00  1.772E+00
3.873040E+00  1.676E+00
3.873108E+00  1.434E+00
3.873142E+00  1.324E+00
3.873176E+00  1.240E+00
3.873209E+00  1.182E+00
3.873243E+00  1.147E+00
3.873276E+00  1.129E+00
3.873343E+00  1.128E+00
3.873408E+00  1.146E+00
3.873441E+00  1.525E+00
3.873474E+00  1.209E+00
3.873603E+00  1.284E+00
3.873826E+00  1.461E+00
3.873981E+00  1.627E+00
3.874074E+00  1.757E+00
3.874165E+00  1.928E+00
3.874255E+00  2.163E+00
3.874314E+00  2.374E+00
3.874403E+00  2.753E+00
3.874432E+00  2.808E+00
3.874462E+00  2.695E+00
3.874491E+00  2.636E+00
3.874520E+00  3.467E+00
3.874549E+00  5.164E+00
3.874578E+00  6.993E+00
3.874606E+00  8.439E+00
3.874635E+00  8.667E+00
3.874664E+00  7.098E+00
3.874692E+00  4.777E+00
3.874720E+00  2.954E+00
3.874749E+00  1.846E+00
3.874777E+00  1.229E+00
3.874805E+00  8.935E-01
3.874833E+00  7.126E-01
3.874861E+00  6.173E-01
3.874889E+00  5.700E-01
3.874916E+00  5.501E-01
3.874944E+00  5.465E-01
3.874972E+00  5.544E-01
3.874999E+00  5.754E-01
3.875026E+00  6.190E-01
3.875081E+00  7.671E-01
3.875108E+00  8.161E-01
3.875135E+00  8.425E-01
3.875347E+00  9.772E-01
3.875452E+00  1.067E+00
3.875503E+00  1.132E+00
3.875555E+00  1.227E+00
3.875606E+00  1.369E+00
3.875681E+00  1.627E+00
3.875731E+00  1.743E+00
3.875781E+00  1.806E+00
3.875855E+00  1.843E+00
3.875880E+00  1.832E+00
3.875904E+00  1.801E+00
3.875929E+00  1.741E+00
3.875953E+00  1.653E+00
3.876026E+00  1.323E+00
3.876050E+00  1.240E+00
3.876074E+00  1.182E+00
3.876097E+00  1.147E+00
3.876121E+00  1.128E+00
3.876168E+00  1.119E+00
3.876192E+00  1.217E+00
3.876216E+00  1.175E+00
3.876285E+00  1.224E+00
3.876446E+00  1.391E+00
3.876581E+00  1.574E+00
3.876670E+00  1.739E+00
3.876736E+00  1.904E+00
3.876801E+00  2.130E+00
3.876844E+00  2.332E+00
3.876929E+00  2.845E+00
3.876950E+00  2.834E+00
3.876972E+00  2.633E+00
3.876993E+00  2.786E+00
3.877014E+00  3.957E+00
3.877035E+00  5.792E+00
3.877055E+00  7.608E+00
3.877076E+00  8.771E+00
3.877097E+00  8.350E+00
3.877118E+00  6.337E+00
3.877138E+00  4.110E+00
3.877159E+00  2.545E+00
3.877179E+00  1.623E+00
3.877200E+00  1.111E+00
3.877220E+00  8.294E-01
3.877240E+00  6.764E-01
3.877261E+00  5.953E-01
3.877281E+00  5.550E-01
3.877301E+00  5.385E-01
3.877321E+00  5.375E-01
3.877341E+00  5.510E-01
3.877356E+00  5.761E-01
3.887336E+00  1.767E+00
3.937336E+00  1.661E+00
4.187336E+00  1.405E+00
4.387336E+00  1.241E+00
4.637336E+00  1.068E+00
4.887336E+00  9.252E-01
5.137336E+00  8.094E-01
5.437336E+00  6.930E-01
5.737336E+00  5.966E-01
6.087336E+00  5.079E-01
6.437336E+00  4.343E-01
6.787336E+00  3.740E-01
7.287336E+00  3.066E-01
7.637336E+00  2.684E-01
8.187336E+00  2.201E-01
8.687336E+00  1.858E-01
9.137336E+00  1.610E-01
9.687336E+00  1.353E-01
1.018402E+01  1.166E-01
1.070617E+01  1.005E-01
1.125508E+01  8.659E-02
1.183215E+01  7.462E-02
1.243880E+01  6.431E-02
1.307655E+01  5.542E-02
1.374700E+01  4.776E-02
1.445183E+01  4.116E-02
1.519279E+01  3.547E-02
1.597175E+01  3.056E-02
1.679064E+01  2.634E-02
1.765152E+01  2.270E-02
1.855653E+01  1.956E-02
1.950795E+01  1.686E-02
2.050815E+01  1.453E-02
2.155963E+01  1.252E-02
2.266502E+01  1.079E-02
2.382708E+01  9.297E-03
2.504873E+01  8.012E-03
2.633301E+01  6.904E-03
2.768314E+01  5.950E-03
2.910249E+01  5.128E-03
3.059461E+01  4.419E-03
3.216323E+01  3.808E-03
3.381229E+01  3.282E-03
3.554589E+01  2.828E-03
3.736837E+01  2.437E-03
3.928429E+01  2.100E-03
