# photon energy(Ry), cross section(Mb)
6.255047E-02  3.573E+01
6.455047E-02  3.271E+01
6.655047E-02  3.002E+01
6.855047E-02  2.760E+01
7.055047E-02  2.542E+01
7.255047E-02  2.346E+01
7.455047E-02  2.168E+01
7.655047E-02  2.008E+01
7.855047E-02  1.862E+01
8.055047E-02  1.729E+01
8.255047E-02  1.609E+01
8.455047E-02  1.498E+01
8.655047E-02  1.398E+01
8.855047E-02  1.305E+01
9.055047E-02  1.221E+01
9.255047E-02  1.143E+01
9.455047E-02  1.071E+01
9.655047E-02  1.005E+01
9.855047E-02  9.441E+00
1.005505E-01  8.878E+00
1.025505E-01  8.357E+00
1.045505E-01  7.875E+00
1.065505E-01  7.427E+00
1.085505E-01  7.011E+00
1.105505E-01  6.624E+00
1.125505E-01  6.264E+00
1.145505E-01  5.928E+00
1.165505E-01  5.615E+00
1.185505E-01  5.322E+00
1.205505E-01  5.049E+00
1.225505E-01  4.793E+00
1.245505E-01  4.553E+00
1.265505E-01  4.328E+00
1.285505E-01  4.117E+00
1.305505E-01  3.919E+00
1.325505E-01  3.732E+00
1.345505E-01  3.557E+00
1.365505E-01  3.392E+00
1.385505E-01  3.236E+00
1.405505E-01  3.089E+00
1.425505E-01  2.950E+00
1.445505E-01  2.819E+00
1.465505E-01  2.696E+00
1.485505E-01  2.578E+00
1.505505E-01  2.468E+00
1.525505E-01  2.363E+00
1.545505E-01  2.263E+00
1.565505E-01  2.169E+00
1.585505E-01  2.079E+00
1.605505E-01  1.994E+00
1.625505E-01  1.913E+00
1.645505E-01  1.836E+00
1.665505E-01  1.763E+00
1.685505E-01  1.694E+00
1.705505E-01  1.627E+00
1.725505E-01  1.564E+00
1.745505E-01  1.504E+00
1.765505E-01  1.447E+00
1.785505E-01  1.392E+00
1.805505E-01  1.340E+00
1.825505E-01  1.290E+00
1.845505E-01  1.243E+00
1.865505E-01  1.198E+00
1.885505E-01  1.154E+00
1.905505E-01  1.113E+00
1.925505E-01  1.073E+00
1.945505E-01  1.035E+00
1.965505E-01  9.988E-01
1.985505E-01  9.640E-01
2.005505E-01  9.308E-01
2.025505E-01  8.989E-01
2.045505E-01  8.684E-01
2.065505E-01  8.391E-01
2.085505E-01  8.110E-01
2.105505E-01  7.841E-01
2.125505E-01  7.583E-01
2.145505E-01  7.335E-01
2.165505E-01  7.098E-01
2.185505E-01  6.869E-01
2.205505E-01  6.650E-01
2.225505E-01  6.440E-01
2.245505E-01  6.237E-01
2.265505E-01  6.043E-01
2.285505E-01  5.856E-01
2.305505E-01  5.676E-01
2.325505E-01  5.504E-01
2.345505E-01  5.337E-01
2.365505E-01  5.177E-01
2.385505E-01  5.023E-01
2.405505E-01  4.875E-01
2.425505E-01  4.732E-01
2.445505E-01  4.595E-01
2.465505E-01  4.462E-01
2.485505E-01  4.334E-01
2.505505E-01  4.211E-01
2.525505E-01  4.092E-01
2.545505E-01  3.977E-01
2.565505E-01  3.867E-01
2.585505E-01  3.760E-01
2.605505E-01  3.657E-01
2.625505E-01  3.558E-01
2.645505E-01  3.461E-01
2.665505E-01  3.369E-01
2.685505E-01  3.279E-01
2.705505E-01  3.192E-01
2.725505E-01  3.108E-01
2.745505E-01  3.027E-01
2.765505E-01  2.949E-01
2.785505E-01  2.873E-01
2.805505E-01  2.799E-01
2.825505E-01  2.728E-01
2.845505E-01  2.659E-01
2.865505E-01  2.592E-01
2.885505E-01  2.527E-01
2.905505E-01  2.465E-01
2.925505E-01  2.404E-01
2.945505E-01  2.345E-01
2.965505E-01  2.288E-01
2.985505E-01  2.232E-01
3.005505E-01  2.178E-01
3.025505E-01  2.126E-01
3.045505E-01  2.075E-01
3.065505E-01  2.026E-01
3.085505E-01  1.978E-01
3.105505E-01  1.931E-01
3.125505E-01  1.886E-01
3.145505E-01  1.842E-01
3.165505E-01  1.799E-01
3.185505E-01  1.758E-01
3.205505E-01  1.717E-01
3.225505E-01  1.678E-01
3.245505E-01  1.640E-01
3.265505E-01  1.602E-01
3.285505E-01  1.566E-01
3.305505E-01  1.531E-01
3.325505E-01  1.497E-01
3.345505E-01  1.463E-01
3.365505E-01  1.431E-01
3.385505E-01  1.399E-01
3.405505E-01  1.368E-01
3.425505E-01  1.338E-01
3.445505E-01  1.308E-01
3.465505E-01  1.280E-01
3.485505E-01  1.252E-01
3.505505E-01  1.225E-01
3.525505E-01  1.198E-01
3.545505E-01  1.172E-01
3.565505E-01  1.147E-01
3.585505E-01  1.123E-01
3.605505E-01  1.099E-01
3.625505E-01  1.075E-01
3.645505E-01  1.053E-01
3.665505E-01  1.030E-01
3.685505E-01  1.009E-01
3.705505E-01  9.876E-02
3.725505E-01  9.669E-02
3.745505E-01  9.468E-02
3.765505E-01  9.272E-02
3.785505E-01  9.080E-02
3.805505E-01  8.893E-02
3.825505E-01  8.711E-02
3.845505E-01  8.533E-02
3.865505E-01  8.359E-02
3.885505E-01  8.190E-02
3.905505E-01  8.024E-02
3.925505E-01  7.863E-02
3.945505E-01  7.705E-02
3.965505E-01  7.551E-02
3.985505E-01  7.401E-02
4.005505E-01  7.254E-02
4.025505E-01  7.111E-02
4.045505E-01  6.972E-02
4.065505E-01  6.835E-02
4.085505E-01  6.702E-02
4.105505E-01  6.573E-02
4.125505E-01  6.446E-02
4.145505E-01  6.322E-02
4.165505E-01  6.201E-02
4.185505E-01  6.083E-02
4.205505E-01  5.968E-02
4.225505E-01  5.855E-02
4.245505E-01  5.746E-02
4.265505E-01  5.638E-02
4.285505E-01  5.534E-02
4.305505E-01  5.431E-02
4.325505E-01  5.332E-02
4.345505E-01  5.234E-02
4.365505E-01  5.139E-02
4.385505E-01  5.046E-02
4.405505E-01  4.955E-02
4.425505E-01  4.866E-02
4.445505E-01  4.779E-02
4.465505E-01  4.694E-02
4.485505E-01  4.612E-02
4.505505E-01  4.531E-02
4.525505E-01  4.452E-02
4.545505E-01  4.374E-02
4.565505E-01  4.299E-02
4.585505E-01  4.225E-02
4.605505E-01  4.153E-02
4.625505E-01  4.082E-02
4.645505E-01  4.013E-02
4.665505E-01  3.946E-02
4.685505E-01  3.880E-02
4.705505E-01  3.815E-02
4.725505E-01  3.752E-02
4.745505E-01  3.690E-02
4.765505E-01  3.629E-02
4.785505E-01  3.570E-02
4.805505E-01  3.512E-02
4.825505E-01  3.455E-02
4.845505E-01  3.400E-02
4.865505E-01  3.345E-02
4.885505E-01  3.292E-02
4.905505E-01  3.240E-02
4.925505E-01  3.189E-02
4.945505E-01  3.139E-02
4.965505E-01  3.090E-02
4.985505E-01  3.041E-02
5.005505E-01  2.994E-02
5.025505E-01  2.948E-02
5.045505E-01  2.903E-02
5.065505E-01  2.858E-02
5.085505E-01  2.814E-02
5.105505E-01  2.772E-02
5.125505E-01  2.730E-02
5.145505E-01  2.688E-02
5.165505E-01  2.648E-02
5.185505E-01  2.608E-02
5.205505E-01  2.569E-02
5.225505E-01  2.531E-02
5.245505E-01  2.493E-02
5.265505E-01  2.456E-02
5.285505E-01  2.420E-02
5.305505E-01  2.384E-02
5.325505E-01  2.349E-02
5.345505E-01  2.314E-02
5.365505E-01  2.280E-02
5.385505E-01  2.247E-02
5.405505E-01  2.214E-02
5.425505E-01  2.182E-02
5.445505E-01  2.150E-02
5.465505E-01  2.119E-02
5.485505E-01  2.088E-02
5.505505E-01  2.058E-02
5.525505E-01  2.028E-02
5.545505E-01  1.999E-02
5.565505E-01  1.970E-02
5.585505E-01  1.942E-02
5.605505E-01  1.914E-02
5.625505E-01  1.886E-02
5.645505E-01  1.859E-02
5.665505E-01  1.833E-02
5.685505E-01  1.806E-02
5.705505E-01  1.780E-02
5.725505E-01  1.755E-02
5.745505E-01  1.730E-02
5.765505E-01  1.705E-02
5.785505E-01  1.681E-02
5.805505E-01  1.657E-02
5.825505E-01  1.633E-02
5.845505E-01  1.610E-02
5.865505E-01  1.587E-02
5.885505E-01  1.565E-02
5.905505E-01  1.542E-02
5.925505E-01  1.520E-02
5.945505E-01  1.499E-02
5.965505E-01  1.478E-02
5.985505E-01  1.457E-02
6.005505E-01  1.436E-02
6.025505E-01  1.416E-02
6.045505E-01  1.396E-02
6.065505E-01  1.376E-02
6.085505E-01  1.356E-02
6.105505E-01  1.337E-02
6.125505E-01  1.318E-02
6.145505E-01  1.300E-02
6.165505E-01  1.281E-02
6.185505E-01  1.263E-02
6.205505E-01  1.246E-02
6.225505E-01  1.228E-02
6.245505E-01  1.211E-02
6.265505E-01  1.194E-02
6.285505E-01  1.177E-02
6.305505E-01  1.161E-02
6.325505E-01  1.145E-02
6.345505E-01  1.129E-02
6.365505E-01  1.113E-02
6.385505E-01  1.098E-02
6.405505E-01  1.082E-02
6.425505E-01  1.067E-02
6.445505E-01  1.053E-02
6.465505E-01  1.038E-02
6.485505E-01  1.024E-02
6.505505E-01  1.010E-02
6.525505E-01  9.962E-03
6.545505E-01  9.826E-03
6.565505E-01  9.692E-03
6.585505E-01  9.561E-03
6.605505E-01  9.431E-03
6.625505E-01  9.304E-03
6.645505E-01  9.179E-03
6.665505E-01  9.056E-03
6.685505E-01  8.935E-03
6.705505E-01  8.816E-03
6.725505E-01  8.698E-03
6.745505E-01  8.583E-03
6.765505E-01  8.470E-03
6.785505E-01  8.359E-03
6.805505E-01  8.249E-03
6.825505E-01  8.142E-03
6.845505E-01  8.036E-03
6.865505E-01  7.932E-03
6.885505E-01  7.830E-03
6.905505E-01  7.729E-03
6.925505E-01  7.630E-03
6.945505E-01  7.533E-03
6.965505E-01  7.438E-03
6.985505E-01  7.344E-03
7.005505E-01  7.251E-03
7.025505E-01  7.161E-03
7.045505E-01  7.072E-03
7.065505E-01  6.984E-03
7.085505E-01  6.898E-03
7.105505E-01  6.813E-03
7.125505E-01  6.730E-03
7.145505E-01  6.648E-03
7.165505E-01  6.568E-03
7.185505E-01  6.488E-03
7.205505E-01  6.411E-03
7.225505E-01  6.334E-03
7.245505E-01  6.259E-03
7.265505E-01  6.185E-03
7.285505E-01  6.113E-03
7.305505E-01  6.041E-03
7.325505E-01  5.971E-03
7.345505E-01  5.902E-03
7.365505E-01  5.834E-03
7.385505E-01  5.767E-03
7.405505E-01  5.701E-03
7.425505E-01  5.636E-03
7.445505E-01  5.573E-03
7.465505E-01  5.510E-03
7.485505E-01  5.448E-03
7.505505E-01  5.388E-03
7.525505E-01  5.328E-03
7.545505E-01  5.269E-03
7.565505E-01  5.211E-03
7.585505E-01  5.154E-03
7.605505E-01  5.098E-03
7.625505E-01  5.043E-03
7.645505E-01  4.989E-03
7.665505E-01  4.935E-03
7.685505E-01  4.882E-03
7.705505E-01  4.830E-03
7.725505E-01  4.779E-03
7.745505E-01  4.728E-03
7.765505E-01  4.678E-03
7.785505E-01  4.629E-03
7.805505E-01  4.581E-03
7.825505E-01  4.533E-03
7.845505E-01  4.486E-03
7.865505E-01  4.439E-03
7.885505E-01  4.393E-03
7.905505E-01  4.348E-03
7.925505E-01  4.303E-03
7.945505E-01  4.259E-03
7.965505E-01  4.215E-03
7.985505E-01  4.172E-03
8.005505E-01  4.130E-03
8.025505E-01  4.088E-03
8.045505E-01  4.046E-03
8.065505E-01  4.005E-03
8.085505E-01  3.964E-03
8.105505E-01  3.924E-03
8.125505E-01  3.885E-03
8.145505E-01  3.845E-03
8.165505E-01  3.807E-03
8.185505E-01  3.768E-03
8.205505E-01  3.730E-03
8.225505E-01  3.693E-03
8.245505E-01  3.656E-03
8.265505E-01  3.619E-03
8.285505E-01  3.582E-03
8.305505E-01  3.546E-03
8.325505E-01  3.511E-03
8.345505E-01  3.475E-03
8.365505E-01  3.440E-03
8.385505E-01  3.406E-03
8.405505E-01  3.371E-03
8.425505E-01  3.337E-03
8.445505E-01  3.304E-03
8.465505E-01  3.270E-03
8.485505E-01  3.237E-03
8.505505E-01  3.204E-03
8.525505E-01  3.172E-03
8.545505E-01  3.140E-03
8.565505E-01  3.108E-03
8.585505E-01  3.076E-03
8.605505E-01  3.045E-03
8.625505E-01  3.014E-03
8.645505E-01  2.983E-03
8.665505E-01  2.953E-03
8.685505E-01  2.923E-03
8.705505E-01  2.893E-03
8.725505E-01  2.863E-03
8.745505E-01  2.833E-03
8.765505E-01  2.804E-03
8.785505E-01  2.775E-03
8.805505E-01  2.747E-03
8.825505E-01  2.718E-03
8.845505E-01  2.690E-03
8.865505E-01  2.662E-03
8.885505E-01  2.634E-03
8.905505E-01  2.607E-03
8.925505E-01  2.580E-03
8.945505E-01  2.553E-03
8.965505E-01  2.526E-03
8.985505E-01  2.499E-03
9.005505E-01  2.473E-03
9.025505E-01  2.447E-03
9.045505E-01  2.421E-03
9.065505E-01  2.396E-03
9.085505E-01  2.371E-03
9.105505E-01  2.345E-03
9.125505E-01  2.321E-03
9.145505E-01  2.296E-03
9.165505E-01  2.272E-03
9.185505E-01  2.248E-03
9.205505E-01  2.224E-03
9.225505E-01  2.200E-03
9.245505E-01  2.177E-03
9.265505E-01  2.153E-03
9.285505E-01  2.130E-03
9.305505E-01  2.108E-03
9.325505E-01  2.085E-03
9.345505E-01  2.063E-03
9.365505E-01  2.041E-03
9.385505E-01  2.019E-03
9.405505E-01  1.997E-03
9.425505E-01  1.976E-03
9.445505E-01  1.955E-03
9.465505E-01  1.934E-03
9.485505E-01  1.913E-03
9.505505E-01  1.893E-03
9.525505E-01  1.873E-03
9.545505E-01  1.853E-03
9.565505E-01  1.833E-03
9.585505E-01  1.814E-03
9.605505E-01  1.794E-03
9.625505E-01  1.775E-03
9.645505E-01  1.756E-03
9.665505E-01  1.738E-03
9.685505E-01  1.719E-03
9.705505E-01  1.701E-03
9.725505E-01  1.683E-03
9.745505E-01  1.665E-03
9.765505E-01  1.648E-03
9.785505E-01  1.631E-03
9.805505E-01  1.614E-03
9.825505E-01  1.597E-03
9.845505E-01  1.580E-03
9.865505E-01  1.564E-03
9.885505E-01  1.547E-03
9.905505E-01  1.531E-03
9.925505E-01  1.515E-03
9.945505E-01  1.500E-03
9.965505E-01  1.484E-03
9.985505E-01  1.469E-03
1.000550E+00  1.454E-03
1.002550E+00  1.439E-03
1.004550E+00  1.425E-03
1.006550E+00  1.410E-03
1.008550E+00  1.396E-03
1.010550E+00  1.382E-03
1.012550E+00  1.368E-03
1.014550E+00  1.355E-03
1.016550E+00  1.341E-03
1.018550E+00  1.328E-03
1.020550E+00  1.315E-03
1.022550E+00  1.302E-03
1.024550E+00  1.289E-03
1.026550E+00  1.277E-03
1.028550E+00  1.264E-03
1.030550E+00  1.252E-03
1.032550E+00  1.240E-03
1.034550E+00  1.228E-03
1.036550E+00  1.217E-03
1.038550E+00  1.205E-03
1.040550E+00  1.194E-03
1.042550E+00  1.183E-03
1.044550E+00  1.172E-03
1.046550E+00  1.161E-03
1.048550E+00  1.150E-03
1.050550E+00  1.139E-03
1.052550E+00  1.129E-03
1.054550E+00  1.119E-03
1.056550E+00  1.109E-03
1.058550E+00  1.099E-03
1.060550E+00  1.089E-03
1.062550E+00  1.079E-03
1.064550E+00  1.070E-03
1.066550E+00  1.060E-03
1.068550E+00  1.051E-03
1.070550E+00  1.042E-03
1.072550E+00  1.033E-03
1.074550E+00  1.024E-03
1.076550E+00  1.015E-03
1.078550E+00  1.006E-03
1.080550E+00  9.976E-04
1.082550E+00  9.891E-04
1.084550E+00  9.808E-04
1.086550E+00  9.726E-04
1.088550E+00  9.644E-04
1.090550E+00  9.564E-04
1.092550E+00  9.485E-04
1.094550E+00  9.407E-04
1.096550E+00  9.330E-04
1.098550E+00  9.254E-04
1.100550E+00  9.178E-04
1.102550E+00  9.104E-04
1.104550E+00  9.030E-04
1.106550E+00  8.958E-04
1.108550E+00  8.886E-04
1.110550E+00  8.815E-04
1.112550E+00  8.745E-04
1.114550E+00  8.676E-04
1.116550E+00  8.608E-04
1.118550E+00  8.540E-04
1.120550E+00  8.473E-04
1.122550E+00  8.407E-04
1.124550E+00  8.341E-04
1.126550E+00  8.276E-04
1.128550E+00  8.212E-04
1.130550E+00  8.148E-04
1.132550E+00  8.085E-04
1.134550E+00  8.023E-04
1.136550E+00  7.961E-04
1.138550E+00  7.900E-04
1.140550E+00  7.840E-04
1.142550E+00  7.780E-04
1.144550E+00  7.720E-04
1.146550E+00  7.661E-04
1.148550E+00  7.603E-04
1.150550E+00  7.545E-04
1.152550E+00  7.487E-04
1.154550E+00  7.430E-04
1.156550E+00  7.373E-04
1.158550E+00  7.317E-04
1.160550E+00  7.261E-04
1.162550E+00  7.206E-04
1.164550E+00  7.151E-04
1.166550E+00  7.097E-04
1.168550E+00  7.042E-04
1.170550E+00  6.989E-04
1.172550E+00  6.935E-04
1.174550E+00  6.882E-04
1.176550E+00  6.829E-04
1.178550E+00  6.777E-04
1.180550E+00  6.725E-04
1.182550E+00  6.673E-04
1.184550E+00  6.621E-04
1.186550E+00  6.570E-04
1.188550E+00  6.519E-04
1.190550E+00  6.469E-04
1.192550E+00  6.418E-04
1.194550E+00  6.368E-04
1.196550E+00  6.319E-04
1.198550E+00  6.269E-04
1.200550E+00  6.220E-04
1.202550E+00  6.171E-04
1.204550E+00  6.122E-04
1.206550E+00  6.074E-04
1.208550E+00  6.025E-04
1.210550E+00  5.977E-04
1.212550E+00  5.930E-04
1.214550E+00  5.882E-04
1.216550E+00  5.835E-04
1.218550E+00  5.788E-04
1.220550E+00  5.741E-04
1.222550E+00  5.695E-04
1.224550E+00  5.648E-04
1.226550E+00  5.602E-04
1.228550E+00  5.556E-04
1.230550E+00  5.511E-04
1.232550E+00  5.465E-04
1.234550E+00  5.420E-04
1.236550E+00  5.375E-04
1.238550E+00  5.331E-04
1.240550E+00  5.286E-04
1.242550E+00  5.242E-04
1.244550E+00  5.198E-04
1.246550E+00  5.154E-04
1.248550E+00  5.111E-04
1.250550E+00  5.067E-04
1.252550E+00  5.024E-04
1.254550E+00  4.981E-04
1.256550E+00  4.939E-04
1.258550E+00  4.896E-04
1.260550E+00  4.854E-04
1.262550E+00  4.812E-04
1.264550E+00  4.771E-04
1.266550E+00  4.730E-04
1.268550E+00  4.688E-04
1.270550E+00  4.648E-04
1.272550E+00  4.607E-04
1.274550E+00  4.567E-04
1.276550E+00  4.526E-04
1.278550E+00  4.487E-04
1.280550E+00  4.447E-04
1.282550E+00  4.408E-04
1.284550E+00  4.369E-04
1.286550E+00  4.330E-04
1.288550E+00  4.291E-04
1.290550E+00  4.253E-04
1.292550E+00  4.215E-04
1.294550E+00  4.178E-04
1.296550E+00  4.140E-04
1.298550E+00  4.103E-04
1.300550E+00  4.066E-04
1.302550E+00  4.029E-04
1.304550E+00  3.993E-04
1.306550E+00  3.957E-04
1.308550E+00  3.921E-04
1.310550E+00  3.886E-04
1.312550E+00  3.851E-04
1.314550E+00  3.816E-04
1.316550E+00  3.781E-04
1.318550E+00  3.747E-04
1.320550E+00  3.713E-04
1.322550E+00  3.679E-04
1.324550E+00  3.645E-04
1.326550E+00  3.612E-04
1.328550E+00  3.579E-04
1.330550E+00  3.546E-04
1.332550E+00  3.514E-04
1.334550E+00  3.482E-04
1.336550E+00  3.450E-04
1.338550E+00  3.419E-04
1.340550E+00  3.388E-04
1.342550E+00  3.357E-04
1.344550E+00  3.326E-04
1.346550E+00  3.296E-04
1.348550E+00  3.266E-04
1.350550E+00  3.236E-04
1.352550E+00  3.206E-04
1.354550E+00  3.177E-04
1.356550E+00  3.148E-04
1.358550E+00  3.120E-04
1.360550E+00  3.091E-04
1.362550E+00  3.063E-04
1.364550E+00  3.035E-04
1.366550E+00  3.008E-04
1.368550E+00  2.981E-04
1.370550E+00  2.954E-04
1.372550E+00  2.927E-04
1.374550E+00  2.900E-04
1.376550E+00  2.874E-04
1.378550E+00  2.848E-04
1.380550E+00  2.823E-04
1.382550E+00  2.797E-04
1.384550E+00  2.772E-04
1.386550E+00  2.748E-04
1.388550E+00  2.723E-04
1.390550E+00  2.699E-04
1.392550E+00  2.675E-04
1.394550E+00  2.651E-04
1.396550E+00  2.627E-04
1.398550E+00  2.604E-04
1.400550E+00  2.581E-04
1.402550E+00  2.558E-04
1.404550E+00  2.536E-04
1.406550E+00  2.514E-04
1.408550E+00  2.492E-04
1.410550E+00  2.470E-04
1.412550E+00  2.448E-04
1.414550E+00  2.427E-04
1.416550E+00  2.406E-04
1.418550E+00  2.385E-04
1.420550E+00  2.365E-04
1.422550E+00  2.344E-04
1.424550E+00  2.324E-04
1.426550E+00  2.304E-04
1.428550E+00  2.285E-04
1.430550E+00  2.265E-04
1.432550E+00  2.246E-04
1.434550E+00  2.227E-04
1.436550E+00  2.208E-04
1.438550E+00  2.190E-04
1.440550E+00  2.171E-04
1.442550E+00  2.153E-04
1.444550E+00  2.135E-04
1.446550E+00  2.118E-04
1.448550E+00  2.100E-04
1.450550E+00  2.083E-04
1.452550E+00  2.066E-04
1.454550E+00  2.049E-04
1.456550E+00  2.032E-04
1.458550E+00  2.016E-04
1.460550E+00  2.000E-04
1.462550E+00  1.984E-04
1.464550E+00  1.968E-04
1.466550E+00  1.952E-04
1.468550E+00  1.936E-04
1.470550E+00  1.921E-04
1.472550E+00  1.906E-04
1.474550E+00  1.891E-04
1.476550E+00  1.876E-04
1.478550E+00  1.861E-04
1.480550E+00  1.847E-04
1.482550E+00  1.832E-04
1.484550E+00  1.818E-04
1.486550E+00  1.804E-04
1.488550E+00  1.790E-04
1.490550E+00  1.777E-04
1.492550E+00  1.763E-04
1.494550E+00  1.750E-04
1.496550E+00  1.737E-04
1.498550E+00  1.723E-04
1.500550E+00  1.710E-04
1.502550E+00  1.698E-04
1.504550E+00  1.685E-04
1.506550E+00  1.672E-04
1.508550E+00  1.660E-04
1.510550E+00  1.648E-04
1.512550E+00  1.636E-04
1.514550E+00  1.623E-04
1.516550E+00  1.612E-04
1.518550E+00  1.600E-04
1.520550E+00  1.588E-04
1.522550E+00  1.577E-04
1.524550E+00  1.565E-04
1.526550E+00  1.554E-04
1.528550E+00  1.542E-04
1.530550E+00  1.531E-04
1.532550E+00  1.520E-04
1.534550E+00  1.509E-04
1.536550E+00  1.498E-04
1.538550E+00  1.488E-04
1.540550E+00  1.477E-04
1.542550E+00  1.466E-04
1.544550E+00  1.456E-04
1.546550E+00  1.446E-04
1.548550E+00  1.435E-04
1.550550E+00  1.425E-04
1.552550E+00  1.415E-04
1.554550E+00  1.405E-04
1.556550E+00  1.395E-04
1.558550E+00  1.385E-04
1.560550E+00  1.375E-04
1.562550E+00  1.365E-04
1.564550E+00  1.355E-04
1.566550E+00  1.346E-04
1.568550E+00  1.336E-04
1.570550E+00  1.327E-04
1.572550E+00  1.317E-04
1.574550E+00  1.308E-04
1.576550E+00  1.298E-04
1.578550E+00  1.289E-04
1.580550E+00  1.280E-04
1.582550E+00  1.271E-04
1.584550E+00  1.262E-04
1.586550E+00  1.252E-04
1.588550E+00  1.243E-04
1.590550E+00  1.234E-04
1.592550E+00  1.225E-04
1.594550E+00  1.217E-04
1.596550E+00  1.208E-04
1.598550E+00  1.199E-04
1.600550E+00  1.190E-04
1.602550E+00  1.181E-04
1.604550E+00  1.173E-04
1.606550E+00  1.164E-04
1.608550E+00  1.155E-04
1.610550E+00  1.147E-04
1.612550E+00  1.138E-04
1.614550E+00  1.130E-04
1.616550E+00  1.121E-04
1.618550E+00  1.113E-04
1.620550E+00  1.105E-04
1.622550E+00  1.096E-04
1.624550E+00  1.088E-04
1.626550E+00  1.080E-04
1.628550E+00  1.072E-04
1.630550E+00  1.064E-04
1.632550E+00  1.056E-04
1.634550E+00  1.047E-04
1.636550E+00  1.039E-04
1.638550E+00  1.031E-04
1.640550E+00  1.024E-04
1.642550E+00  1.016E-04
1.644550E+00  1.008E-04
1.646550E+00  1.000E-04
1.648550E+00  9.922E-05
1.650550E+00  9.845E-05
1.652550E+00  9.768E-05
1.654550E+00  9.691E-05
1.656550E+00  9.615E-05
1.658550E+00  9.540E-05
1.660550E+00  9.465E-05
1.662550E+00  9.390E-05
1.664550E+00  9.316E-05
1.666550E+00  9.242E-05
1.668550E+00  9.169E-05
1.670550E+00  9.096E-05
1.672550E+00  9.023E-05
1.674550E+00  8.951E-05
1.676550E+00  8.880E-05
1.678550E+00  8.809E-05
1.680550E+00  8.738E-05
1.682550E+00  8.668E-05
1.684550E+00  8.599E-05
1.686550E+00  8.530E-05
1.688550E+00  8.461E-05
1.690550E+00  8.393E-05
1.692550E+00  8.325E-05
1.694550E+00  8.258E-05
1.696550E+00  8.191E-05
1.698550E+00  8.125E-05
1.700550E+00  8.059E-05
1.702550E+00  7.994E-05
1.704550E+00  7.929E-05
1.706550E+00  7.865E-05
1.708550E+00  7.801E-05
1.710550E+00  7.738E-05
1.712550E+00  7.675E-05
1.714550E+00  7.613E-05
1.716550E+00  7.551E-05
1.718550E+00  7.490E-05
1.720550E+00  7.429E-05
1.722550E+00  7.368E-05
1.724550E+00  7.308E-05
1.726550E+00  7.249E-05
1.728550E+00  7.190E-05
1.730550E+00  7.131E-05
1.732550E+00  7.073E-05
1.734550E+00  7.015E-05
1.736550E+00  6.958E-05
1.738550E+00  6.901E-05
1.740550E+00  6.845E-05
1.742550E+00  6.789E-05
1.744550E+00  6.733E-05
1.746550E+00  6.678E-05
1.748550E+00  6.623E-05
1.750550E+00  6.569E-05
1.752550E+00  6.515E-05
1.754550E+00  6.461E-05
1.756550E+00  6.408E-05
1.758550E+00  6.355E-05
1.760550E+00  6.303E-05
1.762550E+00  6.250E-05
1.764550E+00  6.199E-05
1.766550E+00  6.147E-05
1.768550E+00  6.096E-05
1.770550E+00  6.045E-05
1.772550E+00  5.995E-05
1.774550E+00  5.944E-05
1.776550E+00  5.895E-05
1.778550E+00  5.845E-05
1.780550E+00  5.796E-05
1.782550E+00  5.746E-05
1.784550E+00  5.698E-05
1.786550E+00  5.649E-05
1.788550E+00  5.601E-05
1.790550E+00  5.553E-05
1.792550E+00  5.505E-05
1.794550E+00  5.457E-05
1.796550E+00  5.410E-05
1.798550E+00  5.363E-05
1.800550E+00  5.316E-05
1.802550E+00  5.269E-05
1.804550E+00  5.222E-05
1.806550E+00  5.176E-05
1.808550E+00  5.130E-05
1.810550E+00  5.084E-05
1.812550E+00  5.038E-05
1.814550E+00  4.992E-05
1.816550E+00  4.947E-05
1.818550E+00  4.902E-05
1.820550E+00  4.856E-05
1.822550E+00  4.811E-05
1.824550E+00  4.767E-05
1.826550E+00  4.722E-05
1.828550E+00  4.677E-05
1.830550E+00  4.633E-05
1.832550E+00  4.589E-05
1.834550E+00  4.544E-05
1.836550E+00  4.500E-05
1.838550E+00  4.457E-05
1.840550E+00  4.413E-05
1.842550E+00  4.369E-05
1.844550E+00  4.326E-05
1.846550E+00  4.283E-05
1.848550E+00  4.240E-05
1.850550E+00  4.197E-05
1.852550E+00  4.154E-05
1.854550E+00  4.111E-05
1.856550E+00  4.069E-05
1.858550E+00  4.026E-05
1.860550E+00  3.984E-05
1.862550E+00  3.942E-05
1.864550E+00  3.900E-05
1.866550E+00  3.858E-05
1.868550E+00  3.817E-05
1.870550E+00  3.775E-05
1.872550E+00  3.734E-05
1.874550E+00  3.693E-05
1.876550E+00  3.652E-05
1.878550E+00  3.611E-05
1.880550E+00  3.571E-05
1.882550E+00  3.531E-05
1.884550E+00  3.490E-05
1.886550E+00  3.451E-05
1.888550E+00  3.411E-05
1.890550E+00  3.371E-05
1.892550E+00  3.332E-05
1.894550E+00  3.293E-05
1.896550E+00  3.254E-05
1.898550E+00  3.216E-05
1.900550E+00  3.177E-05
1.902550E+00  3.139E-05
1.904550E+00  3.102E-05
1.906550E+00  3.064E-05
1.908550E+00  3.027E-05
1.910550E+00  2.990E-05
1.912550E+00  2.953E-05
1.914550E+00  2.916E-05
1.916550E+00  2.880E-05
1.918550E+00  2.844E-05
1.920550E+00  2.809E-05
1.922550E+00  2.773E-05
1.924550E+00  2.738E-05
1.926550E+00  2.704E-05
1.928550E+00  2.669E-05
1.930550E+00  2.635E-05
1.932550E+00  2.601E-05
1.934550E+00  2.568E-05
1.936550E+00  2.534E-05
1.938550E+00  2.502E-05
1.940550E+00  2.469E-05
1.942550E+00  2.437E-05
1.944550E+00  2.405E-05
1.946550E+00  2.373E-05
1.948550E+00  2.342E-05
1.950550E+00  2.311E-05
1.952550E+00  2.281E-05
1.954550E+00  2.250E-05
1.956550E+00  2.220E-05
1.958550E+00  2.191E-05
1.960550E+00  2.162E-05
1.962550E+00  2.133E-05
1.964550E+00  2.104E-05
1.966550E+00  2.076E-05
1.968550E+00  2.048E-05
1.970550E+00  2.020E-05
1.972550E+00  1.993E-05
1.974550E+00  1.966E-05
1.976550E+00  1.940E-05
1.978550E+00  1.914E-05
1.980550E+00  1.888E-05
1.982550E+00  1.862E-05
1.984550E+00  1.837E-05
1.986550E+00  1.812E-05
1.988550E+00  1.787E-05
1.990550E+00  1.763E-05
1.992550E+00  1.739E-05
1.994550E+00  1.715E-05
1.996550E+00  1.692E-05
1.998550E+00  1.669E-05
2.000550E+00  1.646E-05
2.002550E+00  1.624E-05
2.004550E+00  1.601E-05
2.006550E+00  1.579E-05
2.008550E+00  1.558E-05
2.010550E+00  1.537E-05
2.012550E+00  1.516E-05
2.014550E+00  1.495E-05
2.016550E+00  1.474E-05
2.018550E+00  1.454E-05
2.020550E+00  1.434E-05
2.022550E+00  1.415E-05
2.024550E+00  1.395E-05
2.026550E+00  1.376E-05
2.028550E+00  1.357E-05
2.030550E+00  1.339E-05
2.032550E+00  1.320E-05
2.034550E+00  1.302E-05
2.036550E+00  1.284E-05
2.038550E+00  1.267E-05
2.040550E+00  1.249E-05
2.042550E+00  1.232E-05
2.044550E+00  1.215E-05
2.046550E+00  1.199E-05
2.048550E+00  1.182E-05
2.050550E+00  1.166E-05
2.052550E+00  1.150E-05
2.054550E+00  1.134E-05
2.056550E+00  1.119E-05
2.058550E+00  1.104E-05
2.060550E+00  1.089E-05
2.072550E+00  1.003E-05
2.091952E+00  8.827E-06
2.110790E+00  7.877E-06
2.129084E+00  7.182E-06
2.146855E+00  6.743E-06
2.164124E+00  6.557E-06
2.180909E+00  6.609E-06
2.197228E+00  6.874E-06
2.213098E+00  7.318E-06
2.228536E+00  7.902E-06
2.258174E+00  9.315E-06
2.312901E+00  1.214E-05
2.350362E+00  1.373E-05
2.396095E+00  1.549E-05
2.417327E+00  1.657E-05
2.437561E+00  1.803E-05
2.447322E+00  1.897E-05
2.456857E+00  2.009E-05
2.466172E+00  2.141E-05
2.475273E+00  2.297E-05
2.484168E+00  2.480E-05
2.492862E+00  2.694E-05
2.501362E+00  2.946E-05
2.509672E+00  3.241E-05
2.517800E+00  3.587E-05
2.525750E+00  3.993E-05
2.533526E+00  4.470E-05
2.541136E+00  5.034E-05
2.548582E+00  5.702E-05
2.555869E+00  6.497E-05
2.563003E+00  7.448E-05
2.569987E+00  8.595E-05
2.576826E+00  9.986E-05
2.583523E+00  1.169E-04
2.590083E+00  1.379E-04
2.596509E+00  1.641E-04
2.602805E+00  1.972E-04
2.608974E+00  2.397E-04
2.615019E+00  2.949E-04
2.620945E+00  3.682E-04
2.626754E+00  4.677E-04
2.632449E+00  6.066E-04
2.638032E+00  8.072E-04
2.643508E+00  1.109E-03
2.648879E+00  1.591E-03
2.654147E+00  2.419E-03
2.659315E+00  4.002E-03
2.664386E+00  7.573E-03
2.669361E+00  1.833E-02
2.674244E+00  7.989E-02
2.679036E+00  6.783E-01
2.683741E+00  5.759E-02
2.688359E+00  1.770E-02
2.692893E+00  8.658E-03
2.697345E+00  5.226E-03
2.701718E+00  3.555E-03
2.706012E+00  2.613E-03
2.710230E+00  2.026E-03
2.714374E+00  1.635E-03
2.718445E+00  1.360E-03
2.722445E+00  1.160E-03
2.726376E+00  1.008E-03
2.730239E+00  8.913E-04
2.734036E+00  7.987E-04
2.737768E+00  7.243E-04
2.741436E+00  6.636E-04
2.745043E+00  6.134E-04
2.748590E+00  5.716E-04
2.755507E+00  5.065E-04
2.762198E+00  4.593E-04
2.768673E+00  4.244E-04
2.777999E+00  3.882E-04
2.786889E+00  3.655E-04
2.798108E+00  3.496E-04
2.808655E+00  3.456E-04
2.820976E+00  3.542E-04
2.830198E+00  3.713E-04
2.838901E+00  3.995E-04
2.845112E+00  4.312E-04
2.849110E+00  4.609E-04
2.852999E+00  5.024E-04
2.854903E+00  5.307E-04
2.856782E+00  5.673E-04
2.858635E+00  6.174E-04
2.860464E+00  6.911E-04
2.862268E+00  8.128E-04
2.864048E+00  1.055E-03
2.865804E+00  1.751E-03
2.867537E+00  7.999E-03
2.870935E+00  3.216E-04
2.872601E+00  2.139E-04
2.874245E+00  2.362E-04
2.877470E+00  2.990E-04
2.880613E+00  3.493E-04
2.885179E+00  4.086E-04
2.915112E+00  7.418E-04
2.920612E+00  7.815E-04
2.926815E+00  7.928E-04
2.927810E+00  8.118E-04
2.928793E+00  8.629E-04
2.929766E+00  9.897E-04
2.930728E+00  1.304E-03
2.931679E+00  2.133E-03
2.932621E+00  4.690E-03
2.933552E+00  1.570E-02
2.934473E+00  1.281E-01
2.935385E+00  1.922E-01
2.936286E+00  3.987E-02
2.937178E+00  1.956E-02
2.938061E+00  1.314E-02
2.938935E+00  1.029E-02
2.939799E+00  8.790E-03
2.940654E+00  7.960E-03
2.941501E+00  7.526E-03
2.942338E+00  7.391E-03
2.943167E+00  7.575E-03
2.943987E+00  8.300E-03
2.944799E+00  1.067E-02
2.945603E+00  2.834E-02
2.946398E+00  2.704E-02
2.947186E+00  4.561E-03
2.947965E+00  4.262E-03
2.953206E+00  5.713E-03
2.955343E+00  6.425E-03
2.957417E+00  7.299E-03
2.959432E+00  8.422E-03
2.960744E+00  9.378E-03
2.962030E+00  1.059E-02
2.962664E+00  1.132E-02
2.963292E+00  1.218E-02
2.963915E+00  1.321E-02
2.964531E+00  1.446E-02
2.965142E+00  1.603E-02
2.965746E+00  1.809E-02
2.966346E+00  2.094E-02
2.966940E+00  2.521E-02
2.967528E+00  3.240E-02
2.968111E+00  4.760E-02
2.968688E+00  7.140E-02
2.969260E+00  3.227E-01
2.969828E+00  1.026E+00
2.970389E+00  3.386E-02
2.970946E+00  7.589E-03
2.971498E+00  4.442E-03
2.972045E+00  4.658E-03
2.972587E+00  5.620E-03
2.973656E+00  7.955E-03
2.975738E+00  1.279E-02
2.977252E+00  1.677E-02
2.978239E+00  1.977E-02
2.979210E+00  2.319E-02
2.980163E+00  2.716E-02
2.981101E+00  3.185E-02
2.982022E+00  3.747E-02
2.982928E+00  4.433E-02
2.983375E+00  4.834E-02
2.983819E+00  5.282E-02
2.984259E+00  5.785E-02
2.984695E+00  6.352E-02
2.985127E+00  6.996E-02
2.985556E+00  7.730E-02
2.985982E+00  8.572E-02
2.986403E+00  9.544E-02
2.986822E+00  1.067E-01
2.987237E+00  1.200E-01
2.987648E+00  1.357E-01
2.988056E+00  1.544E-01
2.988461E+00  1.770E-01
2.988863E+00  2.047E-01
2.989261E+00  2.391E-01
2.989656E+00  2.824E-01
2.990048E+00  3.383E-01
2.990436E+00  4.119E-01
2.990822E+00  5.118E-01
2.991205E+00  6.522E-01
2.991584E+00  8.584E-01
2.991960E+00  1.179E+00
2.992334E+00  1.718E+00
2.992704E+00  2.729E+00
2.993072E+00  4.975E+00
2.993437E+00  1.167E+01
2.993798E+00  4.903E+01
2.994157E+00  2.359E+02
2.994514E+00  2.864E+01
2.994867E+00  9.358E+00
2.995218E+00  4.790E+00
2.995566E+00  3.118E+00
2.995911E+00  2.419E+00
2.996253E+00  2.202E+00
2.996593E+00  2.373E+00
2.996931E+00  3.103E+00
2.997265E+00  5.194E+00
2.997598E+00  1.292E+01
2.997927E+00  9.671E+01
2.998254E+00  1.599E+02
2.998579E+00  1.517E+01
2.998901E+00  5.426E+00
2.999221E+00  2.773E+00
2.999539E+00  1.281E+00
2.999854E+00  1.458E+00
3.000166E+00  1.033E+00
3.000477E+00  8.020E-01
3.000785E+00  6.508E-01
3.001090E+00  5.445E-01
3.001394E+00  4.664E-01
3.001695E+00  4.070E-01
3.001994E+00  3.607E-01
3.002291E+00  3.238E-01
3.002586E+00  2.940E-01
3.002878E+00  2.697E-01
3.003168E+00  2.497E-01
3.003457E+00  2.332E-01
3.003743E+00  2.195E-01
3.004027E+00  2.083E-01
3.004589E+00  1.923E-01
3.004867E+00  1.872E-01
3.005143E+00  1.841E-01
3.005417E+00  1.832E-01
3.005689E+00  1.850E-01
3.005959E+00  1.901E-01
3.006227E+00  2.003E-01
3.006493E+00  2.185E-01
3.006758E+00  2.523E-01
3.007020E+00  3.265E-01
3.007281E+00  6.658E-01
3.007540E+00  1.642E-01
3.007797E+00  7.584E-01
3.008052E+00  8.703E+00
3.008305E+00  2.124E+00
3.008557E+00  2.481E-01
3.008807E+00  8.171E-02
3.009055E+00  4.335E-02
3.009302E+00  3.146E-02
3.009547E+00  2.744E-02
3.009790E+00  2.619E-02
3.010031E+00  2.600E-02
3.011676E+00  2.802E-02
3.014108E+00  2.966E-02
3.014950E+00  3.090E-02
3.015567E+00  3.249E-02
3.016171E+00  3.504E-02
3.016568E+00  3.758E-02
3.016960E+00  4.120E-02
3.017154E+00  4.361E-02
3.017347E+00  4.657E-02
3.017538E+00  5.028E-02
3.017729E+00  5.500E-02
3.017918E+00  6.115E-02
3.018106E+00  6.941E-02
3.018292E+00  8.092E-02
3.018478E+00  9.776E-02
3.018662E+00  1.240E-01
3.018845E+00  1.690E-01
3.019028E+00  2.575E-01
3.019208E+00  4.759E-01
3.019388E+00  1.320E+00
3.019567E+00  9.289E+00
3.019745E+00  2.150E+00
3.019921E+00  4.631E-01
3.020097E+00  1.848E-01
3.020271E+00  9.902E-02
3.020444E+00  6.464E-02
3.020616E+00  4.990E-02
3.020787E+00  4.540E-02
3.020958E+00  4.918E-02
3.021127E+00  6.526E-02
3.021295E+00  1.142E-01
3.021462E+00  3.329E-01
3.021628E+00  7.167E+00
3.021793E+00  1.170E+00
3.021957E+00  2.853E-01
3.022120E+00  2.202E-01
3.022282E+00  4.722E-01
3.022443E+00  7.337E+01
3.022603E+00  1.993E-01
3.022762E+00  4.964E-02
3.022920E+00  2.332E-02
3.023077E+00  1.460E-02
3.023234E+00  1.076E-02
3.023389E+00  8.813E-03
3.023544E+00  7.925E-03
3.023697E+00  1.616E-03
3.023850E+00  5.592E-03
3.024002E+00  5.463E-03
3.024452E+00  4.968E-03
3.025039E+00  4.421E-03
3.025184E+00  4.331E-03
3.025328E+00  4.591E-03
3.025471E+00  7.931E-03
3.025614E+00  2.169E-01
3.025755E+00  4.629E-02
3.025896E+00  1.677E-02
3.026036E+00  1.182E-02
3.026175E+00  1.001E-02
3.026313E+00  9.130E-03
3.026451E+00  8.656E-03
3.026587E+00  8.400E-03
3.026723E+00  8.286E-03
3.026859E+00  8.294E-03
3.026993E+00  8.438E-03
3.027127E+00  8.802E-03
3.027260E+00  9.694E-03
3.027392E+00  1.296E-02
3.027523E+00  6.972E+00
3.027654E+00  4.054E-03
3.027784E+00  5.155E-03
3.027913E+00  5.704E-03
3.028041E+00  6.022E-03
3.028296E+00  6.399E-03
3.029649E+00  7.607E-03
3.030238E+00  8.366E-03
3.030583E+00  9.004E-03
3.030923E+00  9.868E-03
3.031258E+00  1.110E-02
3.031478E+00  1.226E-02
3.031587E+00  1.298E-02
3.031696E+00  1.385E-02
3.031804E+00  1.488E-02
3.031911E+00  1.615E-02
3.032018E+00  1.772E-02
3.032125E+00  1.973E-02
3.032231E+00  2.236E-02
3.032336E+00  2.591E-02
3.032441E+00  3.094E-02
3.032545E+00  3.847E-02
3.032648E+00  5.066E-02
3.032752E+00  7.275E-02
3.032854E+00  1.205E-01
3.032956E+00  2.611E-01
3.033058E+00  1.074E+00
3.033159E+00  2.536E+00
3.033259E+00  3.257E-01
3.033359E+00  1.069E-01
3.033459E+00  5.538E-02
3.033557E+00  3.948E-02
3.033656E+00  3.810E-02
3.033754E+00  5.115E-02
3.033851E+00  1.058E-01
3.033948E+00  5.654E-01
3.034045E+00  2.905E+00
3.034141E+00  1.622E-01
3.034236E+00  5.792E-02
3.034331E+00  3.514E-02
3.034426E+00  3.087E-02
3.034520E+00  4.154E-02
3.034613E+00  1.259E-01
3.034706E+00  4.494E+00
3.034799E+00  4.648E-02
3.034891E+00  1.139E-02
3.034983E+00  4.737E-03
3.035074E+00  2.402E-03
3.035165E+00  1.253E-03
3.035256E+00  5.268E-04
3.035345E+00  5.690E-05
3.035435E+00  8.110E-04
3.035524E+00  5.344E-02
3.035613E+00  4.431E-02
3.035701E+00  1.162E-02
3.035789E+00  6.877E-03
3.035876E+00  5.126E-03
3.035963E+00  4.228E-03
3.036049E+00  3.682E-03
3.036135E+00  3.314E-03
3.036221E+00  3.071E-03
3.036306E+00  3.015E-03
3.036391E+00  3.754E-03
3.036475E+00  1.474E-02
3.036559E+00  1.616E-01
3.036643E+00  1.401E-02
3.036726E+00  7.830E-03
3.036809E+00  6.084E-03
3.036891E+00  5.315E-03
3.036973E+00  4.904E-03
3.037055E+00  4.664E-03
3.037136E+00  4.522E-03
3.037217E+00  4.444E-03
3.037297E+00  4.417E-03
3.037377E+00  4.440E-03
3.037457E+00  4.527E-03
3.037536E+00  4.728E-03
3.037615E+00  5.239E-03
3.037693E+00  7.666E-03
3.037772E+00  3.443E-03
3.037849E+00  2.737E-03
3.037927E+00  3.200E-03
3.038004E+00  3.427E-03
3.038157E+00  3.676E-03
3.038901E+00  4.426E-03
3.039261E+00  4.932E-03
3.039472E+00  5.345E-03
3.039681E+00  5.891E-03
3.039819E+00  6.367E-03
3.039955E+00  6.973E-03
3.040090E+00  7.770E-03
3.040157E+00  8.271E-03
3.040224E+00  8.864E-03
3.040291E+00  9.575E-03
3.040357E+00  1.044E-02
3.040423E+00  1.152E-02
3.040489E+00  1.289E-02
3.040554E+00  1.467E-02
3.040619E+00  1.709E-02
3.040684E+00  2.049E-02
3.040748E+00  2.556E-02
3.040813E+00  3.371E-02
3.040877E+00  4.833E-02
3.040940E+00  7.937E-02
3.041004E+00  1.678E-01
3.041067E+00  6.368E-01
3.041130E+00  2.134E+00
3.041192E+00  2.665E-01
3.041254E+00  8.462E-02
3.041316E+00  4.433E-02
3.041378E+00  3.359E-02
3.041440E+00  3.734E-02
3.041501E+00  6.704E-02
3.041562E+00  2.984E-01
3.041622E+00  3.283E+00
3.041683E+00  1.093E-01
3.041743E+00  3.426E-02
3.041803E+00  1.782E-02
3.041862E+00  1.227E-02
3.041922E+00  1.074E-02
3.041981E+00  1.242E-02
3.042040E+00  2.217E-02
3.042098E+00  1.233E-01
3.042157E+00  1.704E-01
3.042215E+00  1.281E-02
3.042273E+00  3.704E-03
3.042330E+00  1.473E-03
3.042388E+00  5.926E-04
3.042445E+00  1.548E-04
3.042501E+00  1.710E-06
3.042558E+00  5.459E-04
3.042615E+00  6.278E-03
3.042671E+00  7.769E-01
3.042727E+00  3.681E-02
3.042782E+00  1.146E-02
3.042838E+00  6.635E-03
3.042893E+00  4.770E-03
3.042948E+00  3.825E-03
3.043003E+00  3.303E-03
3.043057E+00  3.110E-03
3.043112E+00  3.632E-03
3.043166E+00  9.310E-03
3.043219E+00  8.393E+03
3.043273E+00  1.793E-02
3.043326E+00  7.618E-03
3.043380E+00  5.352E-03
3.043433E+00  4.437E-03
3.043485E+00  3.960E-03
3.043538E+00  3.677E-03
3.043590E+00  3.496E-03
3.043642E+00  3.378E-03
3.043746E+00  3.260E-03
3.043848E+00  3.264E-03
3.043899E+00  3.328E-03
3.043950E+00  3.486E-03
3.044001E+00  3.989E-03
3.044051E+00  1.583E-02
3.044101E+00  2.005E-03
3.044151E+00  2.468E-03
3.044201E+00  2.648E-03
3.044251E+00  2.750E-03
3.044447E+00  2.984E-03
3.044736E+00  3.307E-03
3.044971E+00  3.675E-03
3.045156E+00  4.094E-03
3.045293E+00  4.530E-03
3.045383E+00  4.909E-03
3.045473E+00  5.393E-03
3.045562E+00  6.032E-03
3.045606E+00  6.433E-03
3.045650E+00  6.909E-03
3.045694E+00  7.479E-03
3.045737E+00  8.176E-03
3.045781E+00  9.041E-03
3.045824E+00  1.014E-02
3.045867E+00  1.158E-02
3.045910E+00  1.352E-02
3.045953E+00  1.627E-02
3.045996E+00  2.036E-02
3.046038E+00  2.694E-02
3.046081E+00  3.875E-02
3.046123E+00  6.379E-02
3.046165E+00  1.349E-01
3.046207E+00  5.077E-01
3.046248E+00  1.775E+00
3.046290E+00  2.243E-01
3.046331E+00  7.112E-02
3.046373E+00  3.734E-02
3.046414E+00  2.852E-02
3.046455E+00  3.247E-02
3.046495E+00  6.216E-02
3.046536E+00  3.564E-01
3.046576E+00  9.476E-01
3.046617E+00  6.907E-02
3.046657E+00  2.389E-02
3.046697E+00  1.282E-02
3.046737E+00  8.822E-03
3.046776E+00  7.477E-03
3.046816E+00  7.992E-03
3.046855E+00  1.190E-02
3.046894E+00  3.481E-02
3.046933E+00  3.478E+01
3.046972E+00  1.950E-02
3.047011E+00  3.962E-03
3.047050E+00  1.315E-03
3.047088E+00  4.432E-04
3.047127E+00  8.086E-05
3.047165E+00  3.498E-05
3.047203E+00  6.935E-04
3.047241E+00  5.578E-03
3.047279E+00  1.739E-01
3.047316E+00  5.862E-02
3.047354E+00  1.363E-02
3.047391E+00  7.178E-03
3.047429E+00  4.922E-03
3.047466E+00  3.869E-03
3.047503E+00  3.391E-03
3.047540E+00  3.525E-03
3.047576E+00  5.878E-03
3.047613E+00  5.444E-02
3.047649E+00  4.827E-02
3.047686E+00  9.915E-03
3.047722E+00  5.749E-03
3.047758E+00  4.381E-03
3.047794E+00  3.731E-03
3.047829E+00  3.361E-03
3.047865E+00  3.127E-03
3.047901E+00  2.971E-03
3.047936E+00  2.863E-03
3.048006E+00  2.738E-03
3.048076E+00  2.698E-03
3.048111E+00  2.711E-03
3.048146E+00  2.762E-03
3.048180E+00  2.910E-03
3.048214E+00  3.722E-03
3.048249E+00  1.597E-03
3.048283E+00  2.173E-03
3.048317E+00  2.321E-03
3.048351E+00  2.396E-03
3.048683E+00  2.822E-03
3.048845E+00  3.131E-03
3.048941E+00  3.387E-03
3.049035E+00  3.724E-03
3.049098E+00  4.015E-03
3.049160E+00  4.383E-03
3.049222E+00  4.860E-03
3.049253E+00  5.156E-03
3.049314E+00  5.913E-03
3.049344E+00  6.406E-03
3.049374E+00  7.008E-03
3.049405E+00  7.756E-03
3.049435E+00  8.709E-03
3.049465E+00  9.953E-03
3.049495E+00  1.164E-02
3.049524E+00  1.401E-02
3.049554E+00  1.755E-02
3.049584E+00  2.325E-02
3.049613E+00  3.345E-02
3.049642E+00  5.505E-02
3.049672E+00  1.160E-01
3.049701E+00  4.309E-01
3.049730E+00  1.598E+00
3.049759E+00  2.027E-01
3.049788E+00  6.373E-02
3.049817E+00  3.327E-02
3.049845E+00  2.526E-02
3.049874E+00  2.860E-02
3.049902E+00  5.474E-02
3.049931E+00  3.208E-01
3.049959E+00  7.703E-01
3.049987E+00  5.888E-02
3.050015E+00  2.053E-02
3.050043E+00  1.101E-02
3.050071E+00  7.524E-03
3.050099E+00  6.263E-03
3.050127E+00  6.454E-03
3.050154E+00  8.922E-03
3.050182E+00  2.134E-02
3.050209E+00  6.437E-01
3.050237E+00  2.653E-02
3.050264E+00  4.129E-03
3.050291E+00  1.223E-03
3.050318E+00  3.715E-04
3.050345E+00  5.834E-05
3.050372E+00  7.461E-05
3.050399E+00  8.114E-04
3.050426E+00  5.592E-03
3.050452E+00  1.297E-01
3.050479E+00  7.006E-02
3.050505E+00  1.439E-02
3.050532E+00  7.295E-03
3.050558E+00  4.923E-03
3.050584E+00  3.879E-03
3.050610E+00  3.526E-03
3.050637E+00  4.168E-03
3.050662E+00  1.034E-02
3.050688E+00  2.076E+00
3.050714E+00  2.139E-02
3.050740E+00  7.624E-03
3.050765E+00  4.930E-03
3.050791E+00  3.887E-03
3.050816E+00  3.351E-03
3.050842E+00  3.032E-03
3.050867E+00  2.823E-03
3.050892E+00  2.679E-03
3.050917E+00  2.577E-03
3.050967E+00  2.450E-03
3.051017E+00  2.391E-03
3.051066E+00  2.394E-03
3.051091E+00  2.439E-03
3.051116E+00  2.623E-03
3.051140E+00  1.334E-03
3.051164E+00  2.041E-03
3.051189E+00  2.159E-03
3.051237E+00  2.247E-03
3.051403E+00  2.469E-03
3.051520E+00  2.702E-03
3.051612E+00  2.969E-03
3.051680E+00  3.243E-03
3.051748E+00  3.616E-03
3.051793E+00  3.947E-03
3.051837E+00  4.377E-03
3.051882E+00  4.956E-03
3.051904E+00  5.327E-03
3.051925E+00  5.771E-03
3.051947E+00  6.314E-03
3.051969E+00  6.990E-03
3.051991E+00  7.849E-03
3.052012E+00  8.971E-03
3.052034E+00  1.049E-02
3.052056E+00  1.263E-02
3.052077E+00  1.581E-02
3.052098E+00  2.092E-02
3.052120E+00  3.006E-02
3.052141E+00  4.929E-02
3.052162E+00  1.030E-01
3.052183E+00  3.740E-01
3.052204E+00  1.523E+00
3.052225E+00  1.937E-01
3.052246E+00  5.984E-02
3.052267E+00  3.093E-02
3.052288E+00  2.324E-02
3.052309E+00  2.602E-02
3.052330E+00  4.920E-02
3.052350E+00  2.806E-01
3.052371E+00  7.437E-01
3.052391E+00  5.435E-02
3.052412E+00  1.880E-02
3.052432E+00  1.004E-02
3.052452E+00  6.814E-03
3.052473E+00  5.607E-03
3.052493E+00  5.659E-03
3.052513E+00  7.523E-03
3.052533E+00  1.639E-02
3.052553E+00  2.258E-01
3.052571E+00  4.499E-02
3.057589E+00  9.956E-01
3.062551E+00  8.402E-01
3.070741E+00  6.531E-01
3.078751E+00  5.263E-01
3.086586E+00  4.365E-01
3.094252E+00  3.699E-01
3.101754E+00  3.184E-01
3.109095E+00  2.774E-01
3.116281E+00  2.442E-01
3.123315E+00  2.170E-01
3.130203E+00  1.946E-01
3.136948E+00  1.760E-01
3.143554E+00  1.604E-01
3.150025E+00  1.470E-01
3.162577E+00  1.256E-01
3.174630E+00  1.090E-01
3.186211E+00  9.591E-02
3.197344E+00  8.555E-02
3.213253E+00  7.384E-02
3.228277E+00  6.541E-02
3.247042E+00  5.744E-02
3.264484E+00  5.182E-02
3.284610E+00  4.702E-02
3.303066E+00  4.412E-02
3.320030E+00  4.288E-02
3.332635E+00  4.315E-02
3.341570E+00  4.430E-02
3.350093E+00  4.665E-02
3.355558E+00  4.922E-02
3.360857E+00  5.306E-02
3.363447E+00  5.566E-02
3.365998E+00  5.891E-02
3.368511E+00  6.299E-02
3.370986E+00  6.822E-02
3.373425E+00  7.499E-02
3.375827E+00  8.395E-02
3.378195E+00  9.599E-02
3.380528E+00  1.124E-01
3.382827E+00  1.348E-01
3.385093E+00  1.641E-01
3.387326E+00  1.981E-01
3.389528E+00  2.260E-01
3.391698E+00  2.314E-01
3.393837E+00  2.119E-01
3.395946E+00  1.851E-01
3.398025E+00  1.684E-01
3.400076E+00  1.737E-01
3.402098E+00  2.269E-01
3.404092E+00  4.850E-01
3.406058E+00  5.826E+00
3.407997E+00  8.444E-01
3.409910E+00  1.669E-01
3.411797E+00  7.983E-02
3.413659E+00  5.448E-02
3.415495E+00  4.438E-02
3.417307E+00  3.975E-02
3.419094E+00  3.759E-02
3.420858E+00  3.676E-02
3.422598E+00  3.674E-02
3.424316E+00  3.730E-02
3.426011E+00  3.833E-02
3.427684E+00  3.978E-02
3.429335E+00  4.164E-02
3.430964E+00  4.397E-02
3.432573E+00  4.681E-02
3.434161E+00  5.028E-02
3.435729E+00  5.454E-02
3.437276E+00  5.978E-02
3.438805E+00  6.635E-02
3.440313E+00  7.468E-02
3.441803E+00  8.548E-02
3.443275E+00  9.980E-02
3.444727E+00  1.194E-01
3.446162E+00  1.469E-01
3.447579E+00  1.872E-01
3.448979E+00  2.482E-01
3.450362E+00  3.424E-01
3.451727E+00  4.816E-01
3.453076E+00  6.396E-01
3.454409E+00  6.881E-01
3.455725E+00  5.502E-01
3.457026E+00  3.675E-01
3.458311E+00  2.372E-01
3.459581E+00  1.580E-01
3.460836E+00  1.105E-01
3.462076E+00  8.115E-02
3.463301E+00  6.228E-02
3.464512E+00  4.973E-02
3.465709E+00  4.114E-02
3.466892E+00  3.513E-02
3.468061E+00  3.087E-02
3.469217E+00  2.782E-02
3.470359E+00  2.564E-02
3.471489E+00  2.411E-02
3.472605E+00  2.308E-02
3.473709E+00  2.243E-02
3.474800E+00  2.211E-02
3.475879E+00  2.206E-02
3.476945E+00  2.224E-02
3.479043E+00  2.326E-02
3.481094E+00  2.516E-02
3.482103E+00  2.646E-02
3.483101E+00  2.806E-02
3.484087E+00  2.999E-02
3.485063E+00  3.235E-02
3.486028E+00  3.524E-02
3.486983E+00  3.890E-02
3.487928E+00  4.378E-02
3.488862E+00  5.130E-02
3.489786E+00  7.222E-02
3.490700E+00  4.313E+00
3.491605E+00  9.131E-02
3.492500E+00  9.502E-02
3.493386E+00  1.162E-01
3.494262E+00  1.522E-01
3.495129E+00  2.124E-01
3.495987E+00  3.166E-01
3.496836E+00  4.833E-01
3.497676E+00  6.268E-01
3.498508E+00  5.295E-01
3.499331E+00  3.292E-01
3.500145E+00  2.008E-01
3.500951E+00  1.350E-01
3.501749E+00  1.026E-01
3.502539E+00  8.897E-02
3.503321E+00  8.923E-02
3.504094E+00  1.077E-01
3.504860E+00  1.725E-01
3.505619E+00  4.680E-01
3.506370E+00  6.378E+00
3.507113E+00  2.749E+00
3.507849E+00  5.968E-01
3.508577E+00  3.355E-01
3.509299E+00  2.606E-01
3.510013E+00  2.365E-01
3.510720E+00  2.343E-01
3.511420E+00  2.452E-01
3.512114E+00  2.664E-01
3.512801E+00  2.977E-01
3.513481E+00  3.402E-01
3.514154E+00  3.962E-01
3.514822E+00  4.692E-01
3.515482E+00  5.642E-01
3.516137E+00  6.875E-01
3.516785E+00  8.468E-01
3.517427E+00  1.049E+00
3.518062E+00  1.298E+00
3.519316E+00  1.870E+00
3.519934E+00  2.099E+00
3.520547E+00  2.212E+00
3.521153E+00  2.203E+00
3.521754E+00  2.141E+00
3.522350E+00  2.223E+00
3.522939E+00  5.107E+00
3.523524E+00  1.132E+00
3.524103E+00  1.259E+00
3.524677E+00  1.875E+00
3.525245E+00  4.564E+00
3.525809E+00  4.631E+01
3.526367E+00  2.034E+01
3.526920E+00  3.917E+00
3.527468E+00  4.896E+00
3.528012E+00  1.466E+00
3.528550E+00  1.009E+00
3.529084E+00  7.877E-01
3.529612E+00  6.543E-01
3.530137E+00  5.652E-01
3.530656E+00  5.018E-01
3.531171E+00  4.548E-01
3.531681E+00  4.190E-01
3.532187E+00  3.914E-01
3.532689E+00  3.699E-01
3.533186E+00  3.535E-01
3.533679E+00  3.412E-01
3.534167E+00  3.327E-01
3.534651E+00  3.277E-01
3.535131E+00  3.262E-01
3.535607E+00  3.283E-01
3.536079E+00  3.348E-01
3.536547E+00  3.464E-01
3.537011E+00  3.646E-01
3.537471E+00  3.922E-01
3.537927E+00  4.336E-01
3.538379E+00  4.967E-01
3.538827E+00  5.969E-01
3.539272E+00  7.661E-01
3.539713E+00  1.072E+00
3.540150E+00  1.629E+00
3.540583E+00  2.294E+00
3.541013E+00  1.951E+00
3.541440E+00  1.086E+00
3.541862E+00  6.247E-01
3.542282E+00  4.310E-01
3.542697E+00  3.548E-01
3.543110E+00  3.362E-01
3.543519E+00  3.538E-01
3.543925E+00  4.039E-01
3.544327E+00  4.936E-01
3.544726E+00  6.437E-01
3.545122E+00  9.004E-01
3.545515E+00  1.370E+00
3.545905E+00  2.322E+00
3.546291E+00  4.549E+00
3.546674E+00  1.030E+01
3.547055E+00  1.800E+01
3.547432E+00  1.242E+01
3.547806E+00  4.092E+01
3.548178E+00  4.586E+00
3.548546E+00  2.483E+00
3.548911E+00  1.731E+00
3.549274E+00  1.332E+00
3.549634E+00  1.091E+00
3.549991E+00  9.365E-01
3.550345E+00  8.335E-01
3.550696E+00  7.644E-01
3.551045E+00  7.192E-01
3.551391E+00  6.924E-01
3.551734E+00  6.808E-01
3.552075E+00  6.833E-01
3.552413E+00  7.002E-01
3.552748E+00  7.334E-01
3.553081E+00  7.873E-01
3.553412E+00  8.698E-01
3.553739E+00  9.955E-01
3.554065E+00  1.192E+00
3.554388E+00  1.520E+00
3.554708E+00  2.122E+00
3.555026E+00  3.422E+00
3.555342E+00  7.179E+00
3.555655E+00  2.855E+01
3.555966E+00  5.257E+02
3.556275E+00  1.844E+01
3.556581E+00  5.306E+00
3.556885E+00  2.642E+00
3.557187E+00  1.726E+00
3.557487E+00  1.505E+00
3.557784E+00  1.033E+00
3.558079E+00  9.593E-01
3.558372E+00  9.438E-01
3.558663E+00  9.856E-01
3.558952E+00  1.122E+00
3.559239E+00  1.539E+00
3.559523E+00  3.438E+00
3.559806E+00  8.794E+01
3.560086E+00  6.841E+00
3.560365E+00  4.021E+00
3.560641E+00  3.818E+00
3.560916E+00  3.742E+00
3.561188E+00  3.578E+00
3.561459E+00  3.281E+00
3.561995E+00  2.494E+00
3.562259E+00  2.162E+00
3.562522E+00  1.945E+00
3.562784E+00  1.888E+00
3.563043E+00  2.076E+00
3.563300E+00  2.762E+00
3.563556E+00  4.934E+00
3.563810E+00  1.529E+01
3.564062E+00  1.724E+02
3.564313E+00  1.275E+01
3.564561E+00  8.498E+00
3.564808E+00  3.031E+00
3.565053E+00  1.703E+00
3.565297E+00  1.160E+00
3.565539E+00  9.480E-01
3.565779E+00  1.158E+00
3.566018E+00  6.898E+00
3.566255E+00  6.112E+00
3.566490E+00  1.101E+00
3.566724E+00  5.879E-01
3.566956E+00  4.111E-01
3.567186E+00  3.196E-01
3.567415E+00  2.620E-01
3.567643E+00  2.214E-01
3.567869E+00  1.909E-01
3.568093E+00  1.669E-01
3.568316E+00  1.475E-01
3.568538E+00  1.316E-01
3.568758E+00  1.184E-01
3.568976E+00  1.077E-01
3.569193E+00  9.950E-02
3.569409E+00  9.424E-02
3.569623E+00  9.321E-02
3.569836E+00  9.919E-02
3.570047E+00  1.184E-01
3.570257E+00  1.651E-01
3.570466E+00  2.748E-01
3.570673E+00  5.347E-01
3.570879E+00  1.091E+00
3.571084E+00  1.703E+00
3.571287E+00  1.637E+00
3.571489E+00  1.359E+00
3.571690E+00  9.545E-01
3.571889E+00  7.675E-01
3.572087E+00  6.642E-01
3.572284E+00  6.093E-01
3.572479E+00  5.872E-01
3.572674E+00  5.919E-01
3.572867E+00  6.237E-01
3.573059E+00  6.886E-01
3.573249E+00  8.017E-01
3.573439E+00  9.948E-01
3.573627E+00  1.338E+00
3.573814E+00  1.996E+00
3.574000E+00  3.364E+00
3.574184E+00  5.875E+00
3.574368E+00  6.489E+00
3.574550E+00  3.583E+00
3.574732E+00  1.764E+00
3.574912E+00  9.742E-01
3.575091E+00  6.052E-01
3.575268E+00  4.127E-01
3.575445E+00  3.027E-01
3.575621E+00  2.356E-01
3.575796E+00  1.933E-01
3.575969E+00  2.179E-01
3.576142E+00  1.406E-01
3.576313E+00  1.264E-01
3.576483E+00  1.168E-01
3.576653E+00  1.103E-01
3.576821E+00  1.064E-01
3.576988E+00  1.048E-01
3.577154E+00  1.055E-01
3.577320E+00  1.087E-01
3.577484E+00  1.157E-01
3.577647E+00  1.300E-01
3.577809E+00  1.690E-01
3.577971E+00  5.957E-01
3.578131E+00  3.217E-01
3.578290E+00  1.782E-01
3.578449E+00  2.037E-01
3.578606E+00  2.644E-01
3.578763E+00  3.823E-01
3.578918E+00  6.506E-01
3.579073E+00  1.593E+00
3.579227E+00  3.131E+01
3.579380E+00  3.114E+00
3.579532E+00  1.119E+00
3.579683E+00  7.397E-01
3.579833E+00  7.107E-01
3.579982E+00  1.102E+00
3.580131E+00  3.954E+00
3.580278E+00  5.200E+01
3.580425E+00  2.248E+00
3.580571E+00  7.417E-01
3.580716E+00  4.551E-01
3.580860E+00  5.216E-01
3.581003E+00  2.221E+01
3.581146E+00  8.808E-02
3.581288E+00  5.534E-02
3.581429E+00  4.977E-02
3.581569E+00  4.659E-02
3.581984E+00  3.940E-02
3.582121E+00  3.776E-02
3.582257E+00  3.796E-02
3.582393E+00  4.228E-02
3.582527E+00  5.427E-02
3.582661E+00  8.021E-02
3.582794E+00  1.358E-01
3.582926E+00  2.784E-01
3.583058E+00  1.396E+00
3.583189E+00  6.342E+00
3.583319E+00  5.428E+00
3.583448E+00  1.009E+00
3.583577E+00  6.785E-01
3.583705E+00  1.089E+00
3.583832E+00  5.359E+00
3.583959E+00  1.270E+01
3.584085E+00  1.423E+00
3.584210E+00  5.149E-01
3.584334E+00  2.702E-01
3.584458E+00  1.678E-01
3.584581E+00  1.148E-01
3.584704E+00  9.583E-02
3.584825E+00  7.407E-01
3.584947E+00  4.117E-01
3.585067E+00  1.485E-01
3.585187E+00  1.001E-01
3.585306E+00  7.898E-02
3.585424E+00  6.655E-02
3.585542E+00  5.809E-02
3.585659E+00  5.181E-02
3.585776E+00  4.687E-02
3.585892E+00  4.280E-02
3.586007E+00  3.931E-02
3.586236E+00  3.351E-02
3.586350E+00  3.115E-02
3.586462E+00  2.944E-02
3.586575E+00  2.929E-02
3.586686E+00  3.328E-02
3.586797E+00  4.898E-02
3.586908E+00  9.966E-02
3.587018E+00  2.531E-01
3.587127E+00  6.064E-01
3.587236E+00  9.227E-01
3.587344E+00  9.384E-01
3.587452E+00  8.949E-01
3.587559E+00  9.193E-01
3.587665E+00  1.045E+00
3.587771E+00  1.328E+00
3.587877E+00  1.905E+00
3.587982E+00  3.109E+00
3.588086E+00  5.336E+00
3.588190E+00  6.390E+00
3.588293E+00  4.018E+00
3.588396E+00  2.134E+00
3.588498E+00  1.245E+00
3.588599E+00  8.162E-01
3.588700E+00  5.906E-01
3.588801E+00  4.640E-01
3.588901E+00  3.923E-01
3.589001E+00  3.567E-01
3.589100E+00  3.529E-01
3.589198E+00  3.937E-01
3.589296E+00  5.510E-01
3.589394E+00  1.533E+00
3.589491E+00  4.523E+00
3.589588E+00  4.132E-01
3.589684E+00  7.563E+00
3.589779E+00  3.958E-02
3.589874E+00  2.187E-02
3.589969E+00  2.612E-02
3.590157E+00  3.729E-02
3.590250E+00  4.315E-02
3.590343E+00  4.984E-02
3.590435E+00  5.823E-02
3.590527E+00  6.977E-02
3.590618E+00  8.724E-02
3.590709E+00  1.169E-01
3.590800E+00  1.759E-01
3.590890E+00  3.316E-01
3.590979E+00  1.224E+00
3.591068E+00  8.929E+00
3.591157E+00  4.884E-01
3.591245E+00  2.161E-01
3.591333E+00  1.547E-01
3.591421E+00  1.423E-01
3.591508E+00  1.575E-01
3.591594E+00  2.062E-01
3.591680E+00  3.306E-01
3.591766E+00  7.401E-01
3.591851E+00  4.000E+00
3.591936E+00  1.102E+01
3.592021E+00  8.558E-01
3.592105E+00  2.734E-01
3.592188E+00  1.324E-01
3.592272E+00  7.921E-02
3.592354E+00  5.427E-02
3.592437E+00  4.109E-02
3.592519E+00  3.379E-02
3.592601E+00  3.000E-02
3.592682E+00  2.903E-02
3.592763E+00  3.182E-02
3.592843E+00  4.765E-02
3.592923E+00  2.610E-01
3.593003E+00  2.718E-02
3.593082E+00  4.451E-02
3.593161E+00  8.998E-02
3.593240E+00  3.257E-01
3.593318E+00  6.249E+01
3.593396E+00  3.784E-01
3.593474E+00  1.735E-01
3.593551E+00  1.754E-01
3.593628E+00  2.830E-01
3.593704E+00  7.528E-01
3.593780E+00  6.582E+00
3.593856E+00  3.327E+00
3.593931E+00  5.850E-01
3.594006E+00  2.413E-01
3.594081E+00  1.394E-01
3.594155E+00  1.027E-01
3.594229E+00  1.104E-01
3.594303E+00  3.127E-01
3.594376E+00  1.541E+01
3.594449E+00  3.455E-01
3.594521E+00  1.336E-01
3.594594E+00  8.372E-02
3.594666E+00  6.277E-02
3.594737E+00  5.135E-02
3.594809E+00  4.414E-02
3.594880E+00  3.913E-02
3.594950E+00  3.539E-02
3.595020E+00  3.243E-02
3.595090E+00  2.995E-02
3.595299E+00  2.382E-02
3.595367E+00  2.213E-02
3.595436E+00  2.129E-02
3.595504E+00  2.370E-02
3.595572E+00  3.781E-02
3.595639E+00  9.264E-02
3.595706E+00  2.544E-01
3.595773E+00  4.802E-01
3.595840E+00  5.763E-01
3.595906E+00  6.150E-01
3.595972E+00  6.982E-01
3.596038E+00  8.839E-01
3.596103E+00  1.271E+00
3.596168E+00  2.101E+00
3.596233E+00  3.743E+00
3.596298E+00  4.815E+00
3.596362E+00  3.117E+00
3.596426E+00  1.651E+00
3.596490E+00  9.606E-01
3.596553E+00  6.299E-01
3.596616E+00  4.558E-01
3.596679E+00  3.571E-01
3.596742E+00  2.992E-01
3.596804E+00  2.668E-01
3.596866E+00  2.538E-01
3.596928E+00  2.610E-01
3.596989E+00  3.011E-01
3.597051E+00  4.322E-01
3.597112E+00  1.171E+00
3.597172E+00  4.579E+00
3.597233E+00  1.032E-01
3.597293E+00  1.845E-02
3.597353E+00  2.199E-02
3.597413E+00  1.331E-01
3.597472E+00  2.743E-02
3.597531E+00  2.340E-02
3.597590E+00  2.701E-02
3.597649E+00  3.104E-02
3.597707E+00  3.545E-02
3.597765E+00  4.071E-02
3.597823E+00  4.766E-02
3.597881E+00  5.779E-02
3.597938E+00  7.429E-02
3.597995E+00  1.045E-01
3.598052E+00  1.698E-01
3.598109E+00  3.983E-01
3.598165E+00  6.196E+00
3.598222E+00  7.071E-01
3.598278E+00  1.611E-01
3.598333E+00  9.055E-02
3.598389E+00  7.315E-02
3.598444E+00  7.126E-02
3.598499E+00  7.798E-02
3.598554E+00  9.364E-02
3.598608E+00  1.241E-01
3.598663E+00  1.877E-01
3.598717E+00  3.555E-01
3.598771E+00  1.121E+00
3.598824E+00  3.307E+01
3.598878E+00  1.215E+00
3.598931E+00  2.498E-01
3.598984E+00  9.599E-02
3.599037E+00  4.782E-02
3.599089E+00  2.773E-02
3.599142E+00  1.805E-02
3.599194E+00  1.355E-02
3.599246E+00  1.643E-02
3.599297E+00  2.014E-01
3.599349E+00  1.495E-01
3.599400E+00  5.830E-02
3.599451E+00  5.713E-02
3.599502E+00  1.403E-01
3.599553E+00  1.497E-01
3.599603E+00  5.291E-01
3.599653E+00  2.766E-01
3.599704E+00  1.025E-01
3.599753E+00  9.349E-02
3.599803E+00  1.220E-01
3.599852E+00  2.159E-01
3.599902E+00  6.094E-01
3.599951E+00  6.396E+00
3.599999E+00  2.062E+00
3.600048E+00  4.126E-01
3.600097E+00  1.883E-01
3.600145E+00  1.271E-01
3.600193E+00  1.250E-01
3.600241E+00  2.305E-01
3.600288E+00  2.266E+00
3.600336E+00  1.126E+00
3.600383E+00  2.104E-01
3.600430E+00  1.035E-01
3.600477E+00  6.915E-02
3.600524E+00  5.315E-02
3.600570E+00  4.409E-02
3.600617E+00  3.830E-02
3.600663E+00  3.427E-02
3.600709E+00  3.127E-02
3.600755E+00  2.889E-02
3.600846E+00  2.508E-02
3.600981E+00  1.964E-02
3.601026E+00  1.831E-02
3.601070E+00  2.020E-02
3.601115E+00  3.655E-02
3.601159E+00  1.059E-01
3.601203E+00  2.671E-01
3.601247E+00  3.989E-01
3.601291E+00  4.628E-01
3.601334E+00  5.477E-01
3.601377E+00  7.202E-01
3.601421E+00  1.083E+00
3.601464E+00  1.878E+00
3.601506E+00  3.292E+00
3.601549E+00  3.436E+00
3.601592E+00  1.946E+00
3.601634E+00  1.043E+00
3.601676E+00  6.299E-01
3.601718E+00  4.272E-01
3.601760E+00  3.174E-01
3.601802E+00  2.538E-01
3.601843E+00  2.159E-01
3.601885E+00  1.945E-01
3.601926E+00  1.861E-01
3.601967E+00  1.920E-01
3.602008E+00  2.231E-01
3.602049E+00  3.476E-01
3.602090E+00  8.663E-01
3.602130E+00  1.183E+00
3.602170E+00  3.679E-02
3.602210E+00  1.301E-02
3.602250E+00  1.814E-02
3.602290E+00  2.599E-02
3.602330E+00  4.194E-02
3.602370E+00  4.560E-01
3.602409E+00  3.506E-02
3.602448E+00  3.361E-02
3.602487E+00  3.707E-02
3.602526E+00  4.193E-02
3.602565E+00  4.870E-02
3.602604E+00  5.902E-02
3.602642E+00  7.664E-02
3.602681E+00  1.114E-01
3.602719E+00  2.023E-01
3.602757E+00  7.181E-01
3.602795E+00  9.030E+00
3.602833E+00  3.123E-01
3.602871E+00  1.034E-01
3.602908E+00  6.372E-02
3.602946E+00  5.266E-02
3.602983E+00  5.084E-02
3.603020E+00  5.381E-02
3.603057E+00  6.086E-02
3.603094E+00  7.323E-02
3.603130E+00  9.478E-02
3.603167E+00  1.362E-01
3.603204E+00  2.334E-01
3.603240E+00  5.836E-01
3.603276E+00  5.831E+00
3.603312E+00  1.724E+00
3.603348E+00  2.188E-01
3.603384E+00  6.710E-02
3.603419E+00  2.928E-02
3.603455E+00  1.971E-02
3.603490E+00  3.128E-02
3.603526E+00  1.652E-01
3.603561E+00  2.588E+00
3.603596E+00  1.837E-01
3.603631E+00  8.124E-02
3.603666E+00  7.652E-02
3.603700E+00  3.069E-02
3.603735E+00  3.768E-02
3.603769E+00  1.801E-01
3.603803E+00  5.276E-01
3.603838E+00  1.040E-01
3.603872E+00  7.789E-02
3.603905E+00  8.431E-02
3.603939E+00  1.175E-01
3.603973E+00  2.217E-01
3.604006E+00  7.354E-01
3.604040E+00  1.214E+01
3.604073E+00  1.045E+00
3.604106E+00  2.906E-01
3.604139E+00  1.612E-01
3.604172E+00  1.379E-01
3.604205E+00  1.974E-01
3.604238E+00  7.559E-01
3.604271E+00  7.080E+00
3.604303E+00  3.714E-01
3.604335E+00  1.373E-01
3.604368E+00  8.097E-02
3.604400E+00  5.829E-02
3.604432E+00  4.659E-02
3.604464E+00  3.961E-02
3.604496E+00  3.502E-02
3.604527E+00  3.177E-02
3.604559E+00  2.933E-02
3.604590E+00  2.738E-02
3.604684E+00  2.247E-02
3.604746E+00  1.857E-02
3.604777E+00  1.709E-02
3.604808E+00  2.062E-02
3.604838E+00  4.912E-02
3.604869E+00  1.514E-01
3.604899E+00  2.914E-01
3.604960E+00  4.586E-01
3.604990E+00  6.140E-01
3.605020E+00  9.397E-01
3.605050E+00  1.654E+00
3.605080E+00  2.850E+00
3.605109E+00  2.743E+00
3.605139E+00  1.508E+00
3.605168E+00  8.156E-01
3.605198E+00  4.997E-01
3.605227E+00  3.428E-01
3.605256E+00  2.569E-01
3.605285E+00  2.067E-01
3.605314E+00  1.765E-01
3.605343E+00  1.593E-01
3.605372E+00  1.525E-01
3.605401E+00  1.575E-01
3.605429E+00  1.858E-01
3.605458E+00  3.926E-01
3.605486E+00  7.431E-01
3.605514E+00  2.015E-01
3.605543E+00  1.318E-02
3.605571E+00  1.577E-02
3.605599E+00  2.249E-02
3.605627E+00  2.840E-02
3.605655E+00  3.491E-02
3.605682E+00  5.019E-02
3.605710E+00  4.570E-01
3.605737E+00  4.478E-02
3.605765E+00  4.223E-02
3.605792E+00  4.677E-02
3.605820E+00  5.437E-02
3.605847E+00  6.688E-02
3.605874E+00  9.019E-02
3.605901E+00  1.438E-01
3.605928E+00  3.364E-01
3.605955E+00  3.261E+00
3.605981E+00  9.602E-01
3.606008E+00  1.569E-01
3.606035E+00  7.145E-02
3.606061E+00  4.978E-02
3.606088E+00  4.325E-02
3.606114E+00  4.239E-02
3.606140E+00  4.464E-02
3.606166E+00  4.948E-02
3.606192E+00  5.743E-02
3.606218E+00  7.022E-02
3.606244E+00  9.209E-02
3.606270E+00  1.346E-01
3.606296E+00  2.399E-01
3.606321E+00  6.858E-01
3.606347E+00  1.958E+01
3.606372E+00  6.330E-01
3.606398E+00  1.054E-01
3.606423E+00  3.778E-02
3.606448E+00  3.106E-02
3.606473E+00  7.027E-02
3.606498E+00  4.619E-01
3.606523E+00  2.137E+00
3.606548E+00  2.247E-01
3.606573E+00  9.499E-02
3.606598E+00  7.270E-02
3.606622E+00  5.314E-02
3.606647E+00  5.022E-02
3.606671E+00  1.213E-01
3.606696E+00  1.299E+00
3.606720E+00  1.126E-01
3.606745E+00  7.395E-02
3.606769E+00  7.194E-02
3.606793E+00  8.773E-02
3.606817E+00  1.360E-01
3.606841E+00  3.064E-01
3.606865E+00  1.690E+00
3.606888E+00  4.123E+00
3.606912E+00  4.765E-01
3.606936E+00  2.030E-01
3.606959E+00  1.498E-01
3.606983E+00  1.802E-01
3.607006E+00  4.556E-01
3.607030E+00  1.182E+01
3.607053E+00  6.952E-01
3.607076E+00  1.837E-01
3.607099E+00  9.535E-02
3.607122E+00  6.436E-02
3.607145E+00  4.961E-02
3.607168E+00  4.129E-02
3.607191E+00  3.605E-02
3.607214E+00  3.249E-02
3.607237E+00  2.991E-02
3.607259E+00  2.794E-02
3.607327E+00  2.340E-02
3.607349E+00  2.174E-02
3.607394E+00  1.746E-02
3.607416E+00  1.687E-02
3.607438E+00  2.889E-02
3.607460E+00  9.283E-02
3.607482E+00  2.221E-01
3.607504E+00  3.198E-01
3.607525E+00  4.048E-01
3.607547E+00  5.492E-01
3.607569E+00  8.485E-01
3.607590E+00  1.503E+00
3.607612E+00  2.553E+00
3.607633E+00  2.359E+00
3.607655E+00  1.284E+00
3.607676E+00  6.992E-01
3.607697E+00  4.316E-01
3.607719E+00  2.977E-01
3.607740E+00  2.241E-01
3.607761E+00  1.807E-01
3.607782E+00  1.545E-01
3.607803E+00  1.395E-01
3.607824E+00  1.334E-01
3.607844E+00  1.380E-01
3.607865E+00  1.661E-01
3.607886E+00  7.982E-01
3.607907E+00  8.100E-01
3.607927E+00  3.557E-02
3.607948E+00  1.315E-02
3.607968E+00  2.097E-02
3.607989E+00  2.705E-02
3.608029E+00  3.647E-02
3.608049E+00  4.366E-02
3.608069E+00  7.657E-02
3.608090E+00  1.216E-01
3.608110E+00  4.970E-02
3.608127E+00  5.151E-02
3.609841E+00  6.935E-01
3.614856E+00  6.100E-01
3.619809E+00  5.448E-01
3.626400E+00  4.758E-01
3.634173E+00  4.133E-01
3.642876E+00  3.602E-01
3.653522E+00  3.092E-01
3.662036E+00  2.767E-01
3.665477E+00  2.708E-01
3.666598E+00  2.720E-01
3.667706E+00  2.761E-01
3.668801E+00  2.849E-01
3.669884E+00  3.006E-01
3.670955E+00  3.262E-01
3.672014E+00  3.630E-01
3.674097E+00  4.454E-01
3.675121E+00  4.803E-01
3.676133E+00  5.314E-01
3.677135E+00  6.233E-01
3.679105E+00  8.889E-01
3.680074E+00  9.311E-01
3.681032E+00  8.787E-01
3.682918E+00  7.087E-01
3.683846E+00  6.489E-01
3.684764E+00  6.117E-01
3.685672E+00  5.934E-01
3.688339E+00  5.824E-01
3.690070E+00  5.579E-01
3.693427E+00  4.927E-01
3.695854E+00  4.584E-01
3.698977E+00  4.312E-01
3.702707E+00  4.155E-01
3.707628E+00  3.984E-01
3.710293E+00  3.905E-01
3.712226E+00  3.951E-01
3.714105E+00  4.132E-01
3.715328E+00  4.390E-01
3.715931E+00  4.601E-01
3.716528E+00  4.913E-01
3.717120E+00  5.404E-01
3.717707E+00  6.247E-01
3.718288E+00  7.867E-01
3.718864E+00  1.119E+00
3.719434E+00  1.478E+00
3.719999E+00  9.846E-01
3.720560E+00  5.510E-01
3.721115E+00  4.043E-01
3.721665E+00  3.551E-01
3.722210E+00  3.391E-01
3.722750E+00  3.375E-01
3.723286E+00  3.465E-01
3.723816E+00  3.742E-01
3.724342E+00  4.785E-01
3.724863E+00  1.702E+00
3.725380E+00  2.763E+00
3.725892E+00  6.501E-01
3.726400E+00  4.941E-01
3.726903E+00  4.627E-01
3.727402E+00  4.680E-01
3.727896E+00  5.008E-01
3.728386E+00  5.765E-01
3.728872E+00  7.550E-01
3.729354E+00  1.281E+00
3.729831E+00  3.906E+00
3.730305E+00  1.065E+02
3.730774E+00  9.176E+00
3.731240E+00  2.657E+00
3.731701E+00  1.548E+00
3.732158E+00  1.168E+00
3.732612E+00  9.968E-01
3.733062E+00  9.105E-01
3.733508E+00  8.665E-01
3.733950E+00  8.471E-01
3.734389E+00  8.441E-01
3.734824E+00  8.532E-01
3.735255E+00  8.726E-01
3.735683E+00  9.013E-01
3.736107E+00  9.396E-01
3.736528E+00  9.880E-01
3.736945E+00  1.048E+00
3.737359E+00  1.122E+00
3.737769E+00  1.213E+00
3.738176E+00  1.326E+00
3.738580E+00  1.469E+00
3.738980E+00  1.660E+00
3.739377E+00  1.941E+00
3.739771E+00  2.474E+00
3.740162E+00  4.392E+00
3.740550E+00  4.770E+01
3.740934E+00  8.821E+00
3.741316E+00  4.795E+00
3.741694E+00  5.482E+00
3.742070E+00  1.664E+01
3.742442E+00  5.478E+00
3.742812E+00  4.635E+00
3.743179E+00  4.543E+00
3.743542E+00  4.699E+00
3.743903E+00  5.000E+00
3.744261E+00  5.351E+00
3.744616E+00  5.599E+00
3.744969E+00  5.590E+00
3.745319E+00  5.376E+00
3.745666E+00  1.216E+01
3.746010E+00  4.127E+00
3.746352E+00  3.244E+00
3.746691E+00  2.710E+00
3.747028E+00  2.324E+00
3.747361E+00  2.045E+00
3.747693E+00  1.847E+00
3.748022E+00  1.709E+00
3.748348E+00  1.616E+00
3.748672E+00  1.556E+00
3.748993E+00  1.519E+00
3.749312E+00  1.504E+00
3.749629E+00  1.517E+00
3.749943E+00  1.580E+00
3.750255E+00  1.749E+00
3.750565E+00  2.162E+00
3.750872E+00  3.286E+00
3.751177E+00  7.495E+00
3.751480E+00  2.948E+01
3.751780E+00  1.018E+01
3.752079E+00  2.830E+00
3.752375E+00  1.345E+00
3.752669E+00  8.441E-01
3.752961E+00  6.195E-01
3.753250E+00  5.004E-01
3.753538E+00  4.300E-01
3.753823E+00  3.858E-01
3.754107E+00  3.571E-01
3.754388E+00  3.386E-01
3.754667E+00  3.276E-01
3.754945E+00  3.223E-01
3.755220E+00  3.221E-01
3.755493E+00  3.267E-01
3.755765E+00  3.360E-01
3.756034E+00  3.507E-01
3.756302E+00  3.713E-01
3.756568E+00  3.992E-01
3.756831E+00  4.359E-01
3.757093E+00  4.835E-01
3.757353E+00  5.444E-01
3.757612E+00  6.215E-01
3.757868E+00  7.173E-01
3.758123E+00  8.322E-01
3.758627E+00  1.098E+00
3.758876E+00  1.218E+00
3.759124E+00  1.300E+00
3.759370E+00  1.327E+00
3.759614E+00  1.298E+00
3.759857E+00  1.230E+00
3.760337E+00  1.056E+00
3.760575E+00  9.807E-01
3.760811E+00  9.246E-01
3.761045E+00  8.966E-01
3.761278E+00  9.176E-01
3.761509E+00  1.163E+00
3.761739E+00  1.160E+00
3.761967E+00  1.914E+00
3.762194E+00  1.749E+01
3.762419E+00  2.209E+00
3.762642E+00  5.108E-01
3.762864E+00  3.882E-01
3.763085E+00  4.063E-01
3.763304E+00  4.872E-01
3.763522E+00  6.616E-01
3.763738E+00  1.062E+00
3.763953E+00  2.184E+00
3.764166E+00  6.289E+00
3.764378E+00  1.163E+01
3.764589E+00  7.109E+00
3.764798E+00  5.040E+01
3.765006E+00  4.258E+00
3.765212E+00  1.800E+00
3.765418E+00  1.171E+00
3.765622E+00  8.948E-01
3.765824E+00  7.426E-01
3.766025E+00  6.485E-01
3.766225E+00  5.862E-01
3.766424E+00  5.435E-01
3.766621E+00  5.139E-01
3.766817E+00  4.938E-01
3.767012E+00  4.811E-01
3.767206E+00  4.748E-01
3.767398E+00  4.745E-01
3.767589E+00  4.804E-01
3.767779E+00  4.934E-01
3.767968E+00  5.150E-01
3.768155E+00  5.480E-01
3.768342E+00  5.965E-01
3.768527E+00  6.670E-01
3.768711E+00  7.678E-01
3.768894E+00  9.049E-01
3.769076E+00  1.066E+00
3.769256E+00  1.188E+00
3.769436E+00  1.173E+00
3.769614E+00  1.024E+00
3.769791E+00  8.500E-01
3.769968E+00  7.634E-01
3.770143E+00  1.312E+00
3.770317E+00  1.075E+00
3.770490E+00  9.225E-01
3.770661E+00  9.923E-01
3.770832E+00  1.484E+00
3.771002E+00  9.296E-01
3.771171E+00  6.369E-01
3.771339E+00  5.211E-01
3.771505E+00  4.719E-01
3.771671E+00  4.653E-01
3.771836E+00  5.095E-01
3.771999E+00  6.672E-01
3.772162E+00  1.257E+00
3.772324E+00  3.722E+00
3.772485E+00  2.270E+00
3.772644E+00  9.925E-01
3.772803E+00  7.542E-01
3.772961E+00  9.191E-01
3.773118E+00  2.234E+00
3.773274E+00  1.701E+01
3.773429E+00  3.732E+00
3.773583E+00  1.255E+00
3.773737E+00  7.301E-01
3.773889E+00  5.269E-01
3.774041E+00  4.194E-01
3.774191E+00  3.498E-01
3.774341E+00  2.982E-01
3.774490E+00  2.569E-01
3.774638E+00  2.236E-01
3.774785E+00  1.998E-01
3.774931E+00  1.909E-01
3.775076E+00  2.065E-01
3.775221E+00  2.511E-01
3.775365E+00  3.012E-01
3.775508E+00  3.195E-01
3.775650E+00  3.077E-01
3.775791E+00  2.877E-01
3.775931E+00  2.713E-01
3.776071E+00  2.614E-01
3.776210E+00  2.573E-01
3.776348E+00  2.579E-01
3.776485E+00  2.625E-01
3.776758E+00  2.813E-01
3.776893E+00  3.268E-01
3.777027E+00  6.851E-01
3.777160E+00  5.623E-01
3.777293E+00  7.324E-01
3.777425E+00  1.338E+00
3.777556E+00  5.092E+00
3.777686E+00  3.404E+00
3.777816E+00  1.033E+00
3.777945E+00  7.122E-01
3.778074E+00  6.685E-01
3.778201E+00  6.985E-01
3.778454E+00  8.152E-01
3.778580E+00  8.767E-01
3.778704E+00  9.603E-01
3.778829E+00  1.031E+00
3.778952E+00  1.020E+00
3.779197E+00  9.328E-01
3.779318E+00  9.323E-01
3.779439E+00  1.317E+00
3.779559E+00  2.264E+00
3.779679E+00  6.495E-01
3.779797E+00  5.272E-01
3.779915E+00  4.773E-01
3.780033E+00  4.456E-01
3.780150E+00  4.236E-01
3.780266E+00  4.089E-01
3.780382E+00  4.011E-01
3.780497E+00  4.009E-01
3.780611E+00  4.104E-01
3.780725E+00  4.343E-01
3.780838E+00  4.833E-01
3.780951E+00  5.838E-01
3.781063E+00  8.380E-01
3.781174E+00  1.259E+00
3.781285E+00  2.353E+00
3.781395E+00  3.046E+00
3.781505E+00  1.928E+00
3.781614E+00  1.158E+00
3.781722E+00  8.260E-01
3.781830E+00  6.819E-01
3.781937E+00  6.320E-01
3.782044E+00  6.555E-01
3.782150E+00  7.794E-01
3.782256E+00  1.049E+00
3.782361E+00  1.119E+00
3.782466E+00  7.776E-01
3.782570E+00  7.205E-01
3.782673E+00  8.342E-01
3.782776E+00  8.415E-01
3.782879E+00  9.576E-01
3.782980E+00  7.024E-01
3.783082E+00  6.173E-01
3.783183E+00  6.101E-01
3.783283E+00  6.415E-01
3.783383E+00  7.039E-01
3.783482E+00  8.011E-01
3.783581E+00  9.430E-01
3.783679E+00  1.145E+00
3.783777E+00  1.422E+00
3.783971E+00  2.115E+00
3.784067E+00  2.291E+00
3.784163E+00  2.163E+00
3.784259E+00  1.869E+00
3.784353E+00  1.718E+00
3.784448E+00  1.497E+00
3.784542E+00  1.150E+00
3.784635E+00  8.943E-01
3.784728E+00  7.394E-01
3.784821E+00  6.914E-01
3.784913E+00  8.002E-01
3.785004E+00  1.049E+00
3.785096E+00  1.067E+00
3.785277E+00  8.035E-01
3.785366E+00  6.945E-01
3.785545E+00  5.039E-01
3.785633E+00  4.182E-01
3.785721E+00  3.446E-01
3.785809E+00  3.084E-01
3.785896E+00  3.645E-01
3.785983E+00  4.458E-01
3.786069E+00  4.198E-01
3.786155E+00  3.525E-01
3.786240E+00  3.020E-01
3.786326E+00  2.819E-01
3.786410E+00  2.893E-01
3.786494E+00  3.177E-01
3.786578E+00  3.628E-01
3.786662E+00  4.267E-01
3.786745E+00  5.659E-01
3.786828E+00  9.972E+00
3.786910E+00  9.527E-01
3.786992E+00  9.883E-01
3.787073E+00  1.138E+00
3.787154E+00  1.303E+00
3.787235E+00  1.399E+00
3.787315E+00  1.344E+00
3.787395E+00  1.151E+00
3.787475E+00  9.202E-01
3.787554E+00  7.284E-01
3.787633E+00  5.936E-01
3.787711E+00  5.065E-01
3.787789E+00  4.542E-01
3.787867E+00  4.270E-01
3.787944E+00  4.186E-01
3.788021E+00  4.257E-01
3.788098E+00  4.463E-01
3.788174E+00  4.793E-01
3.788250E+00  5.232E-01
3.788401E+00  6.284E-01
3.788475E+00  6.740E-01
3.788550E+00  6.936E-01
3.788624E+00  6.769E-01
3.788698E+00  7.324E-01
3.788771E+00  9.711E-01
3.788844E+00  2.024E+00
3.788917E+00  2.035E+00
3.788990E+00  1.398E+00
3.789062E+00  9.428E-01
3.789134E+00  7.179E-01
3.789205E+00  5.903E-01
3.789276E+00  5.071E-01
3.789347E+00  4.491E-01
3.789417E+00  4.079E-01
3.789488E+00  3.791E-01
3.789557E+00  3.608E-01
3.789627E+00  3.529E-01
3.789696E+00  3.584E-01
3.789765E+00  3.859E-01
3.789834E+00  4.595E-01
3.789902E+00  6.495E-01
3.789970E+00  1.134E+00
3.790038E+00  1.676E+00
3.790105E+00  1.244E+00
3.790172E+00  8.366E-01
3.790239E+00  5.908E-01
3.790305E+00  4.925E-01
3.790371E+00  4.463E-01
3.790437E+00  4.282E-01
3.790503E+00  4.306E-01
3.790568E+00  4.544E-01
3.790633E+00  5.103E-01
3.790698E+00  6.319E-01
3.790762E+00  9.275E-01
3.790826E+00  1.639E+00
3.790890E+00  8.876E-01
3.790954E+00  4.749E-01
3.791017E+00  4.475E-01
3.791080E+00  6.432E-01
3.791143E+00  7.112E-01
3.791205E+00  6.472E-01
3.791268E+00  7.492E-01
3.791329E+00  8.778E-01
3.791391E+00  8.919E-01
3.791452E+00  7.494E-01
3.791514E+00  5.645E-01
3.791574E+00  4.216E-01
3.791635E+00  3.313E-01
3.791695E+00  2.844E-01
3.791755E+00  2.775E-01
3.791815E+00  3.237E-01
3.791875E+00  4.685E-01
3.791934E+00  8.279E-01
3.791993E+00  1.574E+00
3.792052E+00  2.366E+00
3.792110E+00  2.299E+00
3.792169E+00  1.737E+00
3.792227E+00  1.304E+00
3.792285E+00  1.052E+00
3.792342E+00  9.202E-01
3.792399E+00  8.640E-01
3.792456E+00  8.376E-01
3.792513E+00  7.942E-01
3.792626E+00  6.825E-01
3.792682E+00  6.411E-01
3.792738E+00  5.161E-01
3.792794E+00  3.527E-01
3.792849E+00  3.727E-01
3.792904E+00  4.947E-01
3.792959E+00  7.218E-01
3.793014E+00  4.413E+00
3.793068E+00  7.447E-01
3.793123E+00  5.686E-01
3.793177E+00  4.694E-01
3.793230E+00  3.925E-01
3.793284E+00  3.400E-01
3.793337E+00  3.176E-01
3.793390E+00  3.233E-01
3.793443E+00  3.492E-01
3.793496E+00  3.875E-01
3.793548E+00  4.331E-01
3.793601E+00  4.846E-01
3.793653E+00  5.434E-01
3.793705E+00  6.133E-01
3.793756E+00  6.984E-01
3.793808E+00  8.004E-01
3.793859E+00  9.121E-01
3.793910E+00  1.006E+00
3.793960E+00  1.035E+00
3.794011E+00  9.694E-01
3.794111E+00  7.021E-01
3.794161E+00  5.947E-01
3.794211E+00  5.235E-01
3.794261E+00  4.834E-01
3.794310E+00  4.680E-01
3.794359E+00  4.724E-01
3.794408E+00  4.928E-01
3.794457E+00  5.255E-01
3.794554E+00  5.996E-01
3.794602E+00  6.175E-01
3.794650E+00  6.241E-01
3.794698E+00  7.155E-01
3.794745E+00  1.193E+00
3.794793E+00  1.133E+00
3.794840E+00  8.797E-01
3.794887E+00  9.821E-01
3.794934E+00  1.175E+00
3.794980E+00  1.034E+00
3.795027E+00  7.597E-01
3.795073E+00  5.967E-01
3.795119E+00  4.972E-01
3.795165E+00  4.308E-01
3.795211E+00  3.845E-01
3.795256E+00  3.521E-01
3.795302E+00  3.308E-01
3.795347E+00  3.207E-01
3.795392E+00  3.260E-01
3.795437E+00  3.614E-01
3.795481E+00  4.745E-01
3.795526E+00  7.823E-01
3.795570E+00  1.039E+00
3.795614E+00  7.559E-01
3.795658E+00  5.635E-01
3.795702E+00  4.610E-01
3.795746E+00  3.905E-01
3.795789E+00  3.666E-01
3.795832E+00  3.617E-01
3.795876E+00  3.725E-01
3.795919E+00  4.032E-01
3.795961E+00  4.692E-01
3.796046E+00  7.443E-01
3.796089E+00  7.371E-01
3.796131E+00  5.751E-01
3.796173E+00  3.885E-01
3.796215E+00  3.509E-01
3.796256E+00  3.989E-01
3.796298E+00  5.729E-01
3.796339E+00  7.697E-01
3.796380E+00  8.089E-01
3.796421E+00  9.571E-01
3.796462E+00  1.002E+00
3.796503E+00  8.542E-01
3.796543E+00  6.482E-01
3.796584E+00  4.906E-01
3.796624E+00  3.956E-01
3.796664E+00  3.562E-01
3.796704E+00  3.801E-01
3.796744E+00  5.160E-01
3.796784E+00  9.128E-01
3.796823E+00  1.765E+00
3.796862E+00  2.192E+00
3.796902E+00  1.612E+00
3.796941E+00  1.223E+00
3.796980E+00  1.089E+00
3.797018E+00  8.975E-01
3.797057E+00  7.547E-01
3.797095E+00  6.757E-01
3.797134E+00  6.423E-01
3.797210E+00  6.232E-01
3.797248E+00  5.882E-01
3.797286E+00  5.402E-01
3.797323E+00  5.010E-01
3.797361E+00  6.589E-01
3.797398E+00  1.370E+00
3.797435E+00  6.250E-01
3.797472E+00  5.839E-01
3.797509E+00  5.970E-01
3.797546E+00  5.759E-01
3.797728E+00  4.080E-01
3.797764E+00  3.823E-01
3.797800E+00  3.680E-01
3.797836E+00  3.655E-01
3.797871E+00  3.723E-01
3.797907E+00  3.857E-01
3.797942E+00  4.048E-01
3.797977E+00  4.296E-01
3.798013E+00  4.612E-01
3.798047E+00  5.018E-01
3.798082E+00  5.537E-01
3.798117E+00  6.192E-01
3.798152E+00  6.980E-01
3.798186E+00  7.824E-01
3.798220E+00  8.496E-01
3.798255E+00  8.657E-01
3.798289E+00  8.146E-01
3.798357E+00  6.296E-01
3.798390E+00  5.608E-01
3.798424E+00  5.204E-01
3.798457E+00  5.051E-01
3.798491E+00  5.096E-01
3.798524E+00  5.284E-01
3.798623E+00  5.992E-01
3.798656E+00  6.804E-01
3.798689E+00  9.318E-01
3.798721E+00  1.996E+00
3.798754E+00  9.036E-01
3.798818E+00  9.147E-01
3.798850E+00  9.962E-01
3.798882E+00  9.552E-01
3.798914E+00  7.143E-01
3.798946E+00  5.585E-01
3.798978E+00  4.654E-01
3.799009E+00  4.037E-01
3.799041E+00  3.603E-01
3.799072E+00  3.292E-01
3.799103E+00  3.078E-01
3.799134E+00  2.956E-01
3.799165E+00  2.960E-01
3.799196E+00  3.212E-01
3.799227E+00  4.121E-01
3.799258E+00  6.538E-01
3.799288E+00  7.633E-01
3.799319E+00  5.592E-01
3.799349E+00  4.654E-01
3.799379E+00  3.845E-01
3.799410E+00  3.400E-01
3.799440E+00  3.271E-01
3.799470E+00  3.291E-01
3.799499E+00  3.457E-01
3.799529E+00  3.834E-01
3.799559E+00  4.524E-01
3.799588E+00  5.003E-01
3.799618E+00  6.140E-01
3.799647E+00  5.218E-01
3.799676E+00  3.704E-01
3.799706E+00  3.244E-01
3.799735E+00  3.371E-01
3.799764E+00  3.929E-01
3.799792E+00  5.245E-01
3.799821E+00  7.666E-01
3.799850E+00  8.962E-01
3.799878E+00  1.069E+00
3.799907E+00  1.107E+00
3.799935E+00  9.455E-01
3.799963E+00  7.291E-01
3.799992E+00  5.627E-01
3.800020E+00  4.635E-01
3.800048E+00  4.324E-01
3.800076E+00  5.011E-01
3.800103E+00  7.975E-01
3.800131E+00  1.561E+00
3.800159E+00  1.930E+00
3.800186E+00  1.308E+00
3.800214E+00  8.740E-01
3.800241E+00  7.548E-01
3.800268E+00  7.925E-01
3.800323E+00  6.106E-01
3.800350E+00  5.619E-01
3.800376E+00  5.455E-01
3.800403E+00  5.436E-01
3.800430E+00  5.305E-01
3.800457E+00  4.967E-01
3.800483E+00  9.247E-01
3.800510E+00  7.940E-01
3.800536E+00  5.959E-01
3.800562E+00  5.795E-01
3.800588E+00  4.718E-01
3.800614E+00  4.911E-01
3.800641E+00  5.264E-01
3.800666E+00  5.300E-01
3.800744E+00  4.976E-01
3.800769E+00  4.786E-01
3.800846E+00  3.995E-01
3.800871E+00  3.833E-01
3.800896E+00  3.766E-01
3.800921E+00  3.783E-01
3.800946E+00  3.872E-01
3.800971E+00  4.026E-01
3.800996E+00  4.245E-01
3.801021E+00  4.538E-01
3.801046E+00  4.919E-01
3.801070E+00  5.405E-01
3.801095E+00  6.006E-01
3.801144E+00  7.387E-01
3.801168E+00  7.846E-01
3.801192E+00  7.831E-01
3.801216E+00  7.320E-01
3.801240E+00  6.586E-01
3.801264E+00  5.933E-01
3.801288E+00  5.504E-01
3.801312E+00  5.313E-01
3.801336E+00  5.320E-01
3.801360E+00  5.463E-01
3.801383E+00  5.689E-01
3.801407E+00  6.095E-01
3.801430E+00  7.268E-01
3.801454E+00  9.470E-01
3.801477E+00  1.495E+00
3.801500E+00  9.392E-01
3.801523E+00  8.846E-01
3.801547E+00  8.415E-01
3.801570E+00  8.193E-01
3.801593E+00  8.764E-01
3.801615E+00  8.125E-01
3.801638E+00  6.059E-01
3.801661E+00  4.825E-01
3.801684E+00  4.095E-01
3.801706E+00  3.608E-01
3.801729E+00  3.261E-01
3.801751E+00  3.011E-01
3.801774E+00  2.839E-01
3.801796E+00  2.748E-01
3.801818E+00  2.783E-01
3.801840E+00  3.098E-01
3.801863E+00  4.188E-01
3.801885E+00  6.283E-01
3.801907E+00  5.804E-01
3.801929E+00  4.404E-01
3.801950E+00  4.331E-01
3.801972E+00  3.284E-01
3.801994E+00  3.076E-01
3.802016E+00  3.037E-01
3.802037E+00  3.121E-01
3.802059E+00  3.346E-01
3.802080E+00  3.718E-01
3.802101E+00  4.358E-01
3.802123E+00  5.540E-01
3.802144E+00  4.646E-01
3.802165E+00  3.493E-01
3.802186E+00  3.128E-01
3.802207E+00  3.214E-01
3.802228E+00  3.608E-01
3.802249E+00  4.356E-01
3.802270E+00  5.864E-01
3.802291E+00  8.236E-01
3.802312E+00  1.015E+00
3.802332E+00  1.155E+00
3.802353E+00  1.099E+00
3.802374E+00  9.006E-01
3.802394E+00  7.024E-01
3.802414E+00  5.631E-01
3.802435E+00  4.906E-01
3.802455E+00  5.012E-01
3.802475E+00  6.798E-01
3.802496E+00  1.245E+00
3.802516E+00  1.686E+00
3.802536E+00  1.169E+00
3.802556E+00  7.594E-01
3.802571E+00  6.065E-01
3.812551E+00  4.663E-01
3.862551E+00  2.322E-01
3.912551E+00  1.940E-01
3.962551E+00  1.825E-01
4.012551E+00  1.794E-01
4.212551E+00  1.814E-01
4.362551E+00  1.769E-01
4.712551E+00  1.553E-01
5.212551E+00  1.225E-01
5.562551E+00  1.028E-01
5.962551E+00  8.456E-02
6.312551E+00  7.170E-02
6.662551E+00  6.119E-02
7.062551E+00  5.159E-02
7.412551E+00  4.469E-02
7.912551E+00  3.682E-02
8.312551E+00  3.189E-02
8.812551E+00  2.674E-02
9.412551E+00  2.204E-02
9.862550E+00  1.918E-02
1.036822E+01  1.653E-02
1.089981E+01  1.424E-02
1.145866E+01  1.227E-02
1.204616E+01  1.058E-02
1.266378E+01  9.114E-03
1.331307E+01  7.854E-03
1.399564E+01  6.768E-03
1.471322E+01  5.832E-03
1.546759E+01  5.026E-03
1.626063E+01  4.331E-03
1.709433E+01  3.732E-03
1.797078E+01  3.216E-03
1.889217E+01  2.771E-03
1.986079E+01  2.388E-03
2.087908E+01  2.058E-03
2.194958E+01  1.773E-03
2.307496E+01  1.528E-03
2.425804E+01  1.317E-03
2.550179E+01  1.135E-03
2.680930E+01  9.779E-04
2.818384E+01  8.427E-04
2.962886E+01  7.262E-04
3.114798E+01  6.258E-04
3.274497E+01  5.393E-04
3.442385E+01  4.647E-04
3.618880E+01  4.004E-04
3.804425E+01  3.451E-04
3.999483E+01  2.974E-04
