# photon energy(Ry), cross section(Mb)
6.250780E-02  1.908E+01
6.450780E-02  1.692E+01
6.650780E-02  1.506E+01
6.850780E-02  1.344E+01
7.050780E-02  1.202E+01
7.250780E-02  1.079E+01
7.450780E-02  9.705E+00
7.650780E-02  8.752E+00
7.850780E-02  7.911E+00
8.050780E-02  7.166E+00
8.250780E-02  6.506E+00
8.450780E-02  5.918E+00
8.650780E-02  5.394E+00
8.850780E-02  4.926E+00
9.050780E-02  4.506E+00
9.250780E-02  4.130E+00
9.450780E-02  3.791E+00
9.650780E-02  3.485E+00
9.850780E-02  3.209E+00
1.005078E-01  2.959E+00
1.025078E-01  2.733E+00
1.045078E-01  2.527E+00
1.065078E-01  2.340E+00
1.085078E-01  2.169E+00
1.105078E-01  2.013E+00
1.125078E-01  1.871E+00
1.145078E-01  1.740E+00
1.165078E-01  1.621E+00
1.185078E-01  1.511E+00
1.205078E-01  1.410E+00
1.225078E-01  1.317E+00
1.245078E-01  1.231E+00
1.265078E-01  1.152E+00
1.285078E-01  1.079E+00
1.305078E-01  1.011E+00
1.325078E-01  9.488E-01
1.345078E-01  8.906E-01
1.365078E-01  8.367E-01
1.385078E-01  7.866E-01
1.405078E-01  7.400E-01
1.425078E-01  6.966E-01
1.445078E-01  6.562E-01
1.465078E-01  6.185E-01
1.485078E-01  5.833E-01
1.505078E-01  5.505E-01
1.525078E-01  5.198E-01
1.545078E-01  4.911E-01
1.565078E-01  4.643E-01
1.585078E-01  4.391E-01
1.605078E-01  4.155E-01
1.625078E-01  3.935E-01
1.645078E-01  3.727E-01
1.665078E-01  3.533E-01
1.685078E-01  3.350E-01
1.705078E-01  3.178E-01
1.725078E-01  3.017E-01
1.745078E-01  2.865E-01
1.765078E-01  2.723E-01
1.785078E-01  2.588E-01
1.805078E-01  2.462E-01
1.825078E-01  2.342E-01
1.845078E-01  2.230E-01
1.865078E-01  2.124E-01
1.885078E-01  2.024E-01
1.905078E-01  1.929E-01
1.925078E-01  1.840E-01
1.945078E-01  1.756E-01
1.965078E-01  1.676E-01
1.985078E-01  1.601E-01
2.005078E-01  1.530E-01
2.025078E-01  1.463E-01
2.045078E-01  1.399E-01
2.065078E-01  1.339E-01
2.085078E-01  1.282E-01
2.105078E-01  1.228E-01
2.125078E-01  1.176E-01
2.145078E-01  1.128E-01
2.165078E-01  1.082E-01
2.185078E-01  1.038E-01
2.205078E-01  9.961E-02
2.225078E-01  9.566E-02
2.245078E-01  9.190E-02
2.265078E-01  8.832E-02
2.285078E-01  8.492E-02
2.305078E-01  8.168E-02
2.325078E-01  7.860E-02
2.345078E-01  7.566E-02
2.365078E-01  7.285E-02
2.385078E-01  7.018E-02
2.405078E-01  6.763E-02
2.425078E-01  6.519E-02
2.445078E-01  6.286E-02
2.465078E-01  6.063E-02
2.485078E-01  5.850E-02
2.505078E-01  5.647E-02
2.525078E-01  5.451E-02
2.545078E-01  5.264E-02
2.565078E-01  5.085E-02
2.585078E-01  4.913E-02
2.605078E-01  4.748E-02
2.625078E-01  4.590E-02
2.645078E-01  4.438E-02
2.665078E-01  4.292E-02
2.685078E-01  4.151E-02
2.705078E-01  4.016E-02
2.725078E-01  3.886E-02
2.745078E-01  3.760E-02
2.765078E-01  3.639E-02
2.785078E-01  3.523E-02
2.805078E-01  3.411E-02
2.825078E-01  3.303E-02
2.845078E-01  3.198E-02
2.865078E-01  3.097E-02
2.885078E-01  3.000E-02
2.905078E-01  2.906E-02
2.925078E-01  2.815E-02
2.945078E-01  2.728E-02
2.965078E-01  2.643E-02
2.985078E-01  2.561E-02
3.005078E-01  2.481E-02
3.025078E-01  2.405E-02
3.045078E-01  2.330E-02
3.065078E-01  2.258E-02
3.085078E-01  2.189E-02
3.105078E-01  2.122E-02
3.125078E-01  2.056E-02
3.145078E-01  1.993E-02
3.165078E-01  1.932E-02
3.185078E-01  1.873E-02
3.205078E-01  1.816E-02
3.225078E-01  1.761E-02
3.245078E-01  1.707E-02
3.265078E-01  1.655E-02
3.285078E-01  1.605E-02
3.305078E-01  1.556E-02
3.325078E-01  1.509E-02
3.345078E-01  1.463E-02
3.365078E-01  1.419E-02
3.385078E-01  1.377E-02
3.405078E-01  1.335E-02
3.425078E-01  1.295E-02
3.445078E-01  1.257E-02
3.465078E-01  1.219E-02
3.485078E-01  1.183E-02
3.505078E-01  1.148E-02
3.525078E-01  1.114E-02
3.545078E-01  1.082E-02
3.565078E-01  1.050E-02
3.585078E-01  1.020E-02
3.605078E-01  9.902E-03
3.625078E-01  9.617E-03
3.645078E-01  9.342E-03
3.665078E-01  9.076E-03
3.685078E-01  8.819E-03
3.705078E-01  8.571E-03
3.725078E-01  8.332E-03
3.745078E-01  8.100E-03
3.765078E-01  7.877E-03
3.785078E-01  7.662E-03
3.805078E-01  7.454E-03
3.825078E-01  7.254E-03
3.845078E-01  7.060E-03
3.865078E-01  6.874E-03
3.885078E-01  6.694E-03
3.905078E-01  6.520E-03
3.925078E-01  6.352E-03
3.945078E-01  6.191E-03
3.965078E-01  6.035E-03
3.985078E-01  5.884E-03
4.005078E-01  5.739E-03
4.025078E-01  5.599E-03
4.045078E-01  5.464E-03
4.065078E-01  5.333E-03
4.085078E-01  5.207E-03
4.105078E-01  5.086E-03
4.125078E-01  4.968E-03
4.145078E-01  4.855E-03
4.165078E-01  4.745E-03
4.185078E-01  4.640E-03
4.205078E-01  4.538E-03
4.225078E-01  4.439E-03
4.245078E-01  4.343E-03
4.265078E-01  4.251E-03
4.285078E-01  4.162E-03
4.305078E-01  4.075E-03
4.325078E-01  3.992E-03
4.345078E-01  3.911E-03
4.365078E-01  3.832E-03
4.385078E-01  3.756E-03
4.405078E-01  3.682E-03
4.425078E-01  3.611E-03
4.445078E-01  3.541E-03
4.465078E-01  3.473E-03
4.485078E-01  3.408E-03
4.505078E-01  3.344E-03
4.525078E-01  3.282E-03
4.545078E-01  3.221E-03
4.565078E-01  3.162E-03
4.585078E-01  3.105E-03
4.605078E-01  3.048E-03
4.625078E-01  2.994E-03
4.645078E-01  2.940E-03
4.665078E-01  2.888E-03
4.685078E-01  2.837E-03
4.705078E-01  2.786E-03
4.725078E-01  2.737E-03
4.745078E-01  2.689E-03
4.765078E-01  2.642E-03
4.785078E-01  2.596E-03
4.805078E-01  2.550E-03
4.825078E-01  2.505E-03
4.845078E-01  2.461E-03
4.865078E-01  2.418E-03
4.885078E-01  2.376E-03
4.905078E-01  2.334E-03
4.925078E-01  2.293E-03
4.945078E-01  2.252E-03
4.965078E-01  2.212E-03
4.985078E-01  2.172E-03
5.005078E-01  2.133E-03
5.025078E-01  2.095E-03
5.045078E-01  2.057E-03
5.065078E-01  2.019E-03
5.085078E-01  1.982E-03
5.105078E-01  1.946E-03
5.125078E-01  1.910E-03
5.145078E-01  1.874E-03
5.165078E-01  1.839E-03
5.185078E-01  1.804E-03
5.205078E-01  1.770E-03
5.225078E-01  1.736E-03
5.245078E-01  1.702E-03
5.265078E-01  1.669E-03
5.285078E-01  1.636E-03
5.305078E-01  1.604E-03
5.325078E-01  1.572E-03
5.345078E-01  1.540E-03
5.365078E-01  1.509E-03
5.385078E-01  1.478E-03
5.405078E-01  1.448E-03
5.425078E-01  1.418E-03
5.445078E-01  1.388E-03
5.465078E-01  1.359E-03
5.485078E-01  1.331E-03
5.505078E-01  1.302E-03
5.525078E-01  1.274E-03
5.545078E-01  1.247E-03
5.565078E-01  1.220E-03
5.585078E-01  1.194E-03
5.605078E-01  1.167E-03
5.625078E-01  1.142E-03
5.645078E-01  1.117E-03
5.665078E-01  1.092E-03
5.685078E-01  1.067E-03
5.705078E-01  1.044E-03
5.725078E-01  1.020E-03
5.745078E-01  9.972E-04
5.765078E-01  9.747E-04
5.785078E-01  9.527E-04
5.805078E-01  9.311E-04
5.825078E-01  9.100E-04
5.845078E-01  8.893E-04
5.865078E-01  8.691E-04
5.885078E-01  8.494E-04
5.905078E-01  8.301E-04
5.925078E-01  8.112E-04
5.945078E-01  7.928E-04
5.965078E-01  7.749E-04
5.985078E-01  7.574E-04
6.005078E-01  7.404E-04
6.025078E-01  7.238E-04
6.045078E-01  7.076E-04
6.065078E-01  6.919E-04
6.085078E-01  6.766E-04
6.105078E-01  6.617E-04
6.125078E-01  6.472E-04
6.145078E-01  6.331E-04
6.165078E-01  6.195E-04
6.185078E-01  6.062E-04
6.205078E-01  5.934E-04
6.225078E-01  5.809E-04
6.245078E-01  5.688E-04
6.265078E-01  5.571E-04
6.285078E-01  5.458E-04
6.305078E-01  5.348E-04
6.325078E-01  5.242E-04
6.345078E-01  5.139E-04
6.365078E-01  5.039E-04
6.385078E-01  4.943E-04
6.405078E-01  4.850E-04
6.425078E-01  4.760E-04
6.445078E-01  4.674E-04
6.465078E-01  4.590E-04
6.485078E-01  4.509E-04
6.505078E-01  4.432E-04
6.525078E-01  4.356E-04
6.545078E-01  4.284E-04
6.565078E-01  4.214E-04
6.585078E-01  4.147E-04
6.605078E-01  4.082E-04
6.625078E-01  4.020E-04
6.645078E-01  3.960E-04
6.665078E-01  3.902E-04
6.685078E-01  3.846E-04
6.705078E-01  3.793E-04
6.725078E-01  3.741E-04
6.745078E-01  3.691E-04
6.765078E-01  3.644E-04
6.785078E-01  3.598E-04
6.805078E-01  3.553E-04
6.825078E-01  3.511E-04
6.845078E-01  3.470E-04
6.865078E-01  3.430E-04
6.885078E-01  3.392E-04
6.905078E-01  3.356E-04
6.925078E-01  3.320E-04
6.945078E-01  3.286E-04
6.965078E-01  3.253E-04
6.985078E-01  3.222E-04
7.005078E-01  3.191E-04
7.025078E-01  3.161E-04
7.045078E-01  3.133E-04
7.065078E-01  3.105E-04
7.085078E-01  3.078E-04
7.105078E-01  3.052E-04
7.125078E-01  3.026E-04
7.145078E-01  3.001E-04
7.165078E-01  2.977E-04
7.185078E-01  2.954E-04
7.205078E-01  2.931E-04
7.225078E-01  2.908E-04
7.245078E-01  2.886E-04
7.265078E-01  2.864E-04
7.285078E-01  2.843E-04
7.305078E-01  2.822E-04
7.325078E-01  2.801E-04
7.345078E-01  2.780E-04
7.365078E-01  2.760E-04
7.385078E-01  2.739E-04
7.405078E-01  2.719E-04
7.425078E-01  2.699E-04
7.445078E-01  2.679E-04
7.465078E-01  2.659E-04
7.485078E-01  2.639E-04
7.505078E-01  2.618E-04
7.525078E-01  2.598E-04
7.545078E-01  2.578E-04
7.565078E-01  2.557E-04
7.585078E-01  2.536E-04
7.605078E-01  2.516E-04
7.625078E-01  2.494E-04
7.645078E-01  2.473E-04
7.665078E-01  2.452E-04
7.685078E-01  2.430E-04
7.705078E-01  2.408E-04
7.725078E-01  2.386E-04
7.745078E-01  2.363E-04
7.765078E-01  2.340E-04
7.785078E-01  2.317E-04
7.805078E-01  2.294E-04
7.825078E-01  2.270E-04
7.845078E-01  2.246E-04
7.865078E-01  2.222E-04
7.885078E-01  2.197E-04
7.905078E-01  2.172E-04
7.925078E-01  2.147E-04
7.945078E-01  2.121E-04
7.965078E-01  2.096E-04
7.985078E-01  2.070E-04
8.005078E-01  2.043E-04
8.025078E-01  2.017E-04
8.045078E-01  1.990E-04
8.065078E-01  1.963E-04
8.085078E-01  1.936E-04
8.105078E-01  1.909E-04
8.125078E-01  1.881E-04
8.145078E-01  1.853E-04
8.165078E-01  1.826E-04
8.185078E-01  1.798E-04
8.205078E-01  1.769E-04
8.225078E-01  1.741E-04
8.245078E-01  1.713E-04
8.265078E-01  1.685E-04
8.285078E-01  1.656E-04
8.305078E-01  1.628E-04
8.325078E-01  1.600E-04
8.345078E-01  1.571E-04
8.365078E-01  1.543E-04
8.385078E-01  1.515E-04
8.405078E-01  1.487E-04
8.425078E-01  1.459E-04
8.445078E-01  1.431E-04
8.465078E-01  1.403E-04
8.485078E-01  1.375E-04
8.505078E-01  1.348E-04
8.525078E-01  1.321E-04
8.545078E-01  1.294E-04
8.565078E-01  1.267E-04
8.585078E-01  1.240E-04
8.605078E-01  1.214E-04
8.625078E-01  1.188E-04
8.645078E-01  1.162E-04
8.665078E-01  1.137E-04
8.685078E-01  1.112E-04
8.705078E-01  1.087E-04
8.725078E-01  1.063E-04
8.745078E-01  1.039E-04
8.765078E-01  1.016E-04
8.785078E-01  9.925E-05
8.805078E-01  9.698E-05
8.825078E-01  9.474E-05
8.845078E-01  9.255E-05
8.865078E-01  9.039E-05
8.885078E-01  8.828E-05
8.905078E-01  8.622E-05
8.925078E-01  8.420E-05
8.945078E-01  8.222E-05
8.965078E-01  8.029E-05
8.985078E-01  7.840E-05
9.005078E-01  7.656E-05
9.025078E-01  7.476E-05
9.045078E-01  7.301E-05
9.065078E-01  7.131E-05
9.085078E-01  6.965E-05
9.105078E-01  6.803E-05
9.125078E-01  6.646E-05
9.145078E-01  6.494E-05
9.165078E-01  6.346E-05
9.185078E-01  6.203E-05
9.205078E-01  6.064E-05
9.225078E-01  5.929E-05
9.245078E-01  5.799E-05
9.265078E-01  5.673E-05
9.285078E-01  5.551E-05
9.305078E-01  5.433E-05
9.325078E-01  5.320E-05
9.345078E-01  5.211E-05
9.365078E-01  5.105E-05
9.385078E-01  5.004E-05
9.405078E-01  4.906E-05
9.425078E-01  4.813E-05
9.445078E-01  4.723E-05
9.465078E-01  4.636E-05
9.485078E-01  4.554E-05
9.505078E-01  4.475E-05
9.525078E-01  4.399E-05
9.545078E-01  4.327E-05
9.565078E-01  4.258E-05
9.585078E-01  4.192E-05
9.605078E-01  4.129E-05
9.625078E-01  4.070E-05
9.645078E-01  4.013E-05
9.665078E-01  3.960E-05
9.685078E-01  3.909E-05
9.705078E-01  3.862E-05
9.725078E-01  3.816E-05
9.745078E-01  3.774E-05
9.765078E-01  3.734E-05
9.785078E-01  3.697E-05
9.805078E-01  3.662E-05
9.825078E-01  3.630E-05
9.845078E-01  3.600E-05
9.865078E-01  3.572E-05
9.885078E-01  3.546E-05
9.905078E-01  3.522E-05
9.925078E-01  3.501E-05
9.945078E-01  3.481E-05
9.965078E-01  3.463E-05
9.985078E-01  3.448E-05
1.000508E+00  3.433E-05
1.002508E+00  3.421E-05
1.004508E+00  3.410E-05
1.006508E+00  3.401E-05
1.008508E+00  3.394E-05
1.010508E+00  3.388E-05
1.012508E+00  3.383E-05
1.014508E+00  3.380E-05
1.016508E+00  3.377E-05
1.018508E+00  3.377E-05
1.020508E+00  3.377E-05
1.022508E+00  3.378E-05
1.024508E+00  3.380E-05
1.026508E+00  3.384E-05
1.028508E+00  3.388E-05
1.030508E+00  3.393E-05
1.032508E+00  3.399E-05
1.034508E+00  3.405E-05
1.036508E+00  3.412E-05
1.038508E+00  3.420E-05
1.040508E+00  3.428E-05
1.042508E+00  3.437E-05
1.044508E+00  3.446E-05
1.046508E+00  3.455E-05
1.048508E+00  3.465E-05
1.050508E+00  3.475E-05
1.052508E+00  3.485E-05
1.054508E+00  3.495E-05
1.056508E+00  3.505E-05
1.058508E+00  3.515E-05
1.060508E+00  3.525E-05
1.062508E+00  3.535E-05
1.064508E+00  3.544E-05
1.066508E+00  3.553E-05
1.068508E+00  3.562E-05
1.070508E+00  3.571E-05
1.072508E+00  3.579E-05
1.074508E+00  3.586E-05
1.076508E+00  3.593E-05
1.078508E+00  3.599E-05
1.080508E+00  3.605E-05
1.082508E+00  3.610E-05
1.084508E+00  3.614E-05
1.086508E+00  3.617E-05
1.088508E+00  3.620E-05
1.090508E+00  3.621E-05
1.092508E+00  3.621E-05
1.094508E+00  3.621E-05
1.096508E+00  3.619E-05
1.098508E+00  3.617E-05
1.100508E+00  3.613E-05
1.102508E+00  3.608E-05
1.104508E+00  3.602E-05
1.106508E+00  3.595E-05
1.108508E+00  3.587E-05
1.110508E+00  3.577E-05
1.112508E+00  3.567E-05
1.114508E+00  3.554E-05
1.116508E+00  3.541E-05
1.118508E+00  3.527E-05
1.120508E+00  3.511E-05
1.122508E+00  3.493E-05
1.124508E+00  3.475E-05
1.126508E+00  3.455E-05
1.128508E+00  3.434E-05
1.130508E+00  3.412E-05
1.132508E+00  3.388E-05
1.134508E+00  3.363E-05
1.136508E+00  3.337E-05
1.138508E+00  3.310E-05
1.140508E+00  3.281E-05
1.142508E+00  3.252E-05
1.144508E+00  3.221E-05
1.146508E+00  3.189E-05
1.148508E+00  3.156E-05
1.150508E+00  3.122E-05
1.152508E+00  3.086E-05
1.154508E+00  3.050E-05
1.156508E+00  3.013E-05
1.158508E+00  2.975E-05
1.160508E+00  2.936E-05
1.162508E+00  2.896E-05
1.164508E+00  2.856E-05
1.166508E+00  2.814E-05
1.168508E+00  2.772E-05
1.170508E+00  2.729E-05
1.172508E+00  2.686E-05
1.174508E+00  2.642E-05
1.176508E+00  2.598E-05
1.178508E+00  2.553E-05
1.180508E+00  2.507E-05
1.182508E+00  2.462E-05
1.184508E+00  2.416E-05
1.186508E+00  2.369E-05
1.188508E+00  2.323E-05
1.190508E+00  2.276E-05
1.192508E+00  2.229E-05
1.194508E+00  2.182E-05
1.196508E+00  2.135E-05
1.198508E+00  2.089E-05
1.200508E+00  2.042E-05
1.202508E+00  1.995E-05
1.204508E+00  1.949E-05
1.206508E+00  1.902E-05
1.208508E+00  1.856E-05
1.210508E+00  1.810E-05
1.212508E+00  1.765E-05
1.214508E+00  1.720E-05
1.216508E+00  1.675E-05
1.218508E+00  1.631E-05
1.220508E+00  1.587E-05
1.222508E+00  1.544E-05
1.224508E+00  1.502E-05
1.226508E+00  1.460E-05
1.228508E+00  1.418E-05
1.230508E+00  1.377E-05
1.232508E+00  1.337E-05
1.234508E+00  1.298E-05
1.236508E+00  1.259E-05
1.238508E+00  1.221E-05
1.240508E+00  1.184E-05
1.242508E+00  1.147E-05
1.244508E+00  1.111E-05
1.246508E+00  1.076E-05
1.248508E+00  1.042E-05
1.250508E+00  1.009E-05
1.252508E+00  9.763E-06
1.254508E+00  9.446E-06
1.256508E+00  9.137E-06
1.258508E+00  8.836E-06
1.260508E+00  8.544E-06
1.262508E+00  8.260E-06
1.264508E+00  7.985E-06
1.266508E+00  7.717E-06
1.268508E+00  7.458E-06
1.270508E+00  7.208E-06
1.272508E+00  6.965E-06
1.274508E+00  6.730E-06
1.276508E+00  6.504E-06
1.278508E+00  6.285E-06
1.280508E+00  6.075E-06
1.282508E+00  5.871E-06
1.284508E+00  5.676E-06
1.286508E+00  5.488E-06
1.288508E+00  5.308E-06
1.290508E+00  5.134E-06
1.292508E+00  4.968E-06
1.294508E+00  4.809E-06
1.296508E+00  4.657E-06
1.298508E+00  4.511E-06
1.300508E+00  4.372E-06
1.302508E+00  4.239E-06
1.304508E+00  4.113E-06
1.306508E+00  3.992E-06
1.308508E+00  3.878E-06
1.310508E+00  3.769E-06
1.312508E+00  3.666E-06
1.314508E+00  3.569E-06
1.316508E+00  3.477E-06
1.318508E+00  3.390E-06
1.320508E+00  3.308E-06
1.322508E+00  3.232E-06
1.324508E+00  3.160E-06
1.326508E+00  3.092E-06
1.328508E+00  3.030E-06
1.330508E+00  2.971E-06
1.332508E+00  2.917E-06
1.334508E+00  2.868E-06
1.336508E+00  2.822E-06
1.338508E+00  2.780E-06
1.340508E+00  2.743E-06
1.342508E+00  2.709E-06
1.344508E+00  2.679E-06
1.346508E+00  2.652E-06
1.348508E+00  2.629E-06
1.350508E+00  2.609E-06
1.352508E+00  2.593E-06
1.354508E+00  2.580E-06
1.356508E+00  2.571E-06
1.358508E+00  2.565E-06
1.360508E+00  2.561E-06
1.362508E+00  2.561E-06
1.364508E+00  2.564E-06
1.366508E+00  2.570E-06
1.368508E+00  2.578E-06
1.370508E+00  2.590E-06
1.372508E+00  2.604E-06
1.374508E+00  2.622E-06
1.376508E+00  2.642E-06
1.378508E+00  2.664E-06
1.380508E+00  2.690E-06
1.382508E+00  2.718E-06
1.384508E+00  2.748E-06
1.386508E+00  2.781E-06
1.388508E+00  2.817E-06
1.390508E+00  2.855E-06
1.392508E+00  2.895E-06
1.394508E+00  2.938E-06
1.396508E+00  2.983E-06
1.398508E+00  3.031E-06
1.400508E+00  3.080E-06
1.402508E+00  3.132E-06
1.404508E+00  3.186E-06
1.406508E+00  3.242E-06
1.408508E+00  3.300E-06
1.410508E+00  3.360E-06
1.412508E+00  3.422E-06
1.414508E+00  3.486E-06
1.416508E+00  3.552E-06
1.418508E+00  3.619E-06
1.420508E+00  3.687E-06
1.422508E+00  3.757E-06
1.424508E+00  3.829E-06
1.426508E+00  3.902E-06
1.428508E+00  3.976E-06
1.430508E+00  4.051E-06
1.432508E+00  4.128E-06
1.434508E+00  4.205E-06
1.436508E+00  4.283E-06
1.438508E+00  4.361E-06
1.440508E+00  4.441E-06
1.442508E+00  4.520E-06
1.444508E+00  4.600E-06
1.446508E+00  4.680E-06
1.448508E+00  4.761E-06
1.450508E+00  4.841E-06
1.452508E+00  4.921E-06
1.454508E+00  5.001E-06
1.456508E+00  5.080E-06
1.458508E+00  5.159E-06
1.460508E+00  5.237E-06
1.462508E+00  5.314E-06
1.464508E+00  5.390E-06
1.466508E+00  5.465E-06
1.468508E+00  5.539E-06
1.470508E+00  5.611E-06
1.472508E+00  5.682E-06
1.474508E+00  5.751E-06
1.476508E+00  5.818E-06
1.478508E+00  5.883E-06
1.480508E+00  5.946E-06
1.482508E+00  6.007E-06
1.484508E+00  6.066E-06
1.486508E+00  6.122E-06
1.488508E+00  6.176E-06
1.490508E+00  6.227E-06
1.492508E+00  6.275E-06
1.494508E+00  6.320E-06
1.496508E+00  6.362E-06
1.498508E+00  6.401E-06
1.500508E+00  6.437E-06
1.502508E+00  6.469E-06
1.504508E+00  6.498E-06
1.506508E+00  6.524E-06
1.508508E+00  6.546E-06
1.510508E+00  6.565E-06
1.512508E+00  6.580E-06
1.514508E+00  6.591E-06
1.516508E+00  6.599E-06
1.518508E+00  6.602E-06
1.520508E+00  6.602E-06
1.522508E+00  6.599E-06
1.524508E+00  6.591E-06
1.526508E+00  6.579E-06
1.528508E+00  6.564E-06
1.530508E+00  6.545E-06
1.532508E+00  6.522E-06
1.534508E+00  6.495E-06
1.536508E+00  6.464E-06
1.538508E+00  6.429E-06
1.540508E+00  6.391E-06
1.542508E+00  6.349E-06
1.544508E+00  6.304E-06
1.546508E+00  6.255E-06
1.548508E+00  6.202E-06
1.550508E+00  6.146E-06
1.552508E+00  6.087E-06
1.554508E+00  6.024E-06
1.556508E+00  5.958E-06
1.558508E+00  5.890E-06
1.560508E+00  5.818E-06
1.562508E+00  5.743E-06
1.564508E+00  5.665E-06
1.566508E+00  5.585E-06
1.568508E+00  5.503E-06
1.570508E+00  5.418E-06
1.572508E+00  5.330E-06
1.574508E+00  5.241E-06
1.576508E+00  5.149E-06
1.578508E+00  5.056E-06
1.580508E+00  4.960E-06
1.582508E+00  4.864E-06
1.584508E+00  4.765E-06
1.586508E+00  4.666E-06
1.588508E+00  4.565E-06
1.590508E+00  4.463E-06
1.592508E+00  4.360E-06
1.594508E+00  4.256E-06
1.596508E+00  4.152E-06
1.598508E+00  4.047E-06
1.600508E+00  3.942E-06
1.602508E+00  3.837E-06
1.604508E+00  3.731E-06
1.606508E+00  3.626E-06
1.608508E+00  3.520E-06
1.610508E+00  3.415E-06
1.612508E+00  3.311E-06
1.614508E+00  3.207E-06
1.616508E+00  3.104E-06
1.618508E+00  3.001E-06
1.620508E+00  2.900E-06
1.622508E+00  2.799E-06
1.624508E+00  2.700E-06
1.626508E+00  2.601E-06
1.628508E+00  2.505E-06
1.630508E+00  2.409E-06
1.632508E+00  2.315E-06
1.634508E+00  2.223E-06
1.636508E+00  2.132E-06
1.638508E+00  2.043E-06
1.640508E+00  1.956E-06
1.642508E+00  1.871E-06
1.644508E+00  1.788E-06
1.646508E+00  1.706E-06
1.648508E+00  1.627E-06
1.650508E+00  1.550E-06
1.652508E+00  1.475E-06
1.654508E+00  1.402E-06
1.656508E+00  1.331E-06
1.658508E+00  1.263E-06
1.660508E+00  1.196E-06
1.662508E+00  1.132E-06
1.664508E+00  1.070E-06
1.666508E+00  1.011E-06
1.668508E+00  9.530E-07
1.670508E+00  8.978E-07
1.672508E+00  8.448E-07
1.674508E+00  7.939E-07
1.676508E+00  7.452E-07
1.678508E+00  6.987E-07
1.680508E+00  6.543E-07
1.682508E+00  6.120E-07
1.684508E+00  5.717E-07
1.686508E+00  5.334E-07
1.688508E+00  4.971E-07
1.690508E+00  4.628E-07
1.692508E+00  4.303E-07
1.694508E+00  3.996E-07
1.696508E+00  3.708E-07
1.698508E+00  3.436E-07
1.700508E+00  3.181E-07
1.702508E+00  2.943E-07
1.704508E+00  2.719E-07
1.706508E+00  2.511E-07
1.708508E+00  2.317E-07
1.710508E+00  2.137E-07
1.712508E+00  1.970E-07
1.714508E+00  1.816E-07
1.716508E+00  1.673E-07
1.718508E+00  1.541E-07
1.720508E+00  1.421E-07
1.722508E+00  1.310E-07
1.724508E+00  1.208E-07
1.726508E+00  1.116E-07
1.728508E+00  1.031E-07
1.730508E+00  9.544E-08
1.732508E+00  8.847E-08
1.734508E+00  8.215E-08
1.736508E+00  7.643E-08
1.738508E+00  7.126E-08
1.740508E+00  6.658E-08
1.742508E+00  6.236E-08
1.744508E+00  5.854E-08
1.746508E+00  5.507E-08
1.748508E+00  5.193E-08
1.750508E+00  4.906E-08
1.752508E+00  4.644E-08
1.754508E+00  4.404E-08
1.756508E+00  4.180E-08
1.758508E+00  3.972E-08
1.760508E+00  3.775E-08
1.762508E+00  3.589E-08
1.764508E+00  3.410E-08
1.766508E+00  3.237E-08
1.768508E+00  3.069E-08
1.770508E+00  2.903E-08
1.772508E+00  2.739E-08
1.774508E+00  2.576E-08
1.776508E+00  2.414E-08
1.778508E+00  2.252E-08
1.780508E+00  2.090E-08
1.782508E+00  1.927E-08
1.784508E+00  1.766E-08
1.786508E+00  1.605E-08
1.788508E+00  1.447E-08
1.790508E+00  1.291E-08
1.792508E+00  1.139E-08
1.794508E+00  9.920E-09
1.796508E+00  8.520E-09
1.798508E+00  7.204E-09
1.800508E+00  5.990E-09
1.802508E+00  4.898E-09
1.804508E+00  3.946E-09
1.806508E+00  3.157E-09
1.808508E+00  2.554E-09
1.810508E+00  2.158E-09
1.812508E+00  1.994E-09
1.814508E+00  2.086E-09
1.816508E+00  2.458E-09
1.818508E+00  3.136E-09
1.820508E+00  4.144E-09
1.822508E+00  5.507E-09
1.824508E+00  7.250E-09
1.826508E+00  9.398E-09
1.828508E+00  1.197E-08
1.830508E+00  1.500E-08
1.832508E+00  1.850E-08
1.834508E+00  2.250E-08
1.836508E+00  2.702E-08
1.838508E+00  3.208E-08
1.840508E+00  3.769E-08
1.842508E+00  4.388E-08
1.844508E+00  5.066E-08
1.846508E+00  5.804E-08
1.848508E+00  6.605E-08
1.850508E+00  7.469E-08
1.852508E+00  8.397E-08
1.854508E+00  9.391E-08
1.856508E+00  1.045E-07
1.858508E+00  1.158E-07
1.860508E+00  1.277E-07
1.862508E+00  1.403E-07
1.864508E+00  1.535E-07
1.866508E+00  1.675E-07
1.868508E+00  1.821E-07
1.870508E+00  1.973E-07
1.872508E+00  2.132E-07
1.874508E+00  2.297E-07
1.876508E+00  2.468E-07
1.878508E+00  2.646E-07
1.880508E+00  2.829E-07
1.882508E+00  3.019E-07
1.884508E+00  3.213E-07
1.886508E+00  3.413E-07
1.888508E+00  3.618E-07
1.890508E+00  3.828E-07
1.892508E+00  4.042E-07
1.894508E+00  4.261E-07
1.896508E+00  4.483E-07
1.898508E+00  4.709E-07
1.900508E+00  4.938E-07
1.902508E+00  5.171E-07
1.904508E+00  5.405E-07
1.906508E+00  5.642E-07
1.908508E+00  5.880E-07
1.910508E+00  6.120E-07
1.912508E+00  6.361E-07
1.914508E+00  6.602E-07
1.916508E+00  6.844E-07
1.918508E+00  7.085E-07
1.920508E+00  7.325E-07
1.922508E+00  7.564E-07
1.924508E+00  7.801E-07
1.926508E+00  8.036E-07
1.928508E+00  8.269E-07
1.930508E+00  8.499E-07
1.932508E+00  8.725E-07
1.934508E+00  8.947E-07
1.936508E+00  9.165E-07
1.938508E+00  9.378E-07
1.940508E+00  9.587E-07
1.942508E+00  9.789E-07
1.944508E+00  9.986E-07
1.946508E+00  1.018E-06
1.948508E+00  1.036E-06
1.950508E+00  1.054E-06
1.952508E+00  1.070E-06
1.954508E+00  1.087E-06
1.956508E+00  1.102E-06
1.958508E+00  1.116E-06
1.960508E+00  1.130E-06
1.962508E+00  1.142E-06
1.964508E+00  1.154E-06
1.966508E+00  1.165E-06
1.968508E+00  1.175E-06
1.970508E+00  1.183E-06
1.972508E+00  1.191E-06
1.974508E+00  1.198E-06
1.976508E+00  1.204E-06
1.978508E+00  1.208E-06
1.980508E+00  1.212E-06
1.982508E+00  1.214E-06
1.984508E+00  1.216E-06
1.986508E+00  1.216E-06
1.988508E+00  1.215E-06
1.990508E+00  1.213E-06
1.992508E+00  1.210E-06
1.994508E+00  1.206E-06
1.996508E+00  1.201E-06
1.998508E+00  1.195E-06
2.000508E+00  1.187E-06
2.002508E+00  1.179E-06
2.004508E+00  1.170E-06
2.006508E+00  1.159E-06
2.008508E+00  1.148E-06
2.010508E+00  1.136E-06
2.012508E+00  1.123E-06
2.014508E+00  1.109E-06
2.016508E+00  1.094E-06
2.018508E+00  1.078E-06
2.020508E+00  1.061E-06
2.022508E+00  1.044E-06
2.024508E+00  1.026E-06
2.026508E+00  1.007E-06
2.028508E+00  9.871E-07
2.030508E+00  9.669E-07
2.032508E+00  9.461E-07
2.034508E+00  9.248E-07
2.036508E+00  9.030E-07
2.038508E+00  8.806E-07
2.040508E+00  8.579E-07
2.042508E+00  8.348E-07
2.044508E+00  8.113E-07
2.046508E+00  7.875E-07
2.048508E+00  7.635E-07
2.050508E+00  7.394E-07
2.052508E+00  7.150E-07
2.054508E+00  6.906E-07
2.056508E+00  6.661E-07
2.058508E+00  6.415E-07
2.060508E+00  6.170E-07
2.072508E+00  4.733E-07
2.091910E+00  2.702E-07
2.110747E+00  1.326E-07
2.129041E+00  7.041E-08
2.146813E+00  7.874E-08
2.164082E+00  1.420E-07
2.180867E+00  2.393E-07
2.213056E+00  4.527E-07
2.228493E+00  5.361E-07
2.243513E+00  5.913E-07
2.258132E+00  6.154E-07
2.272362E+00  6.102E-07
2.286218E+00  5.806E-07
2.299713E+00  5.335E-07
2.325667E+00  4.159E-07
2.338151E+00  3.585E-07
2.350320E+00  3.088E-07
2.362185E+00  2.698E-07
2.373755E+00  2.431E-07
2.385042E+00  2.288E-07
2.396053E+00  2.260E-07
2.406798E+00  2.332E-07
2.417285E+00  2.480E-07
2.427522E+00  2.682E-07
2.466129E+00  3.586E-07
2.475230E+00  3.752E-07
2.484125E+00  3.875E-07
2.492819E+00  3.951E-07
2.501319E+00  3.983E-07
2.517757E+00  3.928E-07
2.555827E+00  3.526E-07
2.562961E+00  3.489E-07
2.569945E+00  3.496E-07
2.576783E+00  3.563E-07
2.583481E+00  3.707E-07
2.590041E+00  3.949E-07
2.596466E+00  4.319E-07
2.602762E+00  4.860E-07
2.608931E+00  5.638E-07
2.614977E+00  6.763E-07
2.620902E+00  8.432E-07
2.626711E+00  1.101E-06
2.632406E+00  1.527E-06
2.637990E+00  2.297E-06
2.643466E+00  3.896E-06
2.648836E+00  8.014E-06
2.654104E+00  2.371E-05
2.659272E+00  1.448E-04
2.664343E+00  8.313E-05
2.669318E+00  2.133E-05
2.674201E+00  1.005E-05
2.678994E+00  6.286E-06
2.683698E+00  4.591E-06
2.688316E+00  3.694E-06
2.692850E+00  3.168E-06
2.697303E+00  2.841E-06
2.701675E+00  2.629E-06
2.705969E+00  2.489E-06
2.710188E+00  2.395E-06
2.718402E+00  2.295E-06
2.730196E+00  2.260E-06
2.748547E+00  2.319E-06
2.771789E+00  2.483E-06
2.789717E+00  2.685E-06
2.800763E+00  2.888E-06
2.808613E+00  3.103E-06
2.816115E+00  3.402E-06
2.820933E+00  3.664E-06
2.825611E+00  3.994E-06
2.830155E+00  4.407E-06
2.834569E+00  4.926E-06
2.838859E+00  5.578E-06
2.843028E+00  6.398E-06
2.847082E+00  7.430E-06
2.849067E+00  8.043E-06
2.851025E+00  8.731E-06
2.852956E+00  9.504E-06
2.854860E+00  1.037E-05
2.856739E+00  1.135E-05
2.858593E+00  1.245E-05
2.860421E+00  1.369E-05
2.862225E+00  1.509E-05
2.864005E+00  1.666E-05
2.865761E+00  1.845E-05
2.867494E+00  2.046E-05
2.869204E+00  2.274E-05
2.870892E+00  2.533E-05
2.872558E+00  2.826E-05
2.874202E+00  3.160E-05
2.875825E+00  3.540E-05
2.877428E+00  3.973E-05
2.879009E+00  4.469E-05
2.880570E+00  5.036E-05
2.882112E+00  5.687E-05
2.883634E+00  6.435E-05
2.885137E+00  7.298E-05
2.886621E+00  8.295E-05
2.888086E+00  9.452E-05
2.889533E+00  1.080E-04
2.890963E+00  1.236E-04
2.892374E+00  1.420E-04
2.893769E+00  1.635E-04
2.895146E+00  1.890E-04
2.896506E+00  2.191E-04
2.897850E+00  2.550E-04
2.899178E+00  2.979E-04
2.900489E+00  3.496E-04
2.901785E+00  4.122E-04
2.903066E+00  4.886E-04
2.904331E+00  5.824E-04
2.905581E+00  6.987E-04
2.906816E+00  8.443E-04
2.908037E+00  1.028E-03
2.909244E+00  1.264E-03
2.910436E+00  1.570E-03
2.911615E+00  1.974E-03
2.912780E+00  2.516E-03
2.913931E+00  3.260E-03
2.915070E+00  4.310E-03
2.916195E+00  5.838E-03
2.917307E+00  8.153E-03
2.918407E+00  1.184E-02
2.919495E+00  1.813E-02
2.920570E+00  2.991E-02
2.921633E+00  5.521E-02
2.922684E+00  1.231E-01
2.923723E+00  3.953E-01
2.924751E+00  1.971E+00
2.925767E+00  7.544E-01
2.926773E+00  2.303E-01
2.927767E+00  1.112E-01
2.928750E+00  6.759E-02
2.929723E+00  4.692E-02
2.930685E+00  3.548E-02
2.931637E+00  2.850E-02
2.932578E+00  2.395E-02
2.933509E+00  2.086E-02
2.934430E+00  1.870E-02
2.935342E+00  1.718E-02
2.936244E+00  1.613E-02
2.937136E+00  1.544E-02
2.938018E+00  1.506E-02
2.938892E+00  1.495E-02
2.939756E+00  1.510E-02
2.940612E+00  1.554E-02
2.941458E+00  1.630E-02
2.942295E+00  1.747E-02
2.943124E+00  1.920E-02
2.943945E+00  2.173E-02
2.944757E+00  2.551E-02
2.945560E+00  3.144E-02
2.946356E+00  4.142E-02
2.947143E+00  6.038E-02
2.947922E+00  1.045E-01
2.948694E+00  2.579E-01
2.949458E+00  2.218E+00
2.950214E+00  1.440E+00
2.950962E+00  1.503E-01
2.951703E+00  4.675E-02
2.952437E+00  2.015E-02
2.953163E+00  1.012E-02
2.953883E+00  5.515E-03
2.954595E+00  3.142E-03
2.955300E+00  1.825E-03
2.955998E+00  1.060E-03
2.956690E+00  6.038E-04
2.957375E+00  3.310E-04
2.958053E+00  1.715E-04
2.958724E+00  8.442E-05
2.959390E+00  4.523E-05
2.960048E+00  3.851E-05
2.960701E+00  5.443E-05
2.961347E+00  8.657E-05
2.961987E+00  1.307E-04
2.962622E+00  1.841E-04
2.963250E+00  2.448E-04
2.963872E+00  3.118E-04
2.964488E+00  3.844E-04
2.965099E+00  4.621E-04
2.965704E+00  5.450E-04
2.966897E+00  7.264E-04
2.968068E+00  9.312E-04
2.969218E+00  1.164E-03
2.970347E+00  1.431E-03
2.971455E+00  1.742E-03
2.972544E+00  2.108E-03
2.973613E+00  2.544E-03
2.974141E+00  2.795E-03
2.974663E+00  3.071E-03
2.975182E+00  3.378E-03
2.975695E+00  3.718E-03
2.976204E+00  4.097E-03
2.976709E+00  4.522E-03
2.977209E+00  5.000E-03
2.977705E+00  5.540E-03
2.978197E+00  6.152E-03
2.978684E+00  6.851E-03
2.979167E+00  7.651E-03
2.979646E+00  8.573E-03
2.980121E+00  9.642E-03
2.980591E+00  1.089E-02
2.981058E+00  1.236E-02
2.981521E+00  1.409E-02
2.981980E+00  1.617E-02
2.982434E+00  1.867E-02
2.982886E+00  2.172E-02
2.983333E+00  2.548E-02
2.983776E+00  3.019E-02
2.984216E+00  3.616E-02
2.984652E+00  4.387E-02
2.985085E+00  5.404E-02
2.985514E+00  6.779E-02
2.985939E+00  8.693E-02
2.986361E+00  1.146E-01
2.986779E+00  1.564E-01
2.987194E+00  2.234E-01
2.987605E+00  3.400E-01
2.988014E+00  5.672E-01
2.988418E+00  1.095E+00
2.988820E+00  2.740E+00
2.989218E+00  1.101E+01
2.989613E+00  1.566E+01
2.990005E+00  3.884E+00
2.990394E+00  1.551E+00
2.990779E+00  8.339E-01
2.991162E+00  5.281E-01
2.991541E+00  3.703E-01
2.991918E+00  2.783E-01
2.992291E+00  2.202E-01
2.992662E+00  1.812E-01
2.993029E+00  1.539E-01
2.993394E+00  1.343E-01
2.993756E+00  1.201E-01
2.994115E+00  1.097E-01
2.994471E+00  1.023E-01
2.994824E+00  9.743E-02
2.995175E+00  9.483E-02
2.995523E+00  9.460E-02
2.995868E+00  9.724E-02
2.996211E+00  1.040E-01
2.996551E+00  1.182E-01
2.996888E+00  1.495E-01
2.997223E+00  2.387E-01
2.997555E+00  7.788E-01
2.997885E+00  2.286E+01
2.998212E+00  5.406E-01
2.998536E+00  3.399E-01
2.998859E+00  4.466E-01
2.999178E+00  1.077E+00
2.999496E+00  2.323E+01
2.999811E+00  1.661E+00
3.000124E+00  2.467E-01
3.000434E+00  7.836E-02
3.000742E+00  3.259E-02
3.001048E+00  1.558E-02
3.001351E+00  8.210E-03
3.001652E+00  4.805E-03
3.001951E+00  3.295E-03
3.002248E+00  2.848E-03
3.002543E+00  3.182E-03
3.002835E+00  4.414E-03
3.003126E+00  7.405E-03
3.003414E+00  1.613E-02
3.003700E+00  6.688E-02
3.003984E+00  3.953E+00
3.004266E+00  3.474E-02
3.004546E+00  8.601E-03
3.004824E+00  3.614E-03
3.005100E+00  1.973E-03
3.005374E+00  1.298E-03
3.005646E+00  9.929E-04
3.005916E+00  8.545E-04
3.006184E+00  7.996E-04
3.006451E+00  7.893E-04
3.006715E+00  8.039E-04
3.006978E+00  8.328E-04
3.007754E+00  9.567E-04
3.009504E+00  1.290E-03
3.010703E+00  1.552E-03
3.011633E+00  1.805E-03
3.012314E+00  2.045E-03
3.012982E+00  2.357E-03
3.013420E+00  2.626E-03
3.013852E+00  2.968E-03
3.014066E+00  3.177E-03
3.014278E+00  3.418E-03
3.014489E+00  3.700E-03
3.014699E+00  4.034E-03
3.014907E+00  4.433E-03
3.015114E+00  4.917E-03
3.015320E+00  5.516E-03
3.015524E+00  6.269E-03
3.015727E+00  7.240E-03
3.015928E+00  8.526E-03
3.016129E+00  1.029E-02
3.016328E+00  1.281E-02
3.016526E+00  1.662E-02
3.016722E+00  2.282E-02
3.016917E+00  3.402E-02
3.017111E+00  5.763E-02
3.017304E+00  1.216E-01
3.017496E+00  3.770E-01
3.017686E+00  7.233E-01
3.017875E+00  1.885E-01
3.018063E+00  6.467E-02
3.018250E+00  3.024E-02
3.018435E+00  1.679E-02
3.018620E+00  1.037E-02
3.018803E+00  6.867E-03
3.018985E+00  4.787E-03
3.019166E+00  3.471E-03
3.019346E+00  2.598E-03
3.019524E+00  2.000E-03
3.019702E+00  1.582E-03
3.019878E+00  1.285E-03
3.020054E+00  1.077E-03
3.020228E+00  9.373E-04
3.020401E+00  8.565E-04
3.020574E+00  8.369E-04
3.020745E+00  8.995E-04
3.020915E+00  1.115E-03
3.021084E+00  1.742E-03
3.021252E+00  4.302E-03
3.021419E+00  5.786E-02
3.021585E+00  1.454E-02
3.021750E+00  2.496E-03
3.021914E+00  1.633E-03
3.022077E+00  1.942E-03
3.022239E+00  1.616E-03
3.022400E+00  1.627E-02
3.022560E+00  4.096E-03
3.022719E+00  6.713E-04
3.022878E+00  3.193E-04
3.023035E+00  2.304E-04
3.023191E+00  2.095E-04
3.023347E+00  2.211E-04
3.023501E+00  2.612E-04
3.023655E+00  3.446E-04
3.023807E+00  5.251E-04
3.023959E+00  1.030E-03
3.024110E+00  3.859E-03
3.024260E+00  2.287E-01
3.024409E+00  1.760E-03
3.024557E+00  4.196E-04
3.024705E+00  1.782E-04
3.024851E+00  1.040E-04
3.024997E+00  7.667E-05
3.025141E+00  6.670E-05
3.025285E+00  6.441E-05
3.025429E+00  6.595E-05
3.025571E+00  6.955E-05
3.025853E+00  7.988E-05
3.026270E+00  9.887E-05
3.026816E+00  1.272E-04
3.027349E+00  1.586E-04
3.027870E+00  1.942E-04
3.028254E+00  2.250E-04
3.028631E+00  2.608E-04
3.029002E+00  3.039E-04
3.029367E+00  3.576E-04
3.029606E+00  4.018E-04
3.029844E+00  4.555E-04
3.030079E+00  5.223E-04
3.030311E+00  6.080E-04
3.030426E+00  6.605E-04
3.030541E+00  7.216E-04
3.030654E+00  7.933E-04
3.030768E+00  8.786E-04
3.030881E+00  9.814E-04
3.030993E+00  1.107E-03
3.031104E+00  1.265E-03
3.031215E+00  1.466E-03
3.031326E+00  1.728E-03
3.031435E+00  2.083E-03
3.031545E+00  2.582E-03
3.031653E+00  3.318E-03
3.031761E+00  4.477E-03
3.031869E+00  6.472E-03
3.031976E+00  1.038E-02
3.032082E+00  1.973E-02
3.032188E+00  5.112E-02
3.032293E+00  1.863E-01
3.032398E+00  9.300E-02
3.032502E+00  2.594E-02
3.032606E+00  1.092E-02
3.032709E+00  5.804E-03
3.032811E+00  3.549E-03
3.032913E+00  2.389E-03
3.033015E+00  1.736E-03
3.033116E+00  1.352E-03
3.033216E+00  1.134E-03
3.033316E+00  1.040E-03
3.033416E+00  1.074E-03
3.033515E+00  1.319E-03
3.033613E+00  2.126E-03
3.033711E+00  5.831E-03
3.033809E+00  1.606E-01
3.033906E+00  1.251E-02
3.034002E+00  2.553E-03
3.034098E+00  1.264E-03
3.034194E+00  1.101E-03
3.034289E+00  3.642E-03
3.034383E+00  2.790E-03
3.034477E+00  8.265E-04
3.034571E+00  3.405E-02
3.034664E+00  5.114E-05
3.034756E+00  2.804E-05
3.034849E+00  3.557E-05
3.034940E+00  4.739E-05
3.035032E+00  6.552E-05
3.035123E+00  9.692E-05
3.035213E+00  1.599E-04
3.035303E+00  3.178E-04
3.035392E+00  9.307E-04
3.035481E+00  1.116E-02
3.035570E+00  6.642E-03
3.035658E+00  5.336E-03
3.035746E+00  1.168E-03
3.035833E+00  3.168E-04
3.035920E+00  1.821E-04
3.036007E+00  1.303E-04
3.036093E+00  1.044E-04
3.036178E+00  8.988E-05
3.036263E+00  8.124E-05
3.036348E+00  7.605E-05
3.036433E+00  7.304E-05
3.036517E+00  7.149E-05
3.036600E+00  7.098E-05
3.036766E+00  7.204E-05
3.037012E+00  7.693E-05
3.037254E+00  8.434E-05
3.037572E+00  9.718E-05
3.037884E+00  1.133E-04
3.038114E+00  1.280E-04
3.038341E+00  1.456E-04
3.038565E+00  1.670E-04
3.038786E+00  1.938E-04
3.038931E+00  2.158E-04
3.039075E+00  2.424E-04
3.039218E+00  2.753E-04
3.039359E+00  3.168E-04
3.039430E+00  3.420E-04
3.039500E+00  3.710E-04
3.039569E+00  4.046E-04
3.039638E+00  4.442E-04
3.039707E+00  4.912E-04
3.039776E+00  5.478E-04
3.039844E+00  6.170E-04
3.039912E+00  7.034E-04
3.039980E+00  8.133E-04
3.040048E+00  9.569E-04
3.040115E+00  1.150E-03
3.040182E+00  1.421E-03
3.040248E+00  1.819E-03
3.040314E+00  2.441E-03
3.040380E+00  3.501E-03
3.040446E+00  5.549E-03
3.040511E+00  1.034E-02
3.040577E+00  2.573E-02
3.040641E+00  9.210E-02
3.040706E+00  5.777E-02
3.040770E+00  1.586E-02
3.040834E+00  6.552E-03
3.040898E+00  3.458E-03
3.040961E+00  2.115E-03
3.041024E+00  1.434E-03
3.041087E+00  1.058E-03
3.041149E+00  8.464E-04
3.041212E+00  7.414E-04
3.041274E+00  7.284E-04
3.041335E+00  8.391E-04
3.041397E+00  1.231E-03
3.041458E+00  2.789E-03
3.041519E+00  2.322E-02
3.041580E+00  1.931E-02
3.041640E+00  2.430E-03
3.041700E+00  1.225E-03
3.041760E+00  3.217E-03
3.041820E+00  1.250E-03
3.041879E+00  3.296E-04
3.041938E+00  3.032E-04
3.041997E+00  6.965E-04
3.042056E+00  1.041E-03
3.042114E+00  8.727E-06
3.042172E+00  9.173E-06
3.042230E+00  2.245E-05
3.042287E+00  4.186E-05
3.042345E+00  7.713E-05
3.042402E+00  1.604E-04
3.042459E+00  4.492E-04
3.042515E+00  3.108E-03
3.042572E+00  1.365E-02
3.042628E+00  1.043E-03
3.042684E+00  1.170E-03
3.042740E+00  2.460E-04
3.042795E+00  1.361E-04
3.042850E+00  1.020E-04
3.042905E+00  8.416E-05
3.042960E+00  7.367E-05
3.043015E+00  6.715E-05
3.043069E+00  6.303E-05
3.043123E+00  6.048E-05
3.043177E+00  5.900E-05
3.043230E+00  5.828E-05
3.043337E+00  5.845E-05
3.043495E+00  6.124E-05
3.043651E+00  6.599E-05
3.043857E+00  7.457E-05
3.044059E+00  8.555E-05
3.044258E+00  9.934E-05
3.044405E+00  1.121E-04
3.044550E+00  1.276E-04
3.044693E+00  1.470E-04
3.044788E+00  1.630E-04
3.044882E+00  1.821E-04
3.044975E+00  2.057E-04
3.045068E+00  2.353E-04
3.045159E+00  2.737E-04
3.045205E+00  2.973E-04
3.045250E+00  3.250E-04
3.045295E+00  3.577E-04
3.045341E+00  3.969E-04
3.045385E+00  4.445E-04
3.045430E+00  5.033E-04
3.045475E+00  5.774E-04
3.045519E+00  6.731E-04
3.045563E+00  8.001E-04
3.045607E+00  9.748E-04
3.045651E+00  1.226E-03
3.045695E+00  1.607E-03
3.045738E+00  2.231E-03
3.045782E+00  3.368E-03
3.045825E+00  5.793E-03
3.045868E+00  1.247E-02
3.045911E+00  3.950E-02
3.045953E+00  7.044E-02
3.045996E+00  1.865E-02
3.046038E+00  6.656E-03
3.046080E+00  3.232E-03
3.046122E+00  1.876E-03
3.046164E+00  1.226E-03
3.046206E+00  8.794E-04
3.046247E+00  6.871E-04
3.046289E+00  5.890E-04
3.046330E+00  5.666E-04
3.046371E+00  6.383E-04
3.046412E+00  9.114E-04
3.046453E+00  1.976E-03
3.046493E+00  1.400E-02
3.046534E+00  1.809E-02
3.046574E+00  1.947E-03
3.046614E+00  1.098E-03
3.046654E+00  4.167E-02
3.046694E+00  3.137E-04
3.046734E+00  1.977E-04
3.046773E+00  2.224E-04
3.046812E+00  7.717E-04
3.046852E+00  1.706E-04
3.046891E+00  1.066E-06
3.046930E+00  5.863E-06
3.046969E+00  1.495E-05
3.047007E+00  2.823E-05
3.047046E+00  5.318E-05
3.047084E+00  1.143E-04
3.047122E+00  3.365E-04
3.047160E+00  2.668E-03
3.047198E+00  7.119E-03
3.047236E+00  6.660E-04
3.047274E+00  3.089E-04
3.047311E+00  1.452E-04
3.047349E+00  1.030E-04
3.047386E+00  8.141E-05
3.047423E+00  6.906E-05
3.047460E+00  6.152E-05
3.047497E+00  5.677E-05
3.047534E+00  5.376E-05
3.047570E+00  5.192E-05
3.047607E+00  5.088E-05
3.047679E+00  5.042E-05
3.047751E+00  5.138E-05
3.047858E+00  5.447E-05
3.047964E+00  5.896E-05
3.048103E+00  6.673E-05
3.048240E+00  7.654E-05
3.048376E+00  8.885E-05
3.048509E+00  1.046E-04
3.048608E+00  1.197E-04
3.048706E+00  1.388E-04
3.048770E+00  1.548E-04
3.048834E+00  1.744E-04
3.048898E+00  1.989E-04
3.048930E+00  2.137E-04
3.048993E+00  2.501E-04
3.049024E+00  2.728E-04
3.049055E+00  2.995E-04
3.049086E+00  3.314E-04
3.049117E+00  3.700E-04
3.049148E+00  4.175E-04
3.049179E+00  4.771E-04
3.049210E+00  5.536E-04
3.049241E+00  6.544E-04
3.049271E+00  7.917E-04
3.049301E+00  9.869E-04
3.049332E+00  1.279E-03
3.049362E+00  1.749E-03
3.049392E+00  2.582E-03
3.049422E+00  4.286E-03
3.049452E+00  8.665E-03
3.049482E+00  2.488E-02
3.049511E+00  6.564E-02
3.049541E+00  2.051E-02
3.049570E+00  6.705E-03
3.049600E+00  3.090E-03
3.049629E+00  1.737E-03
3.049658E+00  1.111E-03
3.049687E+00  7.834E-04
3.049716E+00  6.038E-04
3.049745E+00  5.119E-04
3.049774E+00  4.882E-04
3.049803E+00  5.473E-04
3.049831E+00  7.826E-04
3.049860E+00  1.727E-03
3.049888E+00  1.379E-02
3.049916E+00  1.194E-02
3.049944E+00  1.473E-03
3.049973E+00  9.723E-04
3.050001E+00  1.616E-03
3.050029E+00  1.921E-04
3.050056E+00  1.419E-04
3.050084E+00  1.743E-04
3.050112E+00  1.283E-03
3.050139E+00  2.816E-05
3.050167E+00  5.793E-07
3.050194E+00  5.555E-06
3.050221E+00  1.163E-05
3.050249E+00  2.045E-05
3.050276E+00  3.705E-05
3.050303E+00  7.675E-05
3.050330E+00  2.117E-04
3.050356E+00  1.289E-03
3.050383E+00  1.455E-02
3.050410E+00  6.388E-04
3.050436E+00  2.261E-04
3.050463E+00  1.371E-04
3.050489E+00  9.368E-05
3.050515E+00  7.324E-05
3.050542E+00  6.190E-05
3.050568E+00  5.510E-05
3.050594E+00  5.088E-05
3.050620E+00  4.824E-05
3.050646E+00  4.664E-05
3.050671E+00  4.577E-05
3.050723E+00  4.545E-05
3.050799E+00  4.717E-05
3.050875E+00  5.048E-05
3.050974E+00  5.663E-05
3.051073E+00  6.454E-05
3.051170E+00  7.443E-05
3.051266E+00  8.690E-05
3.051337E+00  9.860E-05
3.051408E+00  1.132E-04
3.051454E+00  1.250E-04
3.051501E+00  1.393E-04
3.051547E+00  1.567E-04
3.051592E+00  1.785E-04
3.051638E+00  2.065E-04
3.051683E+00  2.437E-04
3.051705E+00  2.673E-04
3.051728E+00  2.953E-04
3.051750E+00  3.291E-04
3.051772E+00  3.706E-04
3.051795E+00  4.225E-04
3.051817E+00  4.887E-04
3.051839E+00  5.757E-04
3.051861E+00  6.936E-04
3.051883E+00  8.599E-04
3.051905E+00  1.107E-03
3.051926E+00  1.499E-03
3.051948E+00  2.182E-03
3.051970E+00  3.546E-03
3.051991E+00  6.909E-03
3.052013E+00  1.861E-02
3.052034E+00  5.755E-02
3.052056E+00  2.222E-02
3.052077E+00  6.838E-03
3.052098E+00  3.033E-03
3.052120E+00  1.666E-03
3.052141E+00  1.049E-03
3.052162E+00  7.309E-04
3.052183E+00  5.580E-04
3.052204E+00  4.695E-04
3.052225E+00  4.456E-04
3.052245E+00  4.990E-04
3.052266E+00  7.191E-04
3.052287E+00  1.636E-03
3.052308E+00  1.583E-02
3.052328E+00  8.052E-03
3.052349E+00  1.162E-03
3.052369E+00  8.667E-04
3.052389E+00  6.988E-04
3.052410E+00  1.411E-04
3.052430E+00  1.082E-04
3.052450E+00  1.368E-04
3.052470E+00  2.519E-03
3.052490E+00  6.119E-06
3.052510E+00  1.438E-06
3.052528E+00  5.109E-06
3.057547E+00  3.695E-01
3.062508E+00  2.977E-01
3.070698E+00  2.157E-01
3.078708E+00  1.615E-01
3.086544E+00  1.238E-01
3.094210E+00  9.740E-02
3.101711E+00  7.855E-02
3.109052E+00  6.477E-02
3.116238E+00  5.437E-02
3.123273E+00  4.623E-02
3.130161E+00  3.967E-02
3.136906E+00  3.427E-02
3.143512E+00  2.981E-02
3.149983E+00  2.609E-02
3.156322E+00  2.301E-02
3.162534E+00  2.045E-02
3.168621E+00  1.832E-02
3.174587E+00  1.653E-02
3.180435E+00  1.502E-02
3.186168E+00  1.373E-02
3.197301E+00  1.166E-02
3.208009E+00  1.005E-02
3.218314E+00  8.783E-03
3.228234E+00  7.762E-03
3.242437E+00  6.585E-03
3.255878E+00  5.720E-03
3.268610E+00  5.070E-03
3.284568E+00  4.426E-03
3.299456E+00  3.955E-03
3.313370E+00  3.617E-03
3.326392E+00  3.398E-03
3.338596E+00  3.299E-03
3.347254E+00  3.318E-03
3.352804E+00  3.392E-03
3.358185E+00  3.550E-03
3.360815E+00  3.685E-03
3.363404E+00  3.886E-03
3.365955E+00  4.202E-03
3.368468E+00  4.729E-03
3.370943E+00  5.639E-03
3.373382E+00  7.101E-03
3.375785E+00  8.703E-03
3.378152E+00  9.182E-03
3.380485E+00  8.550E-03
3.382784E+00  7.818E-03
3.385050E+00  7.359E-03
3.387283E+00  7.157E-03
3.389485E+00  7.144E-03
3.391655E+00  7.271E-03
3.393794E+00  7.511E-03
3.395903E+00  7.848E-03
3.397983E+00  8.279E-03
3.400033E+00  8.805E-03
3.402055E+00  9.432E-03
3.404049E+00  1.017E-02
3.406015E+00  1.104E-02
3.407955E+00  1.205E-02
3.409868E+00  1.323E-02
3.411755E+00  1.462E-02
3.413616E+00  1.625E-02
3.415452E+00  1.817E-02
3.417264E+00  2.045E-02
3.419052E+00  2.317E-02
3.420815E+00  2.645E-02
3.422556E+00  3.044E-02
3.424273E+00  3.535E-02
3.425968E+00  4.148E-02
3.427641E+00  4.929E-02
3.429292E+00  5.939E-02
3.430922E+00  7.236E-02
3.432530E+00  8.804E-02
3.434118E+00  1.053E-01
3.435686E+00  1.246E-01
3.437234E+00  1.493E-01
3.438762E+00  1.826E-01
3.440271E+00  2.276E-01
3.441761E+00  2.877E-01
3.443232E+00  3.660E-01
3.444685E+00  4.636E-01
3.447537E+00  6.823E-01
3.448936E+00  7.571E-01
3.450319E+00  7.747E-01
3.451684E+00  7.347E-01
3.453033E+00  6.584E-01
3.455683E+00  4.888E-01
3.456984E+00  4.180E-01
3.458269E+00  3.597E-01
3.459539E+00  3.126E-01
3.460793E+00  2.748E-01
3.462033E+00  2.443E-01
3.463259E+00  2.197E-01
3.464470E+00  1.997E-01
3.465667E+00  1.834E-01
3.466849E+00  1.702E-01
3.468019E+00  1.594E-01
3.469174E+00  1.507E-01
3.470317E+00  1.439E-01
3.471446E+00  1.387E-01
3.472562E+00  1.350E-01
3.473666E+00  1.330E-01
3.474757E+00  1.326E-01
3.475836E+00  1.341E-01
3.476903E+00  1.379E-01
3.477957E+00  1.449E-01
3.479000E+00  1.564E-01
3.480032E+00  1.745E-01
3.481052E+00  2.036E-01
3.482060E+00  2.518E-01
3.483058E+00  3.366E-01
3.484045E+00  4.989E-01
3.485020E+00  8.384E-01
3.485986E+00  1.535E+00
3.486940E+00  2.184E+00
3.487885E+00  1.599E+00
3.488819E+00  9.065E-01
3.489743E+00  5.553E-01
3.490658E+00  3.819E-01
3.491562E+00  2.883E-01
3.492457E+00  2.331E-01
3.493343E+00  1.985E-01
3.494219E+00  1.755E-01
3.495086E+00  1.599E-01
3.495944E+00  1.490E-01
3.496793E+00  1.415E-01
3.497634E+00  1.364E-01
3.498465E+00  1.331E-01
3.500102E+00  1.310E-01
3.501706E+00  1.339E-01
3.503278E+00  1.420E-01
3.504052E+00  1.484E-01
3.504818E+00  1.568E-01
3.505576E+00  1.678E-01
3.506327E+00  1.821E-01
3.507070E+00  2.008E-01
3.507806E+00  2.251E-01
3.508535E+00  2.563E-01
3.509256E+00  2.949E-01
3.509970E+00  3.373E-01
3.510677E+00  3.696E-01
3.511378E+00  3.629E-01
3.512071E+00  3.109E-01
3.512758E+00  1.051E+00
3.513438E+00  8.176E+00
3.514112E+00  1.390E+00
3.514779E+00  7.765E-01
3.515440E+00  5.556E-01
3.516094E+00  4.439E-01
3.516742E+00  3.789E-01
3.517384E+00  3.386E-01
3.518020E+00  3.129E-01
3.518650E+00  2.967E-01
3.519274E+00  2.870E-01
3.519892E+00  2.821E-01
3.520504E+00  2.808E-01
3.521712E+00  2.867E-01
3.522897E+00  3.016E-01
3.524060E+00  3.239E-01
3.524634E+00  3.372E-01
3.525203E+00  3.557E-01
3.525766E+00  4.259E-01
3.526324E+00  4.145E-01
3.526877E+00  4.357E-01
3.527426E+00  4.634E-01
3.527969E+00  4.958E-01
3.528507E+00  5.332E-01
3.529041E+00  5.761E-01
3.529570E+00  6.253E-01
3.530094E+00  6.818E-01
3.530613E+00  7.469E-01
3.531128E+00  8.223E-01
3.531639E+00  9.101E-01
3.532145E+00  1.013E+00
3.532646E+00  1.134E+00
3.533143E+00  1.277E+00
3.533636E+00  1.449E+00
3.534124E+00  1.655E+00
3.534609E+00  1.906E+00
3.535089E+00  2.213E+00
3.535565E+00  2.593E+00
3.536037E+00  3.066E+00
3.536504E+00  3.661E+00
3.536968E+00  4.413E+00
3.537428E+00  5.363E+00
3.537884E+00  6.546E+00
3.538336E+00  7.966E+00
3.539670E+00  1.264E+01
3.540107E+00  1.501E+01
3.540541E+00  2.928E+01
3.540971E+00  1.722E+02
3.541397E+00  1.659E+01
3.541820E+00  1.034E+01
3.542239E+00  8.033E+00
3.542655E+00  6.588E+00
3.543067E+00  5.531E+00
3.543476E+00  4.718E+00
3.543882E+00  4.076E+00
3.544285E+00  3.565E+00
3.544684E+00  3.152E+00
3.545080E+00  2.817E+00
3.545472E+00  2.543E+00
3.545862E+00  2.318E+00
3.546248E+00  2.134E+00
3.546632E+00  1.982E+00
3.547012E+00  1.858E+00
3.547389E+00  1.759E+00
3.547764E+00  1.681E+00
3.548135E+00  1.623E+00
3.548503E+00  1.584E+00
3.548869E+00  1.564E+00
3.549231E+00  1.566E+00
3.549591E+00  1.592E+00
3.549948E+00  1.649E+00
3.550302E+00  1.747E+00
3.550654E+00  1.907E+00
3.551002E+00  2.166E+00
3.551348E+00  2.611E+00
3.551691E+00  3.473E+00
3.552032E+00  5.627E+00
3.552370E+00  1.592E+01
3.552706E+00  6.333E+02
3.553039E+00  1.035E+01
3.553369E+00  7.188E+00
3.553697E+00  1.213E+01
3.554022E+00  2.497E+01
3.554345E+00  2.251E+01
3.554665E+00  1.002E+01
3.554984E+00  5.014E+00
3.555299E+00  3.056E+00
3.555612E+00  2.173E+00
3.555923E+00  1.733E+00
3.556232E+00  1.492E+00
3.557144E+00  1.011E+00
3.557444E+00  8.475E-01
3.557741E+00  7.034E-01
3.558037E+00  5.863E-01
3.558330E+00  4.966E-01
3.558621E+00  4.384E-01
3.558909E+00  4.657E-01
3.559196E+00  1.623E+00
3.559481E+00  6.814E+00
3.559763E+00  1.075E+00
3.560044E+00  6.511E-01
3.560322E+00  5.133E-01
3.560599E+00  4.453E-01
3.560873E+00  4.047E-01
3.561146E+00  3.781E-01
3.561416E+00  3.600E-01
3.561685E+00  3.479E-01
3.561952E+00  3.405E-01
3.562217E+00  3.375E-01
3.562480E+00  3.395E-01
3.562741E+00  3.486E-01
3.563000E+00  3.705E-01
3.563258E+00  4.237E-01
3.563513E+00  5.984E-01
3.563767E+00  2.430E+00
3.564020E+00  1.734E+00
3.564270E+00  3.569E-01
3.564519E+00  2.788E-01
3.564766E+00  2.686E-01
3.565011E+00  3.480E-01
3.565254E+00  2.646E-01
3.566212E+00  2.988E-01
3.566913E+00  3.352E-01
3.567373E+00  3.679E-01
3.567826E+00  4.103E-01
3.568274E+00  4.657E-01
3.568495E+00  4.997E-01
3.568715E+00  5.390E-01
3.568934E+00  5.844E-01
3.569151E+00  6.368E-01
3.569366E+00  6.975E-01
3.569580E+00  7.676E-01
3.569793E+00  8.486E-01
3.570005E+00  9.425E-01
3.570215E+00  1.054E+00
3.570423E+00  1.197E+00
3.570631E+00  1.429E+00
3.570837E+00  2.039E+00
3.571041E+00  5.794E+00
3.571244E+00  9.117E+01
3.571446E+00  3.297E+00
3.571647E+00  1.292E+00
3.571846E+00  7.964E-01
3.572044E+00  5.663E-01
3.572241E+00  4.258E-01
3.572437E+00  3.286E-01
3.572631E+00  2.573E-01
3.572824E+00  2.033E-01
3.573016E+00  1.616E-01
3.573207E+00  1.290E-01
3.573396E+00  1.033E-01
3.573584E+00  8.289E-02
3.573771E+00  6.646E-02
3.573957E+00  5.317E-02
3.574142E+00  4.236E-02
3.574325E+00  3.353E-02
3.574508E+00  2.647E-02
3.574689E+00  2.146E-02
3.574869E+00  2.120E-02
3.575048E+00  4.874E-02
3.575226E+00  1.616E+00
3.575403E+00  3.203E-01
3.575578E+00  9.509E-02
3.575753E+00  6.079E-02
3.575926E+00  5.330E-02
3.576099E+00  6.113E-02
3.576270E+00  9.903E-02
3.576441E+00  2.889E-01
3.576610E+00  6.643E+00
3.576778E+00  9.074E-01
3.576945E+00  2.156E-01
3.577112E+00  1.245E-01
3.577277E+00  1.119E-01
3.577441E+00  9.084E-02
3.577604E+00  5.361E-02
3.577767E+00  4.002E-02
3.577928E+00  3.582E-02
3.578088E+00  3.542E-02
3.578248E+00  3.755E-02
3.578406E+00  4.230E-02
3.578564E+00  5.077E-02
3.578720E+00  6.570E-02
3.578876E+00  9.402E-02
3.579030E+00  1.566E-01
3.579184E+00  3.427E-01
3.579337E+00  1.492E+00
3.579489E+00  6.101E+01
3.579640E+00  2.977E+00
3.579790E+00  2.961E-01
3.579940E+00  2.444E-01
3.580088E+00  6.128E+00
3.580236E+00  4.948E-01
3.580382E+00  2.501E-01
3.580528E+00  1.819E-01
3.580673E+00  1.472E-01
3.580817E+00  1.271E-01
3.580961E+00  1.181E-01
3.581103E+00  1.211E-01
3.581245E+00  1.423E-01
3.581386E+00  2.052E-01
3.581526E+00  4.072E-01
3.581665E+00  1.042E+00
3.581804E+00  7.403E-01
3.581941E+00  2.938E-01
3.582078E+00  1.694E-01
3.582215E+00  1.294E-01
3.582350E+00  1.194E-01
3.582484E+00  1.277E-01
3.582618E+00  1.571E-01
3.582751E+00  2.291E-01
3.582884E+00  4.316E-01
3.583015E+00  1.376E+00
3.583146E+00  6.122E+01
3.583276E+00  2.575E+00
3.583406E+00  5.685E-01
3.583534E+00  2.620E-01
3.583662E+00  1.620E-01
3.583790E+00  1.177E-01
3.583916E+00  9.443E-02
3.584042E+00  8.626E-02
3.584167E+00  7.530E-02
3.584292E+00  7.054E-02
3.584415E+00  6.799E-02
3.584539E+00  6.695E-02
3.584661E+00  6.704E-02
3.584783E+00  6.807E-02
3.584904E+00  6.993E-02
3.585024E+00  7.261E-02
3.585144E+00  7.615E-02
3.585263E+00  8.062E-02
3.585382E+00  8.620E-02
3.585500E+00  9.312E-02
3.585617E+00  1.017E-01
3.585733E+00  1.125E-01
3.585849E+00  1.262E-01
3.585965E+00  1.439E-01
3.586079E+00  1.669E-01
3.586193E+00  1.971E-01
3.586307E+00  2.374E-01
3.586420E+00  2.973E-01
3.586532E+00  4.159E-01
3.586644E+00  8.008E-01
3.586755E+00  4.514E+00
3.586865E+00  7.792E+00
3.586975E+00  9.354E-01
3.587085E+00  4.733E-01
3.587193E+00  3.628E-01
3.587302E+00  3.256E-01
3.587409E+00  3.093E-01
3.587623E+00  2.840E-01
3.587834E+00  2.541E-01
3.587939E+00  2.505E-01
3.588043E+00  2.852E-01
3.588147E+00  5.305E-01
3.588250E+00  2.077E+01
3.588353E+00  6.188E-01
3.588455E+00  1.710E-01
3.588557E+00  9.663E-02
3.588658E+00  6.757E-02
3.588758E+00  5.123E-02
3.588858E+00  4.010E-02
3.588958E+00  3.155E-02
3.589057E+00  2.456E-02
3.589156E+00  2.413E-02
3.589254E+00  4.379E+00
3.589351E+00  1.307E-01
3.589448E+00  7.567E-02
3.589545E+00  7.165E-02
3.589641E+00  8.632E-02
3.589737E+00  1.292E-01
3.589832E+00  2.443E-01
3.589926E+00  5.246E-01
3.590020E+00  5.780E-01
3.590114E+00  5.878E-01
3.590207E+00  5.220E-01
3.590300E+00  1.988E-01
3.590392E+00  1.464E-01
3.590484E+00  1.628E-01
3.590576E+00  1.785E+00
3.590666E+00  4.937E-01
3.590757E+00  7.833E+01
3.590847E+00  2.999E-01
3.590937E+00  1.009E-01
3.591026E+00  6.456E-02
3.591114E+00  5.422E-02
3.591203E+00  5.308E-02
3.591290E+00  5.791E-02
3.591378E+00  6.904E-02
3.591465E+00  8.855E-02
3.591551E+00  1.188E-01
3.591638E+00  1.594E-01
3.591809E+00  2.489E-01
3.591893E+00  3.008E-01
3.591978E+00  3.806E-01
3.592062E+00  5.288E-01
3.592146E+00  8.484E-01
3.592229E+00  1.709E+00
3.592312E+00  5.363E+00
3.592394E+00  1.325E+02
3.592476E+00  7.608E+00
3.592558E+00  2.321E+00
3.592639E+00  1.176E+00
3.592720E+00  7.702E-01
3.592801E+00  5.996E-01
3.592881E+00  5.399E-01
3.592960E+00  5.646E-01
3.593040E+00  7.110E-01
3.593119E+00  1.186E+00
3.593197E+00  3.483E+00
3.593276E+00  4.517E+01
3.593353E+00  3.448E+00
3.593431E+00  8.520E-01
3.593508E+00  3.887E-01
3.593585E+00  2.336E-01
3.593661E+00  1.644E-01
3.593737E+00  1.280E-01
3.593813E+00  1.068E-01
3.593963E+00  8.439E-02
3.594038E+00  7.874E-02
3.594112E+00  7.499E-02
3.594186E+00  7.266E-02
3.594260E+00  7.141E-02
3.594333E+00  7.107E-02
3.594406E+00  7.151E-02
3.594479E+00  7.271E-02
3.594551E+00  7.465E-02
3.594623E+00  7.739E-02
3.594695E+00  8.103E-02
3.594766E+00  8.574E-02
3.594837E+00  9.179E-02
3.594907E+00  9.955E-02
3.594978E+00  1.096E-01
3.595048E+00  1.226E-01
3.595117E+00  1.398E-01
3.595187E+00  1.629E-01
3.595256E+00  1.969E-01
3.595325E+00  2.620E-01
3.595393E+00  4.680E-01
3.595461E+00  2.396E+00
3.595529E+00  4.680E+00
3.595596E+00  5.666E-01
3.595664E+00  2.973E-01
3.595731E+00  2.310E-01
3.595797E+00  2.070E-01
3.595863E+00  1.950E-01
3.595995E+00  1.744E-01
3.596061E+00  1.604E-01
3.596126E+00  1.447E-01
3.596191E+00  1.327E-01
3.596255E+00  1.527E-01
3.596319E+00  8.857E-01
3.596383E+00  8.692E-01
3.596447E+00  1.882E-01
3.596511E+00  1.036E-01
3.596574E+00  6.924E-02
3.596637E+00  4.897E-02
3.596699E+00  3.500E-02
3.596761E+00  2.478E-02
3.596824E+00  1.775E-02
3.596885E+00  1.612E-02
3.596947E+00  6.921E-02
3.597008E+00  3.882E-02
3.597069E+00  4.070E-01
3.597130E+00  1.343E+01
3.597190E+00  6.215E-01
3.597250E+00  2.935E-01
3.597310E+00  2.515E-01
3.597370E+00  3.265E-01
3.597429E+00  3.896E-01
3.597488E+00  2.789E-01
3.597547E+00  2.521E-01
3.597606E+00  6.974E-01
3.597664E+00  1.499E+00
3.597723E+00  1.853E-01
3.597780E+00  8.448E-01
3.597838E+00  1.365E-01
3.597896E+00  1.236E-01
3.597953E+00  1.858E-01
3.598010E+00  5.244E-01
3.598066E+00  5.940E+00
3.598123E+00  1.521E-01
3.598179E+00  2.813E-02
3.598235E+00  1.248E-02
3.598291E+00  1.251E-02
3.598346E+00  1.848E-02
3.598401E+00  3.024E-02
3.598456E+00  5.079E-02
3.598511E+00  8.428E-02
3.598566E+00  1.304E-01
3.598620E+00  1.782E-01
3.598728E+00  2.583E-01
3.598782E+00  3.211E-01
3.598835E+00  4.433E-01
3.598888E+00  7.153E-01
3.598941E+00  1.460E+00
3.598994E+00  4.426E+00
3.599047E+00  6.862E+01
3.599099E+00  5.334E+00
3.599151E+00  1.671E+00
3.599203E+00  8.751E-01
3.599255E+00  5.834E-01
3.599306E+00  4.559E-01
3.599358E+00  4.055E-01
3.599409E+00  4.091E-01
3.599459E+00  4.783E-01
3.599510E+00  6.850E-01
3.599561E+00  1.378E+00
3.599611E+00  5.811E+00
3.599661E+00  9.466E+00
3.599711E+00  1.393E+00
3.599760E+00  5.014E-01
3.599810E+00  2.672E-01
3.599859E+00  1.755E-01
3.599908E+00  1.310E-01
3.599957E+00  1.068E-01
3.600005E+00  1.133E-01
3.600054E+00  8.132E-02
3.600102E+00  7.563E-02
3.600150E+00  7.193E-02
3.600198E+00  6.970E-02
3.600246E+00  6.861E-02
3.600293E+00  6.844E-02
3.600340E+00  6.909E-02
3.600388E+00  7.050E-02
3.600434E+00  7.268E-02
3.600481E+00  7.568E-02
3.600528E+00  7.964E-02
3.600574E+00  8.472E-02
3.600620E+00  9.121E-02
3.600666E+00  9.946E-02
3.600712E+00  1.100E-01
3.600758E+00  1.233E-01
3.600803E+00  1.401E-01
3.600848E+00  1.619E-01
3.600893E+00  1.957E-01
3.600938E+00  2.754E-01
3.600983E+00  6.549E-01
3.601028E+00  2.463E+01
3.601072E+00  8.528E-01
3.601116E+00  3.161E-01
3.601160E+00  2.282E-01
3.601204E+00  2.016E-01
3.601248E+00  1.907E-01
3.601335E+00  1.750E-01
3.601378E+00  1.640E-01
3.601421E+00  1.507E-01
3.601464E+00  1.401E-01
3.601507E+00  1.675E-01
3.601549E+00  5.964E+00
3.601591E+00  2.895E-01
3.601634E+00  1.247E-01
3.601676E+00  8.301E-02
3.601718E+00  6.047E-02
3.601759E+00  4.484E-02
3.601801E+00  3.287E-02
3.601842E+00  2.349E-02
3.601883E+00  1.718E-02
3.601925E+00  2.108E-02
3.601965E+00  3.923E-01
3.602006E+00  3.513E-02
3.602047E+00  2.845E+00
3.602087E+00  7.340E-01
3.602128E+00  2.396E-01
3.602168E+00  1.613E-01
3.602208E+00  1.474E-01
3.602248E+00  1.393E-01
3.602287E+00  1.092E-01
3.602327E+00  1.924E-01
3.602366E+00  1.761E+01
3.602406E+00  3.239E-01
3.602445E+00  1.185E-01
3.602484E+00  9.835E-02
3.602522E+00  1.921E+02
3.602561E+00  8.158E-02
3.602600E+00  7.797E-02
3.602638E+00  9.940E-02
3.602676E+00  1.642E-01
3.602714E+00  4.730E-01
3.602752E+00  6.907E+00
3.602790E+00  2.259E-01
3.602828E+00  4.408E-02
3.602865E+00  1.821E-02
3.602903E+00  1.486E-02
3.602940E+00  1.985E-02
3.602977E+00  3.251E-02
3.603014E+00  5.656E-02
3.603051E+00  9.672E-02
3.603088E+00  1.491E-01
3.603124E+00  1.951E-01
3.603197E+00  2.578E-01
3.603233E+00  3.144E-01
3.603269E+00  4.333E-01
3.603305E+00  7.110E-01
3.603341E+00  1.506E+00
3.603377E+00  4.493E+00
3.603412E+00  6.121E+01
3.603448E+00  3.635E+00
3.603483E+00  1.218E+00
3.603518E+00  6.693E-01
3.603553E+00  4.620E-01
3.603588E+00  3.712E-01
3.603623E+00  3.381E-01
3.603657E+00  3.486E-01
3.603692E+00  4.159E-01
3.603726E+00  6.069E-01
3.603761E+00  1.236E+00
3.603795E+00  4.862E+00
3.603829E+00  6.084E+00
3.603863E+00  1.138E+00
3.603897E+00  4.313E-01
3.603930E+00  2.346E-01
3.603964E+00  1.559E-01
3.603997E+00  1.175E-01
3.604031E+00  9.733E-02
3.604064E+00  8.449E-02
3.604097E+00  7.406E-02
3.604130E+00  6.926E-02
3.604163E+00  6.630E-02
3.604195E+00  6.469E-02
3.604228E+00  6.412E-02
3.604260E+00  6.443E-02
3.604293E+00  6.553E-02
3.604325E+00  6.740E-02
3.604357E+00  7.007E-02
3.604389E+00  7.363E-02
3.604421E+00  7.824E-02
3.604453E+00  8.411E-02
3.604485E+00  9.155E-02
3.604516E+00  1.009E-01
3.604548E+00  1.127E-01
3.604579E+00  1.269E-01
3.604610E+00  1.442E-01
3.604642E+00  1.673E-01
3.604673E+00  2.113E-01
3.604704E+00  3.610E-01
3.604734E+00  2.165E+00
3.604765E+00  1.949E+00
3.604796E+00  3.700E-01
3.604826E+00  2.347E-01
3.604857E+00  2.015E-01
3.604887E+00  1.904E-01
3.604947E+00  1.794E-01
3.605007E+00  1.634E-01
3.605037E+00  1.615E-01
3.605067E+00  2.490E-01
3.605096E+00  1.959E+00
3.605126E+00  1.583E-01
3.605155E+00  9.730E-02
3.605184E+00  7.256E-02
3.605213E+00  5.613E-02
3.605243E+00  4.345E-02
3.605272E+00  3.307E-02
3.605300E+00  2.450E-02
3.605329E+00  1.829E-02
3.605358E+00  2.234E-02
3.605387E+00  7.891E-01
3.605415E+00  3.918E-02
3.605443E+00  2.576E-01
3.605472E+00  1.076E+00
3.605500E+00  2.188E-01
3.605528E+00  1.343E-01
3.605556E+00  1.054E-01
3.605584E+00  8.230E-02
3.605612E+00  1.226E-01
3.605640E+00  6.665E-01
3.605667E+00  2.182E+00
3.605695E+00  2.054E-01
3.605722E+00  9.747E-02
3.605750E+00  8.649E-02
3.605777E+00  9.520E-01
3.605804E+00  6.222E-02
3.605831E+00  5.996E-02
3.605858E+00  7.264E-02
3.605885E+00  1.085E-01
3.605912E+00  2.399E-01
3.605939E+00  2.023E+00
3.605965E+00  4.561E-01
3.605992E+00  5.786E-02
3.606018E+00  1.950E-02
3.606045E+00  1.330E-02
3.606071E+00  1.599E-02
3.606097E+00  2.512E-02
3.606124E+00  4.343E-02
3.606150E+00  7.670E-02
3.606176E+00  1.280E-01
3.606201E+00  1.835E-01
3.606227E+00  2.209E-01
3.606253E+00  2.450E-01
3.606279E+00  2.798E-01
3.606304E+00  3.530E-01
3.606330E+00  5.172E-01
3.606355E+00  9.357E-01
3.606380E+00  2.292E+00
3.606405E+00  7.154E+00
3.606431E+00  1.295E+01
3.606456E+00  1.760E+00
3.606481E+00  7.934E-01
3.606506E+00  4.938E-01
3.606530E+00  3.689E-01
3.606555E+00  3.155E-01
3.606580E+00  3.047E-01
3.606604E+00  3.350E-01
3.606629E+00  4.335E-01
3.606653E+00  7.128E-01
3.606678E+00  1.785E+00
3.606702E+00  7.160E+00
3.606726E+00  2.262E+00
3.606750E+00  6.368E-01
3.606774E+00  2.950E-01
3.606798E+00  1.783E-01
3.606822E+00  1.264E-01
3.606846E+00  9.991E-02
3.606870E+00  9.725E-02
3.606893E+00  7.284E-02
3.606917E+00  6.708E-02
3.606940E+00  6.358E-02
3.606964E+00  6.160E-02
3.606987E+00  6.075E-02
3.607010E+00  6.082E-02
3.607034E+00  6.170E-02
3.607057E+00  6.334E-02
3.607080E+00  6.578E-02
3.607103E+00  6.907E-02
3.607126E+00  7.334E-02
3.607148E+00  7.881E-02
3.607171E+00  8.574E-02
3.607194E+00  9.445E-02
3.607217E+00  1.053E-01
3.607239E+00  1.183E-01
3.607262E+00  1.335E-01
3.607284E+00  1.521E-01
3.607306E+00  1.831E-01
3.607329E+00  2.711E-01
3.607351E+00  8.830E-01
3.607373E+00  6.440E+00
3.607395E+00  4.440E-01
3.607417E+00  2.424E-01
3.607439E+00  2.013E-01
3.607461E+00  1.896E-01
3.607548E+00  1.757E-01
3.607569E+00  1.885E-01
3.607591E+00  4.854E-01
3.607612E+00  3.653E-01
3.607633E+00  1.170E-01
3.607655E+00  8.476E-02
3.607676E+00  6.704E-02
3.607697E+00  5.364E-02
3.607718E+00  4.260E-02
3.607739E+00  3.324E-02
3.607760E+00  2.526E-02
3.607781E+00  1.914E-02
3.607802E+00  2.176E-02
3.607823E+00  8.605E-01
3.607843E+00  5.114E-02
3.607864E+00  6.121E-02
3.607884E+00  4.845E+00
3.607905E+00  2.421E-01
3.607925E+00  1.272E-01
3.607946E+00  8.926E-02
3.607966E+00  8.157E-02
3.607986E+00  1.687E-01
3.608007E+00  1.364E+00
3.608027E+00  1.187E+00
3.608047E+00  1.797E-01
3.608067E+00  8.937E-02
3.608084E+00  7.843E-02
3.609798E+00  9.089E-01
3.613163E+00  7.998E-01
3.616444E+00  7.150E-01
3.621447E+00  6.115E-01
3.626357E+00  5.291E-01
3.632616E+00  4.431E-01
3.637104E+00  3.930E-01
3.641427E+00  3.535E-01
3.645592E+00  3.236E-01
3.649607E+00  3.021E-01
3.653479E+00  2.882E-01
3.657214E+00  2.818E-01
3.660819E+00  2.833E-01
3.664301E+00  2.953E-01
3.666555E+00  3.116E-01
3.667663E+00  3.233E-01
3.668759E+00  3.381E-01
3.669842E+00  3.567E-01
3.670913E+00  3.803E-01
3.671972E+00  4.102E-01
3.673019E+00  4.482E-01
3.674054E+00  4.968E-01
3.675078E+00  5.589E-01
3.676091E+00  6.378E-01
3.677092E+00  7.360E-01
3.678082E+00  8.529E-01
3.679062E+00  9.798E-01
3.680031E+00  1.095E+00
3.680990E+00  1.169E+00
3.681938E+00  1.175E+00
3.682875E+00  1.116E+00
3.683803E+00  1.018E+00
3.685629E+00  8.130E-01
3.686528E+00  7.327E-01
3.687417E+00  6.710E-01
3.688296E+00  6.265E-01
3.689166E+00  5.971E-01
3.690028E+00  5.813E-01
3.690880E+00  5.786E-01
3.691723E+00  5.895E-01
3.692558E+00  6.164E-01
3.693384E+00  6.643E-01
3.694201E+00  7.435E-01
3.695010E+00  8.747E-01
3.695811E+00  1.104E+00
3.696604E+00  1.549E+00
3.697389E+00  2.567E+00
3.698165E+00  5.508E+00
3.698934E+00  1.290E+01
3.699695E+00  8.755E+00
3.700449E+00  3.700E+00
3.701195E+00  2.136E+00
3.701933E+00  1.590E+00
3.702664E+00  1.397E+00
3.703388E+00  1.369E+00
3.704105E+00  1.439E+00
3.704815E+00  1.584E+00
3.705518E+00  1.785E+00
3.706214E+00  2.014E+00
3.706903E+00  2.215E+00
3.707586E+00  2.310E+00
3.708262E+00  2.241E+00
3.708931E+00  2.022E+00
3.710251E+00  1.428E+00
3.710901E+00  1.167E+00
3.711545E+00  9.570E-01
3.712184E+00  7.922E-01
3.712816E+00  6.646E-01
3.713442E+00  5.658E-01
3.714062E+00  4.888E-01
3.714676E+00  4.282E-01
3.715285E+00  3.800E-01
3.715888E+00  3.413E-01
3.716486E+00  3.100E-01
3.717078E+00  2.843E-01
3.717664E+00  2.633E-01
3.718245E+00  2.459E-01
3.718821E+00  2.314E-01
3.719957E+00  2.095E-01
3.721072E+00  1.950E-01
3.722167E+00  1.864E-01
3.723243E+00  1.836E-01
3.723774E+00  1.847E-01
3.724299E+00  1.879E-01
3.724821E+00  1.939E-01
3.725337E+00  2.034E-01
3.725850E+00  2.180E-01
3.726357E+00  2.400E-01
3.726860E+00  2.727E-01
3.727359E+00  3.212E-01
3.727853E+00  3.917E-01
3.728344E+00  4.877E-01
3.728829E+00  6.001E-01
3.729311E+00  6.955E-01
3.729789E+00  7.337E-01
3.730262E+00  7.104E-01
3.731197E+00  6.046E-01
3.731658E+00  5.673E-01
3.732116E+00  5.514E-01
3.732569E+00  5.628E-01
3.733019E+00  6.182E-01
3.733465E+00  7.752E-01
3.733908E+00  1.328E+00
3.734346E+00  6.584E+00
3.734781E+00  8.974E+00
3.735212E+00  1.524E+00
3.735640E+00  9.909E-01
3.736064E+00  9.355E-01
3.736485E+00  1.007E+00
3.736902E+00  1.147E+00
3.737316E+00  1.419E+00
3.737726E+00  2.298E+00
3.738133E+00  9.761E+00
3.738537E+00  1.916E+01
3.738937E+00  2.284E+00
3.739335E+00  1.111E+00
3.739729E+00  8.215E-01
3.740120E+00  7.238E-01
3.740507E+00  6.983E-01
3.740892E+00  7.121E-01
3.741273E+00  7.553E-01
3.741652E+00  8.264E-01
3.742027E+00  9.285E-01
3.742400E+00  1.068E+00
3.742769E+00  1.255E+00
3.743136E+00  1.503E+00
3.743500E+00  1.831E+00
3.743860E+00  2.268E+00
3.744219E+00  2.884E+00
3.744574E+00  3.889E+00
3.744926E+00  6.115E+00
3.745276E+00  1.473E+01
3.745623E+00  6.684E+01
3.745968E+00  9.081E+00
3.746309E+00  2.528E+00
3.746648E+00  1.364E+00
3.746985E+00  1.009E+00
3.747319E+00  8.661E-01
3.747650E+00  7.963E-01
3.747979E+00  7.626E-01
3.748305E+00  7.689E-01
3.748629E+00  8.601E-01
3.748951E+00  1.201E+00
3.749270E+00  2.815E+00
3.749586E+00  3.722E+01
3.749901E+00  5.163E+00
3.750213E+00  1.272E+00
3.750522E+00  6.828E-01
3.750829E+00  4.962E-01
3.751134E+00  4.187E-01
3.751437E+00  3.842E-01
3.751738E+00  3.714E-01
3.752036E+00  3.721E-01
3.752332E+00  3.829E-01
3.752626E+00  4.025E-01
3.752918E+00  4.312E-01
3.753208E+00  4.712E-01
3.753495E+00  5.277E-01
3.753781E+00  6.133E-01
3.754064E+00  7.587E-01
3.754345E+00  1.050E+00
3.754625E+00  1.765E+00
3.754902E+00  3.766E+00
3.755177E+00  5.542E+00
3.755451E+00  3.414E+00
3.755722E+00  2.843E+00
3.755992E+00  8.755E+00
3.756259E+00  5.030E+00
3.756525E+00  1.043E+00
3.756789E+00  5.978E-01
3.757051E+00  4.460E-01
3.757311E+00  3.660E-01
3.757569E+00  3.164E-01
3.757825E+00  2.836E-01
3.758080E+00  2.611E-01
3.758333E+00  2.454E-01
3.758584E+00  2.345E-01
3.758834E+00  2.272E-01
3.759081E+00  2.229E-01
3.759327E+00  2.212E-01
3.759571E+00  2.221E-01
3.759814E+00  2.255E-01
3.760055E+00  2.318E-01
3.760294E+00  2.415E-01
3.760532E+00  2.555E-01
3.760768E+00  2.751E-01
3.761002E+00  3.024E-01
3.761235E+00  3.406E-01
3.761466E+00  3.952E-01
3.761696E+00  4.753E-01
3.761924E+00  5.981E-01
3.762151E+00  7.964E-01
3.762376E+00  1.142E+00
3.762600E+00  2.581E+00
3.762822E+00  3.051E+00
3.763042E+00  5.454E+00
3.763261E+00  7.189E+00
3.763479E+00  5.170E+00
3.763695E+00  2.950E+00
3.763910E+00  1.767E+00
3.764124E+00  1.159E+00
3.764336E+00  8.242E-01
3.764546E+00  6.331E-01
3.764755E+00  5.196E-01
3.764963E+00  4.472E-01
3.765170E+00  3.977E-01
3.765375E+00  3.624E-01
3.765579E+00  3.372E-01
3.765781E+00  3.199E-01
3.765983E+00  3.096E-01
3.766183E+00  3.068E-01
3.766381E+00  3.143E-01
3.766579E+00  3.443E-01
3.766775E+00  4.722E-01
3.766969E+00  9.943E-01
3.767163E+00  4.258E-01
3.767355E+00  3.374E-01
3.767547E+00  3.170E-01
3.767925E+00  2.945E-01
3.768113E+00  2.873E-01
3.768299E+00  2.881E-01
3.768484E+00  3.075E-01
3.768668E+00  3.787E-01
3.768851E+00  6.824E-01
3.769033E+00  2.654E+00
3.769214E+00  1.035E+00
3.769393E+00  4.175E-01
3.769571E+00  2.930E-01
3.769749E+00  2.520E-01
3.769925E+00  2.361E-01
3.770100E+00  2.317E-01
3.770274E+00  2.345E-01
3.770447E+00  2.441E-01
3.770619E+00  2.622E-01
3.770790E+00  2.937E-01
3.770959E+00  3.503E-01
3.771128E+00  4.657E-01
3.771296E+00  7.700E-01
3.771463E+00  2.275E+00
3.771628E+00  3.756E+01
3.771793E+00  2.109E+00
3.771957E+00  1.650E+00
3.772119E+00  1.837E+00
3.772281E+00  1.805E+00
3.772442E+00  4.175E+00
3.772602E+00  8.891E+00
3.772761E+00  3.296E+00
3.772918E+00  1.290E+00
3.773075E+00  7.603E-01
3.773231E+00  6.052E-01
3.773387E+00  5.928E-01
3.773541E+00  6.672E-01
3.773694E+00  8.313E-01
3.773846E+00  1.137E+00
3.773998E+00  1.739E+00
3.774148E+00  3.142E+00
3.774298E+00  7.465E+00
3.774447E+00  3.030E+01
3.774595E+00  1.065E+01
3.774742E+00  3.031E+00
3.774888E+00  1.282E+00
3.775034E+00  6.715E-01
3.775178E+00  4.030E-01
3.775322E+00  2.680E-01
3.775465E+00  1.952E-01
3.775607E+00  1.563E-01
3.775748E+00  1.398E-01
3.775889E+00  1.405E-01
3.776167E+00  1.649E-01
3.776443E+00  1.791E-01
3.776579E+00  1.952E-01
3.776715E+00  2.349E-01
3.776850E+00  2.971E-01
3.776984E+00  3.246E-01
3.777117E+00  3.288E-01
3.777250E+00  3.433E-01
3.777382E+00  3.767E-01
3.777513E+00  4.381E-01
3.777644E+00  5.511E-01
3.777774E+00  7.864E-01
3.777903E+00  1.426E+00
3.778031E+00  4.647E+00
3.778158E+00  2.554E+01
3.778285E+00  1.880E+00
3.778412E+00  4.933E-01
3.778537E+00  2.256E-01
3.778662E+00  1.419E-01
3.778786E+00  1.102E-01
3.778909E+00  9.787E-02
3.779032E+00  9.469E-02
3.779154E+00  9.742E-02
3.779276E+00  1.074E-01
3.779396E+00  1.428E-01
3.779516E+00  9.894E-01
3.779636E+00  3.370E-01
3.779755E+00  2.495E-01
3.779873E+00  3.553E-01
3.779990E+00  6.907E-01
3.780107E+00  1.171E+00
3.780339E+00  5.222E-01
3.780454E+00  3.905E-01
3.780568E+00  3.403E-01
3.780682E+00  3.274E-01
3.780795E+00  3.368E-01
3.780908E+00  3.634E-01
3.781020E+00  4.067E-01
3.781131E+00  4.673E-01
3.781242E+00  5.453E-01
3.781352E+00  6.350E-01
3.781462E+00  7.181E-01
3.781571E+00  7.637E-01
3.781679E+00  7.509E-01
3.781787E+00  6.927E-01
3.781895E+00  6.212E-01
3.782001E+00  5.619E-01
3.782108E+00  5.327E-01
3.782213E+00  5.740E-01
3.782318E+00  1.050E+00
3.782423E+00  1.809E+00
3.782527E+00  5.478E-01
3.782631E+00  1.018E+00
3.782733E+00  5.343E-01
3.782836E+00  3.241E-01
3.782938E+00  2.826E-01
3.783039E+00  2.618E-01
3.783240E+00  2.350E-01
3.783340E+00  2.152E-01
3.783439E+00  1.875E-01
3.783538E+00  1.807E-01
3.783637E+00  1.974E-01
3.783734E+00  2.233E-01
3.783832E+00  2.603E-01
3.783928E+00  3.210E-01
3.784025E+00  4.214E-01
3.784121E+00  5.326E-01
3.784216E+00  1.135E+00
3.784311E+00  1.595E+00
3.784405E+00  2.696E-01
3.784499E+00  1.287E-01
3.784593E+00  8.988E-02
3.784686E+00  5.215E-01
3.784778E+00  4.442E+00
3.784870E+00  1.426E+00
3.784962E+00  8.805E-01
3.785053E+00  6.977E-01
3.785144E+00  6.073E-01
3.785234E+00  5.586E-01
3.785324E+00  6.044E-01
3.785413E+00  1.559E+00
3.785502E+00  2.090E+00
3.785590E+00  7.082E-01
3.785678E+00  4.571E-01
3.785766E+00  5.472E-01
3.785853E+00  4.146E-01
3.785940E+00  3.210E-01
3.786026E+00  3.131E-01
3.786112E+00  3.276E-01
3.786198E+00  3.618E-01
3.786368E+00  4.718E-01
3.786452E+00  5.146E-01
3.786536E+00  5.961E-01
3.786619E+00  8.654E-01
3.786702E+00  2.696E+00
3.786785E+00  7.806E+00
3.786867E+00  1.638E+00
3.786949E+00  1.702E+00
3.787030E+00  2.765E+00
3.787112E+00  5.653E+00
3.787192E+00  7.949E+00
3.787273E+00  3.990E+00
3.787352E+00  1.755E+00
3.787432E+00  9.430E-01
3.787511E+00  6.311E-01
3.787590E+00  5.448E-01
3.787668E+00  4.986E-01
3.787746E+00  3.617E-01
3.787824E+00  2.632E-01
3.787902E+00  2.079E-01
3.787978E+00  1.746E-01
3.788055E+00  1.538E-01
3.788131E+00  1.410E-01
3.788207E+00  1.341E-01
3.788283E+00  1.319E-01
3.788358E+00  1.332E-01
3.788433E+00  1.371E-01
3.788507E+00  1.433E-01
3.788581E+00  1.524E-01
3.788655E+00  1.678E-01
3.788729E+00  1.992E-01
3.788802E+00  2.776E-01
3.788875E+00  5.437E-01
3.788947E+00  2.500E+00
3.789019E+00  1.144E+01
3.789091E+00  1.223E+00
3.789162E+00  1.368E+00
3.789233E+00  3.655E-01
3.789304E+00  2.709E-01
3.789375E+00  2.497E-01
3.789445E+00  2.880E-01
3.789515E+00  3.386E-01
3.789584E+00  2.669E-01
3.789654E+00  2.298E-01
3.789722E+00  2.206E-01
3.789791E+00  2.239E-01
3.789859E+00  2.353E-01
3.789927E+00  2.543E-01
3.789995E+00  2.831E-01
3.790062E+00  3.260E-01
3.790129E+00  3.811E-01
3.790196E+00  3.634E-01
3.790263E+00  2.224E-01
3.790329E+00  1.711E-01
3.790395E+00  1.847E-01
3.790460E+00  2.313E-01
3.790525E+00  3.227E-01
3.790590E+00  5.094E-01
3.790655E+00  9.114E-01
3.790720E+00  1.608E+00
3.790784E+00  1.729E+00
3.790848E+00  1.130E+00
3.790911E+00  7.322E-01
3.790974E+00  5.281E-01
3.791037E+00  4.206E-01
3.791100E+00  3.585E-01
3.791163E+00  3.170E-01
3.791225E+00  2.854E-01
3.791287E+00  2.616E-01
3.791348E+00  2.474E-01
3.791410E+00  2.489E-01
3.791471E+00  2.977E-01
3.791532E+00  6.763E-01
3.791592E+00  1.290E+01
3.791653E+00  1.855E+00
3.791713E+00  7.495E-01
3.791773E+00  5.216E-01
3.791832E+00  4.492E-01
3.791891E+00  4.296E-01
3.791950E+00  4.571E-01
3.792009E+00  6.858E-01
3.792068E+00  5.742E+00
3.792126E+00  7.314E-01
3.792184E+00  4.653E-01
3.792242E+00  4.808E-01
3.792299E+00  7.467E-01
3.792357E+00  3.483E+00
3.792414E+00  1.530E+00
3.792471E+00  1.124E+00
3.792527E+00  7.535E-01
3.792583E+00  7.047E-01
3.792695E+00  6.785E-01
3.792751E+00  6.379E-01
3.792862E+00  5.049E-01
3.792916E+00  5.746E-01
3.792971E+00  4.640E-01
3.793026E+00  3.369E-01
3.793080E+00  3.107E-01
3.793134E+00  3.082E-01
3.793188E+00  3.267E-01
3.793241E+00  3.722E-01
3.793295E+00  4.625E-01
3.793348E+00  6.578E-01
3.793401E+00  1.483E+00
3.793453E+00  1.348E+01
3.793506E+00  1.106E+00
3.793558E+00  5.767E-01
3.793610E+00  4.363E-01
3.793662E+00  3.984E-01
3.793713E+00  4.378E-01
3.793765E+00  5.935E-01
3.793816E+00  1.033E+00
3.793867E+00  2.495E+00
3.793918E+00  6.121E+00
3.793968E+00  2.812E+00
3.794019E+00  1.041E+00
3.794069E+00  5.802E-01
3.794119E+00  3.798E-01
3.794168E+00  2.651E-01
3.794218E+00  2.042E-01
3.794267E+00  1.693E-01
3.794317E+00  1.470E-01
3.794365E+00  1.315E-01
3.794414E+00  1.208E-01
3.794463E+00  1.138E-01
3.794511E+00  1.101E-01
3.794559E+00  1.095E-01
3.794607E+00  1.116E-01
3.794655E+00  1.162E-01
3.794703E+00  1.244E-01
3.794750E+00  1.390E-01
3.794797E+00  1.683E-01
3.794844E+00  2.384E-01
3.794891E+00  4.619E-01
3.794938E+00  1.842E+00
3.794984E+00  1.602E+01
3.795030E+00  1.524E+00
3.795076E+00  5.599E-01
3.795122E+00  3.478E-01
3.795168E+00  2.752E-01
3.795214E+00  2.364E-01
3.795259E+00  2.118E-01
3.795304E+00  2.010E-01
3.795349E+00  1.978E-01
3.795394E+00  1.995E-01
3.795439E+00  2.050E-01
3.795483E+00  2.138E-01
3.795527E+00  2.259E-01
3.795572E+00  2.415E-01
3.795616E+00  2.606E-01
3.795659E+00  2.686E-01
3.795703E+00  1.869E-01
3.795746E+00  2.528E-01
3.795790E+00  3.379E-01
3.795833E+00  4.470E-01
3.795876E+00  6.202E-01
3.795919E+00  9.193E-01
3.795961E+00  1.427E+00
3.796004E+00  2.065E+00
3.796046E+00  2.231E+00
3.796130E+00  1.182E+00
3.796172E+00  8.438E-01
3.796214E+00  6.479E-01
3.796255E+00  5.340E-01
3.796296E+00  4.668E-01
3.796338E+00  4.285E-01
3.796379E+00  4.190E-01
3.796419E+00  5.021E-01
3.796460E+00  1.884E+00
3.796501E+00  9.314E-01
3.796541E+00  4.396E-01
3.796581E+00  3.575E-01
3.796621E+00  3.193E-01
3.796661E+00  2.859E-01
3.796701E+00  2.601E-01
3.796741E+00  2.474E-01
3.796780E+00  2.463E-01
3.796820E+00  2.681E-01
3.796859E+00  3.622E-01
3.796898E+00  1.702E+00
3.796937E+00  7.469E+00
3.796976E+00  1.750E+00
3.797014E+00  7.959E-01
3.797053E+00  5.874E-01
3.797091E+00  5.205E-01
3.797129E+00  5.442E-01
3.797167E+00  6.862E-01
3.797205E+00  5.823E-01
3.797243E+00  5.963E-01
3.797318E+00  6.669E-01
3.797355E+00  6.939E-01
3.797393E+00  6.951E-01
3.797430E+00  6.649E-01
3.797467E+00  7.246E-01
3.797503E+00  5.566E-01
3.797540E+00  4.393E-01
3.797577E+00  3.843E-01
3.797613E+00  3.552E-01
3.797649E+00  3.516E-01
3.797685E+00  3.814E-01
3.797721E+00  4.813E-01
3.797757E+00  8.937E-01
3.797793E+00  9.807E+00
3.797829E+00  1.600E+00
3.797864E+00  7.202E-01
3.797900E+00  5.232E-01
3.797935E+00  3.970E-01
3.797970E+00  3.079E-01
3.798005E+00  2.522E-01
3.798040E+00  2.276E-01
3.798074E+00  2.341E-01
3.798109E+00  2.803E-01
3.798143E+00  3.991E-01
3.798178E+00  7.141E-01
3.798212E+00  1.828E+00
3.798246E+00  5.253E+00
3.798280E+00  2.017E+00
3.798314E+00  6.960E-01
3.798348E+00  3.584E-01
3.798381E+00  2.354E-01
3.798415E+00  1.788E-01
3.798448E+00  1.481E-01
3.798481E+00  1.291E-01
3.798515E+00  1.165E-01
3.798548E+00  1.084E-01
3.798581E+00  1.039E-01
3.798613E+00  1.027E-01
3.798646E+00  1.048E-01
3.798679E+00  1.106E-01
3.798711E+00  1.224E-01
3.798743E+00  1.462E-01
3.798776E+00  2.008E-01
3.798808E+00  3.619E-01
3.798840E+00  1.182E+00
3.798872E+00  1.843E+01
3.798903E+00  1.869E+00
3.798935E+00  5.918E-01
3.798967E+00  3.435E-01
3.798998E+00  2.557E-01
3.799029E+00  2.162E-01
3.799061E+00  1.967E-01
3.799092E+00  1.875E-01
3.799123E+00  1.844E-01
3.799154E+00  1.856E-01
3.799184E+00  1.899E-01
3.799215E+00  1.968E-01
3.799276E+00  2.153E-01
3.799306E+00  2.200E-01
3.799337E+00  2.044E-01
3.799367E+00  3.087E-01
3.799397E+00  3.788E-01
3.799427E+00  4.706E-01
3.799457E+00  6.204E-01
3.799487E+00  8.752E-01
3.799516E+00  1.298E+00
3.799546E+00  1.858E+00
3.799575E+00  2.183E+00
3.799604E+00  1.793E+00
3.799634E+00  1.258E+00
3.799663E+00  8.919E-01
3.799692E+00  6.715E-01
3.799721E+00  5.405E-01
3.799750E+00  4.620E-01
3.799778E+00  4.151E-01
3.799807E+00  3.880E-01
3.799836E+00  3.815E-01
3.799864E+00  4.672E-01
3.799893E+00  4.369E-01
3.799921E+00  3.042E-01
3.799949E+00  2.861E-01
3.799977E+00  2.780E-01
3.800005E+00  2.667E-01
3.800033E+00  2.504E-01
3.800061E+00  2.432E-01
3.800088E+00  2.739E-01
3.800116E+00  4.869E-01
3.800144E+00  1.686E+00
3.800171E+00  3.154E+00
3.800198E+00  1.240E+00
3.800226E+00  2.862E+00
3.800253E+00  1.310E+00
3.800280E+00  5.785E-01
3.800307E+00  4.701E-01
3.800334E+00  4.386E-01
3.800361E+00  5.444E-01
3.800387E+00  6.347E-01
3.800414E+00  5.590E-01
3.800440E+00  5.711E-01
3.800467E+00  6.048E-01
3.800520E+00  6.892E-01
3.800572E+00  7.435E-01
3.800598E+00  7.109E-01
3.800624E+00  5.826E-01
3.800650E+00  5.007E-01
3.800675E+00  4.381E-01
3.800701E+00  4.023E-01
3.800727E+00  4.019E-01
3.800752E+00  4.672E-01
3.800778E+00  7.847E-01
3.800803E+00  5.618E+00
3.800828E+00  1.980E+00
3.800853E+00  7.148E-01
3.800879E+00  5.465E-01
3.800929E+00  3.614E-01
3.800953E+00  2.800E-01
3.800978E+00  2.213E-01
3.801003E+00  1.866E-01
3.801028E+00  1.737E-01
3.801052E+00  1.816E-01
3.801077E+00  2.152E-01
3.801101E+00  2.931E-01
3.801125E+00  4.784E-01
3.801149E+00  1.029E+00
3.801174E+00  3.337E+00
3.801198E+00  3.141E+00
3.801222E+00  8.768E-01
3.801246E+00  3.919E-01
3.801269E+00  2.405E-01
3.801293E+00  1.767E-01
3.801317E+00  1.438E-01
3.801341E+00  1.244E-01
3.801364E+00  1.123E-01
3.801388E+00  1.053E-01
3.801411E+00  1.024E-01
3.801434E+00  1.036E-01
3.801458E+00  1.096E-01
3.801481E+00  1.234E-01
3.801504E+00  1.537E-01
3.801527E+00  2.300E-01
3.801550E+00  4.970E-01
3.801573E+00  2.735E+00
3.801596E+00  7.786E+00
3.801618E+00  9.587E-01
3.801641E+00  4.236E-01
3.801664E+00  2.809E-01
3.801686E+00  2.213E-01
3.801709E+00  1.934E-01
3.801731E+00  1.797E-01
3.801753E+00  1.737E-01
3.801776E+00  1.725E-01
3.801798E+00  1.746E-01
3.801820E+00  1.792E-01
3.801864E+00  1.927E-01
3.801886E+00  1.972E-01
3.801908E+00  2.128E-01
3.801929E+00  3.288E-01
3.801951E+00  3.690E-01
3.801973E+00  4.389E-01
3.801994E+00  5.598E-01
3.802016E+00  7.659E-01
3.802037E+00  1.110E+00
3.802059E+00  1.601E+00
3.802080E+00  2.049E+00
3.802101E+00  1.758E+00
3.802123E+00  1.254E+00
3.802144E+00  8.827E-01
3.802165E+00  6.541E-01
3.802186E+00  5.171E-01
3.802207E+00  4.341E-01
3.802228E+00  3.833E-01
3.802248E+00  3.514E-01
3.802269E+00  3.297E-01
3.802290E+00  3.133E-01
3.802310E+00  2.932E-01
3.802331E+00  2.776E-01
3.802392E+00  2.626E-01
3.802412E+00  2.542E-01
3.802433E+00  2.641E-01
3.802453E+00  4.156E-01
3.802473E+00  1.278E+00
3.802493E+00  1.216E+00
3.802513E+00  2.984E+00
3.802529E+00  1.078E+00
3.812509E+00  7.286E-01
3.862509E+00  5.270E-01
3.912509E+00  4.977E-01
3.962509E+00  4.889E-01
4.112509E+00  4.976E-01
4.262509E+00  4.821E-01
4.412509E+00  4.502E-01
4.812508E+00  3.570E-01
5.112508E+00  3.009E-01
5.362508E+00  2.626E-01
5.662508E+00  2.248E-01
6.012508E+00  1.900E-01
6.312508E+00  1.653E-01
6.712508E+00  1.386E-01
7.112508E+00  1.177E-01
7.512508E+00  1.004E-01
8.062508E+00  8.190E-02
8.512508E+00  7.021E-02
8.962508E+00  6.024E-02
9.712508E+00  4.760E-02
1.021048E+01  4.111E-02
1.073398E+01  3.551E-02
1.128433E+01  3.067E-02
1.186289E+01  2.649E-02
1.247112E+01  2.288E-02
1.311053E+01  1.976E-02
1.378272E+01  1.707E-02
1.448938E+01  1.474E-02
1.523227E+01  1.273E-02
1.601325E+01  1.100E-02
1.683427E+01  9.498E-03
1.769738E+01  8.203E-03
1.860475E+01  7.085E-03
1.955864E+01  6.120E-03
2.056144E+01  5.286E-03
2.161565E+01  4.565E-03
2.272391E+01  3.943E-03
2.388900E+01  3.406E-03
2.511382E+01  2.941E-03
2.640143E+01  2.541E-03
2.775507E+01  2.194E-03
2.917811E+01  1.895E-03
3.067411E+01  1.637E-03
3.224681E+01  1.414E-03
3.390014E+01  1.221E-03
3.563825E+01  1.055E-03
3.746547E+01  9.109E-04
3.938637E+01  7.868E-04
