# photon energy(Ry), cross section(Mb)
6.202850E-02  4.159E+01
6.402850E-02  3.866E+01
6.602850E-02  3.601E+01
6.802850E-02  3.360E+01
7.002850E-02  3.141E+01
7.202850E-02  2.941E+01
7.402850E-02  2.758E+01
7.602850E-02  2.590E+01
7.802850E-02  2.436E+01
8.002850E-02  2.294E+01
8.202850E-02  2.163E+01
8.402850E-02  2.042E+01
8.602850E-02  1.930E+01
8.802850E-02  1.826E+01
9.002850E-02  1.730E+01
9.202850E-02  1.640E+01
9.402850E-02  1.557E+01
9.602850E-02  1.479E+01
9.802850E-02  1.406E+01
1.000285E-01  1.338E+01
1.020285E-01  1.274E+01
1.040285E-01  1.215E+01
1.060285E-01  1.159E+01
1.080285E-01  1.106E+01
1.100285E-01  1.057E+01
1.120285E-01  1.010E+01
1.140285E-01  9.667E+00
1.160285E-01  9.254E+00
1.180285E-01  8.864E+00
1.200285E-01  8.496E+00
1.220285E-01  8.149E+00
1.240285E-01  7.820E+00
1.260285E-01  7.508E+00
1.280285E-01  7.213E+00
1.300285E-01  6.933E+00
1.320285E-01  6.667E+00
1.340285E-01  6.415E+00
1.360285E-01  6.176E+00
1.380285E-01  5.948E+00
1.400285E-01  5.731E+00
1.420285E-01  5.524E+00
1.440285E-01  5.328E+00
1.460285E-01  5.140E+00
1.480285E-01  4.961E+00
1.500285E-01  4.790E+00
1.520285E-01  4.627E+00
1.540285E-01  4.472E+00
1.560285E-01  4.323E+00
1.580285E-01  4.180E+00
1.600285E-01  4.044E+00
1.620285E-01  3.914E+00
1.640285E-01  3.789E+00
1.660285E-01  3.669E+00
1.680285E-01  3.554E+00
1.700285E-01  3.444E+00
1.720285E-01  3.339E+00
1.740285E-01  3.237E+00
1.760285E-01  3.140E+00
1.780285E-01  3.046E+00
1.800285E-01  2.956E+00
1.820285E-01  2.870E+00
1.840285E-01  2.787E+00
1.860285E-01  2.707E+00
1.880285E-01  2.630E+00
1.900285E-01  2.555E+00
1.920285E-01  2.484E+00
1.940285E-01  2.415E+00
1.960285E-01  2.349E+00
1.980285E-01  2.285E+00
2.000285E-01  2.223E+00
2.020285E-01  2.164E+00
2.040285E-01  2.106E+00
2.060285E-01  2.051E+00
2.080285E-01  1.997E+00
2.100285E-01  1.945E+00
2.120285E-01  1.895E+00
2.140285E-01  1.847E+00
2.160285E-01  1.800E+00
2.180285E-01  1.755E+00
2.200285E-01  1.711E+00
2.220285E-01  1.669E+00
2.240285E-01  1.628E+00
2.260285E-01  1.588E+00
2.280285E-01  1.550E+00
2.300285E-01  1.513E+00
2.320285E-01  1.477E+00
2.340285E-01  1.442E+00
2.360285E-01  1.408E+00
2.380285E-01  1.375E+00
2.400285E-01  1.343E+00
2.420285E-01  1.312E+00
2.440285E-01  1.282E+00
2.460285E-01  1.253E+00
2.480285E-01  1.225E+00
2.500285E-01  1.197E+00
2.520285E-01  1.171E+00
2.540285E-01  1.145E+00
2.560285E-01  1.120E+00
2.580285E-01  1.095E+00
2.600285E-01  1.072E+00
2.620285E-01  1.049E+00
2.640285E-01  1.026E+00
2.660285E-01  1.004E+00
2.680285E-01  9.830E-01
2.700285E-01  9.623E-01
2.720285E-01  9.422E-01
2.740285E-01  9.227E-01
2.760285E-01  9.036E-01
2.780285E-01  8.851E-01
2.800285E-01  8.670E-01
2.820285E-01  8.494E-01
2.840285E-01  8.322E-01
2.860285E-01  8.155E-01
2.880285E-01  7.992E-01
2.900285E-01  7.834E-01
2.920285E-01  7.679E-01
2.940285E-01  7.528E-01
2.960285E-01  7.381E-01
2.980285E-01  7.238E-01
3.000285E-01  7.098E-01
3.020285E-01  6.961E-01
3.040285E-01  6.828E-01
3.060285E-01  6.698E-01
3.080285E-01  6.571E-01
3.100285E-01  6.447E-01
3.120285E-01  6.327E-01
3.140285E-01  6.209E-01
3.160285E-01  6.093E-01
3.180285E-01  5.981E-01
3.200285E-01  5.871E-01
3.220285E-01  5.764E-01
3.240285E-01  5.659E-01
3.260285E-01  5.556E-01
3.280285E-01  5.456E-01
3.300285E-01  5.358E-01
3.320285E-01  5.262E-01
3.340285E-01  5.169E-01
3.360285E-01  5.077E-01
3.380285E-01  4.988E-01
3.400285E-01  4.901E-01
3.420285E-01  4.815E-01
3.440285E-01  4.732E-01
3.460285E-01  4.650E-01
3.480285E-01  4.570E-01
3.500285E-01  4.492E-01
3.520285E-01  4.415E-01
3.540285E-01  4.340E-01
3.560285E-01  4.267E-01
3.580285E-01  4.195E-01
3.600285E-01  4.125E-01
3.620285E-01  4.057E-01
3.640285E-01  3.989E-01
3.660285E-01  3.924E-01
3.680285E-01  3.859E-01
3.700285E-01  3.796E-01
3.720285E-01  3.735E-01
3.740285E-01  3.674E-01
3.760285E-01  3.615E-01
3.780285E-01  3.557E-01
3.800285E-01  3.500E-01
3.820285E-01  3.444E-01
3.840285E-01  3.390E-01
3.860285E-01  3.337E-01
3.880285E-01  3.284E-01
3.900285E-01  3.233E-01
3.920285E-01  3.183E-01
3.940285E-01  3.134E-01
3.960285E-01  3.086E-01
3.980285E-01  3.038E-01
4.000285E-01  2.992E-01
4.020285E-01  2.947E-01
4.040285E-01  2.902E-01
4.060285E-01  2.858E-01
4.080285E-01  2.816E-01
4.100285E-01  2.774E-01
4.120285E-01  2.732E-01
4.140285E-01  2.692E-01
4.160285E-01  2.652E-01
4.180285E-01  2.614E-01
4.200285E-01  2.575E-01
4.220285E-01  2.538E-01
4.240285E-01  2.501E-01
4.260285E-01  2.465E-01
4.280285E-01  2.430E-01
4.300285E-01  2.395E-01
4.320285E-01  2.361E-01
4.340285E-01  2.328E-01
4.360285E-01  2.295E-01
4.380285E-01  2.263E-01
4.400285E-01  2.231E-01
4.420285E-01  2.200E-01
4.440285E-01  2.170E-01
4.460285E-01  2.140E-01
4.480285E-01  2.110E-01
4.500285E-01  2.081E-01
4.520285E-01  2.053E-01
4.540285E-01  2.025E-01
4.560285E-01  1.998E-01
4.580285E-01  1.971E-01
4.600285E-01  1.944E-01
4.620285E-01  1.918E-01
4.640285E-01  1.892E-01
4.660285E-01  1.867E-01
4.680285E-01  1.842E-01
4.700285E-01  1.818E-01
4.720285E-01  1.794E-01
4.740285E-01  1.771E-01
4.760285E-01  1.747E-01
4.780285E-01  1.725E-01
4.800285E-01  1.702E-01
4.820285E-01  1.680E-01
4.840285E-01  1.658E-01
4.860285E-01  1.637E-01
4.880285E-01  1.616E-01
4.900285E-01  1.595E-01
4.920285E-01  1.575E-01
4.940285E-01  1.555E-01
4.960285E-01  1.535E-01
4.980285E-01  1.516E-01
5.000285E-01  1.497E-01
5.020285E-01  1.478E-01
5.040285E-01  1.459E-01
5.060285E-01  1.441E-01
5.080285E-01  1.423E-01
5.100285E-01  1.405E-01
5.120285E-01  1.388E-01
5.140285E-01  1.370E-01
5.160285E-01  1.353E-01
5.180285E-01  1.337E-01
5.200285E-01  1.320E-01
5.220285E-01  1.304E-01
5.240285E-01  1.288E-01
5.260285E-01  1.272E-01
5.280285E-01  1.257E-01
5.300285E-01  1.241E-01
5.320285E-01  1.226E-01
5.340285E-01  1.211E-01
5.360285E-01  1.197E-01
5.380285E-01  1.182E-01
5.400285E-01  1.168E-01
5.420285E-01  1.154E-01
5.440285E-01  1.140E-01
5.460285E-01  1.127E-01
5.480285E-01  1.113E-01
5.500285E-01  1.100E-01
5.520285E-01  1.087E-01
5.540285E-01  1.074E-01
5.560285E-01  1.061E-01
5.580285E-01  1.049E-01
5.600285E-01  1.036E-01
5.620285E-01  1.024E-01
5.640285E-01  1.012E-01
5.660285E-01  1.000E-01
5.680285E-01  9.885E-02
5.700285E-01  9.770E-02
5.720285E-01  9.656E-02
5.740285E-01  9.544E-02
5.760285E-01  9.434E-02
5.780285E-01  9.325E-02
5.800285E-01  9.218E-02
5.820285E-01  9.112E-02
5.840285E-01  9.007E-02
5.860285E-01  8.904E-02
5.880285E-01  8.802E-02
5.900285E-01  8.702E-02
5.920285E-01  8.603E-02
5.940285E-01  8.506E-02
5.960285E-01  8.410E-02
5.980285E-01  8.315E-02
6.000285E-01  8.222E-02
6.020285E-01  8.130E-02
6.040285E-01  8.039E-02
6.060285E-01  7.949E-02
6.080285E-01  7.861E-02
6.100285E-01  7.774E-02
6.120285E-01  7.688E-02
6.140285E-01  7.603E-02
6.160285E-01  7.520E-02
6.180285E-01  7.437E-02
6.200285E-01  7.356E-02
6.220285E-01  7.276E-02
6.240285E-01  7.197E-02
6.260285E-01  7.119E-02
6.280285E-01  7.043E-02
6.300285E-01  6.967E-02
6.320285E-01  6.892E-02
6.340285E-01  6.819E-02
6.360285E-01  6.746E-02
6.380285E-01  6.674E-02
6.400285E-01  6.604E-02
6.420285E-01  6.534E-02
6.440285E-01  6.465E-02
6.460285E-01  6.398E-02
6.480285E-01  6.331E-02
6.500285E-01  6.265E-02
6.520285E-01  6.200E-02
6.540285E-01  6.136E-02
6.560285E-01  6.073E-02
6.580285E-01  6.011E-02
6.600285E-01  5.949E-02
6.620285E-01  5.889E-02
6.640285E-01  5.829E-02
6.660285E-01  5.770E-02
6.680285E-01  5.712E-02
6.700285E-01  5.654E-02
6.720285E-01  5.598E-02
6.740285E-01  5.542E-02
6.760285E-01  5.487E-02
6.780285E-01  5.432E-02
6.800285E-01  5.379E-02
6.820285E-01  5.326E-02
6.840285E-01  5.273E-02
6.860285E-01  5.222E-02
6.880285E-01  5.171E-02
6.900285E-01  5.121E-02
6.920285E-01  5.071E-02
6.940285E-01  5.022E-02
6.960285E-01  4.974E-02
6.980285E-01  4.926E-02
7.000285E-01  4.879E-02
7.020285E-01  4.833E-02
7.040285E-01  4.787E-02
7.060285E-01  4.741E-02
7.080285E-01  4.697E-02
7.100285E-01  4.652E-02
7.120285E-01  4.609E-02
7.140285E-01  4.566E-02
7.160285E-01  4.523E-02
7.180285E-01  4.481E-02
7.200285E-01  4.439E-02
7.220285E-01  4.398E-02
7.240285E-01  4.358E-02
7.260285E-01  4.317E-02
7.280285E-01  4.278E-02
7.300285E-01  4.239E-02
7.320285E-01  4.200E-02
7.340285E-01  4.161E-02
7.360285E-01  4.124E-02
7.380285E-01  4.086E-02
7.400285E-01  4.049E-02
7.420285E-01  4.012E-02
7.440285E-01  3.976E-02
7.460285E-01  3.940E-02
7.480285E-01  3.905E-02
7.500285E-01  3.870E-02
7.520285E-01  3.835E-02
7.540285E-01  3.801E-02
7.560285E-01  3.767E-02
7.580285E-01  3.733E-02
7.600285E-01  3.700E-02
7.620285E-01  3.667E-02
7.640285E-01  3.635E-02
7.660285E-01  3.602E-02
7.680285E-01  3.570E-02
7.700285E-01  3.539E-02
7.720285E-01  3.507E-02
7.740285E-01  3.477E-02
7.760285E-01  3.446E-02
7.780285E-01  3.415E-02
7.800285E-01  3.385E-02
7.820285E-01  3.356E-02
7.840285E-01  3.326E-02
7.860285E-01  3.297E-02
7.880285E-01  3.268E-02
7.900285E-01  3.239E-02
7.920285E-01  3.211E-02
7.940285E-01  3.183E-02
7.960285E-01  3.155E-02
7.980285E-01  3.127E-02
8.000285E-01  3.100E-02
8.020285E-01  3.073E-02
8.040285E-01  3.046E-02
8.060285E-01  3.019E-02
8.080285E-01  2.993E-02
8.100285E-01  2.967E-02
8.120285E-01  2.941E-02
8.140285E-01  2.915E-02
8.160285E-01  2.889E-02
8.180285E-01  2.864E-02
8.200285E-01  2.839E-02
8.220285E-01  2.814E-02
8.240285E-01  2.790E-02
8.260285E-01  2.765E-02
8.280285E-01  2.741E-02
8.300285E-01  2.717E-02
8.320285E-01  2.694E-02
8.340285E-01  2.670E-02
8.360285E-01  2.647E-02
8.380285E-01  2.624E-02
8.400285E-01  2.601E-02
8.420285E-01  2.578E-02
8.440285E-01  2.556E-02
8.460285E-01  2.534E-02
8.480285E-01  2.512E-02
8.500285E-01  2.490E-02
8.520285E-01  2.468E-02
8.540285E-01  2.447E-02
8.560285E-01  2.425E-02
8.580285E-01  2.404E-02
8.600285E-01  2.383E-02
8.620285E-01  2.363E-02
8.640285E-01  2.342E-02
8.660285E-01  2.322E-02
8.680285E-01  2.302E-02
8.700285E-01  2.282E-02
8.720285E-01  2.262E-02
8.740285E-01  2.242E-02
8.760285E-01  2.223E-02
8.780285E-01  2.204E-02
8.800285E-01  2.185E-02
8.820285E-01  2.166E-02
8.840285E-01  2.147E-02
8.860285E-01  2.129E-02
8.880285E-01  2.110E-02
8.900285E-01  2.092E-02
8.920285E-01  2.074E-02
8.940285E-01  2.057E-02
8.960285E-01  2.039E-02
8.980285E-01  2.022E-02
9.000285E-01  2.004E-02
9.020285E-01  1.987E-02
9.040285E-01  1.970E-02
9.060285E-01  1.954E-02
9.080285E-01  1.937E-02
9.100285E-01  1.921E-02
9.120285E-01  1.904E-02
9.140285E-01  1.888E-02
9.160285E-01  1.872E-02
9.180285E-01  1.857E-02
9.200285E-01  1.841E-02
9.220285E-01  1.826E-02
9.240285E-01  1.811E-02
9.260285E-01  1.795E-02
9.280285E-01  1.781E-02
9.300285E-01  1.766E-02
9.320285E-01  1.751E-02
9.340285E-01  1.737E-02
9.360285E-01  1.722E-02
9.380285E-01  1.708E-02
9.400285E-01  1.694E-02
9.420285E-01  1.681E-02
9.440285E-01  1.667E-02
9.460285E-01  1.653E-02
9.480285E-01  1.640E-02
9.500285E-01  1.627E-02
9.520285E-01  1.614E-02
9.540285E-01  1.601E-02
9.560285E-01  1.588E-02
9.580285E-01  1.575E-02
9.600285E-01  1.563E-02
9.620285E-01  1.550E-02
9.640285E-01  1.538E-02
9.660285E-01  1.526E-02
9.680285E-01  1.514E-02
9.700285E-01  1.502E-02
9.720285E-01  1.491E-02
9.740285E-01  1.479E-02
9.760285E-01  1.468E-02
9.780285E-01  1.456E-02
9.800285E-01  1.445E-02
9.820285E-01  1.434E-02
9.840285E-01  1.423E-02
9.860285E-01  1.413E-02
9.880285E-01  1.402E-02
9.900285E-01  1.391E-02
9.920285E-01  1.381E-02
9.940285E-01  1.371E-02
9.960285E-01  1.360E-02
9.980285E-01  1.350E-02
1.000029E+00  1.340E-02
1.002029E+00  1.330E-02
1.004029E+00  1.321E-02
1.006029E+00  1.311E-02
1.008029E+00  1.302E-02
1.010029E+00  1.292E-02
1.012029E+00  1.283E-02
1.014029E+00  1.274E-02
1.016029E+00  1.264E-02
1.018029E+00  1.255E-02
1.020029E+00  1.246E-02
1.022029E+00  1.238E-02
1.024029E+00  1.229E-02
1.026029E+00  1.220E-02
1.028029E+00  1.212E-02
1.030029E+00  1.203E-02
1.032029E+00  1.195E-02
1.034029E+00  1.186E-02
1.036029E+00  1.178E-02
1.038029E+00  1.170E-02
1.040029E+00  1.162E-02
1.042029E+00  1.154E-02
1.044029E+00  1.146E-02
1.046029E+00  1.138E-02
1.048029E+00  1.130E-02
1.050029E+00  1.123E-02
1.052029E+00  1.115E-02
1.054029E+00  1.107E-02
1.056029E+00  1.100E-02
1.058029E+00  1.093E-02
1.060029E+00  1.085E-02
1.062029E+00  1.078E-02
1.064029E+00  1.071E-02
1.066029E+00  1.064E-02
1.068029E+00  1.056E-02
1.070029E+00  1.049E-02
1.072029E+00  1.042E-02
1.074029E+00  1.036E-02
1.076029E+00  1.029E-02
1.078029E+00  1.022E-02
1.080029E+00  1.015E-02
1.082029E+00  1.008E-02
1.084029E+00  1.002E-02
1.086029E+00  9.951E-03
1.088029E+00  9.886E-03
1.090029E+00  9.821E-03
1.092029E+00  9.756E-03
1.094029E+00  9.692E-03
1.096029E+00  9.628E-03
1.098029E+00  9.565E-03
1.100029E+00  9.502E-03
1.102029E+00  9.440E-03
1.104029E+00  9.378E-03
1.106029E+00  9.317E-03
1.108029E+00  9.255E-03
1.110029E+00  9.195E-03
1.112029E+00  9.134E-03
1.114029E+00  9.074E-03
1.116029E+00  9.015E-03
1.118029E+00  8.956E-03
1.120029E+00  8.897E-03
1.122029E+00  8.838E-03
1.124029E+00  8.780E-03
1.126029E+00  8.722E-03
1.128029E+00  8.664E-03
1.130029E+00  8.607E-03
1.132029E+00  8.550E-03
1.134029E+00  8.494E-03
1.136029E+00  8.438E-03
1.138029E+00  8.382E-03
1.140029E+00  8.326E-03
1.142029E+00  8.271E-03
1.144029E+00  8.216E-03
1.146029E+00  8.161E-03
1.148029E+00  8.106E-03
1.150029E+00  8.052E-03
1.152029E+00  7.998E-03
1.154029E+00  7.944E-03
1.156029E+00  7.891E-03
1.158029E+00  7.838E-03
1.160029E+00  7.785E-03
1.162029E+00  7.733E-03
1.164029E+00  7.680E-03
1.166029E+00  7.628E-03
1.168029E+00  7.576E-03
1.170029E+00  7.525E-03
1.172029E+00  7.474E-03
1.174029E+00  7.423E-03
1.176029E+00  7.372E-03
1.178029E+00  7.321E-03
1.180029E+00  7.271E-03
1.182029E+00  7.221E-03
1.184029E+00  7.172E-03
1.186029E+00  7.122E-03
1.188029E+00  7.073E-03
1.190029E+00  7.024E-03
1.192029E+00  6.975E-03
1.194029E+00  6.927E-03
1.196029E+00  6.879E-03
1.198029E+00  6.831E-03
1.200029E+00  6.783E-03
1.202029E+00  6.735E-03
1.204029E+00  6.688E-03
1.206029E+00  6.641E-03
1.208029E+00  6.595E-03
1.210029E+00  6.548E-03
1.212029E+00  6.502E-03
1.214029E+00  6.456E-03
1.216029E+00  6.411E-03
1.218029E+00  6.365E-03
1.220029E+00  6.320E-03
1.222029E+00  6.275E-03
1.224029E+00  6.231E-03
1.226029E+00  6.187E-03
1.228029E+00  6.142E-03
1.230029E+00  6.099E-03
1.232029E+00  6.055E-03
1.234029E+00  6.012E-03
1.236029E+00  5.969E-03
1.238029E+00  5.926E-03
1.240029E+00  5.884E-03
1.242029E+00  5.842E-03
1.244029E+00  5.800E-03
1.246029E+00  5.759E-03
1.248029E+00  5.717E-03
1.250029E+00  5.677E-03
1.252029E+00  5.636E-03
1.254029E+00  5.595E-03
1.256029E+00  5.555E-03
1.258029E+00  5.516E-03
1.260029E+00  5.476E-03
1.262029E+00  5.437E-03
1.264029E+00  5.398E-03
1.266029E+00  5.359E-03
1.268029E+00  5.321E-03
1.270029E+00  5.283E-03
1.272029E+00  5.245E-03
1.274029E+00  5.208E-03
1.276029E+00  5.171E-03
1.278029E+00  5.134E-03
1.280029E+00  5.097E-03
1.282029E+00  5.061E-03
1.284029E+00  5.025E-03
1.286029E+00  4.990E-03
1.288029E+00  4.954E-03
1.290029E+00  4.919E-03
1.292029E+00  4.885E-03
1.294029E+00  4.850E-03
1.296029E+00  4.816E-03
1.298029E+00  4.783E-03
1.300029E+00  4.749E-03
1.302029E+00  4.716E-03
1.304029E+00  4.683E-03
1.306029E+00  4.651E-03
1.308029E+00  4.618E-03
1.310029E+00  4.587E-03
1.312029E+00  4.555E-03
1.314029E+00  4.524E-03
1.316029E+00  4.493E-03
1.318029E+00  4.462E-03
1.320029E+00  4.432E-03
1.322029E+00  4.402E-03
1.324029E+00  4.372E-03
1.326029E+00  4.342E-03
1.328029E+00  4.313E-03
1.330029E+00  4.284E-03
1.332029E+00  4.256E-03
1.334029E+00  4.227E-03
1.336029E+00  4.199E-03
1.338029E+00  4.172E-03
1.340029E+00  4.144E-03
1.342029E+00  4.117E-03
1.344029E+00  4.091E-03
1.346029E+00  4.064E-03
1.348029E+00  4.038E-03
1.350029E+00  4.012E-03
1.352029E+00  3.986E-03
1.354029E+00  3.961E-03
1.356029E+00  3.936E-03
1.358029E+00  3.911E-03
1.360029E+00  3.886E-03
1.362029E+00  3.862E-03
1.364029E+00  3.838E-03
1.366029E+00  3.815E-03
1.368029E+00  3.791E-03
1.370029E+00  3.768E-03
1.372029E+00  3.745E-03
1.374029E+00  3.722E-03
1.376029E+00  3.700E-03
1.378029E+00  3.678E-03
1.380029E+00  3.656E-03
1.382029E+00  3.634E-03
1.384029E+00  3.613E-03
1.386029E+00  3.592E-03
1.388029E+00  3.571E-03
1.390029E+00  3.550E-03
1.392029E+00  3.530E-03
1.394029E+00  3.509E-03
1.396029E+00  3.489E-03
1.398029E+00  3.470E-03
1.400029E+00  3.450E-03
1.402029E+00  3.431E-03
1.404029E+00  3.412E-03
1.406029E+00  3.393E-03
1.408029E+00  3.374E-03
1.410029E+00  3.356E-03
1.412029E+00  3.337E-03
1.414029E+00  3.319E-03
1.416029E+00  3.301E-03
1.418029E+00  3.284E-03
1.420029E+00  3.266E-03
1.422029E+00  3.249E-03
1.424029E+00  3.232E-03
1.426029E+00  3.215E-03
1.428029E+00  3.198E-03
1.430029E+00  3.181E-03
1.432029E+00  3.165E-03
1.434029E+00  3.149E-03
1.436029E+00  3.133E-03
1.438029E+00  3.117E-03
1.440029E+00  3.101E-03
1.442029E+00  3.085E-03
1.444029E+00  3.070E-03
1.446029E+00  3.054E-03
1.448029E+00  3.039E-03
1.450029E+00  3.024E-03
1.452029E+00  3.009E-03
1.454029E+00  2.994E-03
1.456029E+00  2.980E-03
1.458029E+00  2.965E-03
1.460029E+00  2.951E-03
1.462029E+00  2.937E-03
1.464029E+00  2.923E-03
1.466029E+00  2.909E-03
1.468029E+00  2.895E-03
1.470029E+00  2.881E-03
1.472029E+00  2.867E-03
1.474029E+00  2.854E-03
1.476029E+00  2.840E-03
1.478029E+00  2.827E-03
1.480029E+00  2.813E-03
1.482029E+00  2.800E-03
1.484029E+00  2.787E-03
1.486029E+00  2.774E-03
1.488029E+00  2.761E-03
1.490029E+00  2.748E-03
1.492029E+00  2.736E-03
1.494029E+00  2.723E-03
1.496029E+00  2.710E-03
1.498029E+00  2.698E-03
1.500029E+00  2.685E-03
1.502029E+00  2.673E-03
1.504029E+00  2.661E-03
1.506029E+00  2.648E-03
1.508029E+00  2.636E-03
1.510029E+00  2.624E-03
1.512029E+00  2.612E-03
1.514029E+00  2.600E-03
1.516029E+00  2.588E-03
1.518029E+00  2.576E-03
1.520029E+00  2.564E-03
1.522029E+00  2.553E-03
1.524029E+00  2.541E-03
1.526029E+00  2.529E-03
1.528029E+00  2.518E-03
1.530029E+00  2.506E-03
1.532029E+00  2.494E-03
1.534029E+00  2.483E-03
1.536029E+00  2.472E-03
1.538029E+00  2.460E-03
1.540029E+00  2.449E-03
1.542029E+00  2.437E-03
1.544029E+00  2.426E-03
1.546029E+00  2.415E-03
1.548029E+00  2.404E-03
1.550029E+00  2.392E-03
1.552029E+00  2.381E-03
1.554029E+00  2.370E-03
1.556029E+00  2.359E-03
1.558029E+00  2.348E-03
1.560029E+00  2.337E-03
1.562029E+00  2.326E-03
1.564029E+00  2.315E-03
1.566029E+00  2.304E-03
1.568029E+00  2.293E-03
1.570029E+00  2.282E-03
1.572029E+00  2.271E-03
1.574029E+00  2.260E-03
1.576029E+00  2.249E-03
1.578029E+00  2.238E-03
1.580029E+00  2.228E-03
1.582029E+00  2.217E-03
1.584029E+00  2.206E-03
1.586029E+00  2.195E-03
1.588029E+00  2.185E-03
1.590029E+00  2.174E-03
1.592029E+00  2.163E-03
1.594029E+00  2.152E-03
1.596029E+00  2.142E-03
1.598029E+00  2.131E-03
1.600029E+00  2.121E-03
1.602029E+00  2.110E-03
1.604029E+00  2.100E-03
1.606029E+00  2.089E-03
1.608029E+00  2.078E-03
1.610029E+00  2.068E-03
1.612029E+00  2.058E-03
1.614029E+00  2.047E-03
1.616029E+00  2.037E-03
1.618029E+00  2.026E-03
1.620029E+00  2.016E-03
1.622029E+00  2.006E-03
1.624029E+00  1.995E-03
1.626029E+00  1.985E-03
1.628029E+00  1.975E-03
1.630029E+00  1.964E-03
1.632029E+00  1.954E-03
1.634029E+00  1.944E-03
1.636029E+00  1.934E-03
1.638029E+00  1.924E-03
1.640029E+00  1.914E-03
1.642029E+00  1.904E-03
1.644029E+00  1.894E-03
1.646029E+00  1.884E-03
1.648029E+00  1.874E-03
1.650029E+00  1.864E-03
1.652029E+00  1.854E-03
1.654029E+00  1.844E-03
1.656029E+00  1.834E-03
1.658029E+00  1.824E-03
1.660029E+00  1.814E-03
1.662029E+00  1.805E-03
1.664029E+00  1.795E-03
1.666029E+00  1.785E-03
1.668029E+00  1.776E-03
1.670029E+00  1.766E-03
1.672029E+00  1.756E-03
1.674029E+00  1.747E-03
1.676029E+00  1.737E-03
1.678029E+00  1.728E-03
1.680029E+00  1.719E-03
1.682029E+00  1.709E-03
1.684029E+00  1.700E-03
1.686029E+00  1.691E-03
1.688029E+00  1.681E-03
1.690029E+00  1.672E-03
1.692029E+00  1.663E-03
1.694029E+00  1.654E-03
1.696029E+00  1.645E-03
1.698029E+00  1.636E-03
1.700029E+00  1.627E-03
1.702029E+00  1.618E-03
1.704029E+00  1.610E-03
1.706029E+00  1.601E-03
1.708029E+00  1.592E-03
1.710029E+00  1.583E-03
1.712029E+00  1.575E-03
1.714029E+00  1.566E-03
1.716029E+00  1.558E-03
1.718029E+00  1.549E-03
1.720029E+00  1.541E-03
1.722029E+00  1.533E-03
1.724029E+00  1.525E-03
1.726029E+00  1.516E-03
1.728029E+00  1.508E-03
1.730029E+00  1.500E-03
1.732029E+00  1.492E-03
1.734029E+00  1.484E-03
1.736029E+00  1.476E-03
1.738029E+00  1.469E-03
1.740029E+00  1.461E-03
1.742029E+00  1.453E-03
1.744029E+00  1.446E-03
1.746029E+00  1.438E-03
1.748029E+00  1.431E-03
1.750029E+00  1.423E-03
1.752029E+00  1.416E-03
1.754029E+00  1.409E-03
1.756029E+00  1.402E-03
1.758029E+00  1.395E-03
1.760029E+00  1.388E-03
1.762029E+00  1.381E-03
1.764029E+00  1.374E-03
1.766029E+00  1.367E-03
1.768029E+00  1.360E-03
1.770029E+00  1.354E-03
1.772029E+00  1.347E-03
1.774029E+00  1.341E-03
1.776029E+00  1.334E-03
1.778029E+00  1.328E-03
1.780029E+00  1.322E-03
1.782029E+00  1.315E-03
1.784029E+00  1.309E-03
1.786029E+00  1.303E-03
1.788029E+00  1.297E-03
1.790029E+00  1.292E-03
1.792029E+00  1.286E-03
1.794029E+00  1.280E-03
1.796029E+00  1.275E-03
1.798029E+00  1.269E-03
1.800029E+00  1.264E-03
1.802029E+00  1.258E-03
1.804029E+00  1.253E-03
1.806029E+00  1.248E-03
1.808029E+00  1.243E-03
1.810029E+00  1.238E-03
1.812029E+00  1.233E-03
1.814029E+00  1.228E-03
1.816029E+00  1.223E-03
1.818029E+00  1.218E-03
1.820029E+00  1.214E-03
1.822029E+00  1.209E-03
1.824029E+00  1.205E-03
1.826029E+00  1.200E-03
1.828029E+00  1.196E-03
1.830029E+00  1.192E-03
1.832029E+00  1.188E-03
1.834029E+00  1.184E-03
1.836029E+00  1.180E-03
1.838029E+00  1.176E-03
1.840029E+00  1.172E-03
1.842029E+00  1.168E-03
1.844029E+00  1.165E-03
1.846029E+00  1.161E-03
1.848029E+00  1.158E-03
1.850029E+00  1.154E-03
1.852029E+00  1.151E-03
1.854029E+00  1.148E-03
1.856029E+00  1.145E-03
1.858029E+00  1.142E-03
1.860029E+00  1.139E-03
1.862029E+00  1.136E-03
1.864029E+00  1.133E-03
1.866029E+00  1.130E-03
1.868029E+00  1.127E-03
1.870029E+00  1.125E-03
1.872029E+00  1.122E-03
1.874029E+00  1.120E-03
1.876029E+00  1.118E-03
1.878029E+00  1.115E-03
1.880029E+00  1.113E-03
1.882029E+00  1.111E-03
1.884029E+00  1.109E-03
1.886029E+00  1.107E-03
1.888029E+00  1.105E-03
1.890029E+00  1.103E-03
1.892029E+00  1.102E-03
1.894029E+00  1.100E-03
1.896029E+00  1.098E-03
1.898029E+00  1.097E-03
1.900029E+00  1.096E-03
1.902029E+00  1.094E-03
1.904029E+00  1.093E-03
1.906029E+00  1.092E-03
1.908029E+00  1.091E-03
1.910029E+00  1.090E-03
1.912029E+00  1.089E-03
1.914029E+00  1.088E-03
1.916029E+00  1.087E-03
1.918029E+00  1.086E-03
1.920029E+00  1.085E-03
1.922029E+00  1.085E-03
1.924029E+00  1.084E-03
1.926029E+00  1.084E-03
1.928029E+00  1.083E-03
1.930029E+00  1.083E-03
1.932029E+00  1.083E-03
1.934029E+00  1.082E-03
1.936029E+00  1.082E-03
1.938029E+00  1.082E-03
1.940029E+00  1.082E-03
1.942029E+00  1.082E-03
1.944029E+00  1.082E-03
1.946029E+00  1.082E-03
1.948029E+00  1.082E-03
1.950029E+00  1.083E-03
1.952029E+00  1.083E-03
1.954029E+00  1.083E-03
1.956029E+00  1.084E-03
1.958029E+00  1.084E-03
1.960029E+00  1.085E-03
1.962029E+00  1.086E-03
1.964029E+00  1.086E-03
1.966029E+00  1.087E-03
1.968029E+00  1.088E-03
1.970029E+00  1.089E-03
1.972029E+00  1.090E-03
1.974029E+00  1.091E-03
1.976029E+00  1.092E-03
1.978029E+00  1.093E-03
1.980029E+00  1.094E-03
1.982029E+00  1.095E-03
1.984029E+00  1.096E-03
1.986029E+00  1.098E-03
1.988029E+00  1.099E-03
1.990029E+00  1.101E-03
1.992029E+00  1.102E-03
1.994029E+00  1.104E-03
1.996029E+00  1.105E-03
1.998029E+00  1.107E-03
2.000029E+00  1.108E-03
2.002029E+00  1.110E-03
2.004029E+00  1.112E-03
2.006029E+00  1.114E-03
2.008029E+00  1.116E-03
2.010029E+00  1.117E-03
2.012029E+00  1.119E-03
2.014029E+00  1.121E-03
2.016029E+00  1.123E-03
2.018029E+00  1.126E-03
2.020029E+00  1.128E-03
2.022029E+00  1.130E-03
2.024029E+00  1.132E-03
2.026029E+00  1.134E-03
2.028029E+00  1.137E-03
2.030029E+00  1.139E-03
2.032029E+00  1.141E-03
2.034029E+00  1.144E-03
2.036029E+00  1.146E-03
2.038029E+00  1.149E-03
2.040029E+00  1.151E-03
2.042029E+00  1.154E-03
2.044029E+00  1.157E-03
2.046029E+00  1.159E-03
2.048029E+00  1.162E-03
2.050029E+00  1.165E-03
2.052029E+00  1.167E-03
2.054029E+00  1.170E-03
2.056029E+00  1.173E-03
2.058029E+00  1.176E-03
2.060029E+00  1.179E-03
2.072029E+00  1.197E-03
2.091431E+00  1.229E-03
2.163602E+00  1.374E-03
2.212576E+00  1.503E-03
2.257652E+00  1.664E-03
2.285739E+00  1.802E-03
2.312379E+00  1.974E-03
2.337672E+00  2.196E-03
2.349840E+00  2.331E-03
2.361705E+00  2.486E-03
2.373276E+00  2.666E-03
2.384562E+00  2.875E-03
2.395573E+00  3.122E-03
2.406318E+00  3.417E-03
2.416805E+00  3.775E-03
2.427043E+00  4.220E-03
2.437039E+00  4.789E-03
2.446800E+00  5.546E-03
2.456335E+00  6.609E-03
2.465650E+00  8.216E-03
2.474751E+00  1.093E-02
2.483646E+00  1.632E-02
2.492340E+00  3.049E-02
2.500840E+00  9.049E-02
2.509150E+00  1.525E-01
2.517278E+00  3.029E-02
2.525228E+00  1.122E-02
2.533004E+00  6.890E-03
2.540614E+00  5.710E-03
2.548060E+00  5.558E-03
2.555347E+00  5.863E-03
2.562481E+00  6.438E-03
2.569465E+00  7.224E-03
2.576304E+00  8.218E-03
2.583001E+00  9.447E-03
2.589561E+00  1.097E-02
2.595987E+00  1.288E-02
2.602283E+00  1.531E-02
2.608452E+00  1.849E-02
2.614498E+00  2.279E-02
2.620423E+00  2.881E-02
2.626232E+00  3.767E-02
2.631927E+00  5.161E-02
2.637511E+00  7.556E-02
2.642986E+00  1.225E-01
2.648357E+00  2.358E-01
2.653625E+00  6.376E-01
2.658793E+00  3.467E+00
2.663864E+00  1.726E+00
2.668839E+00  3.748E-01
2.673722E+00  1.463E-01
2.678514E+00  7.448E-02
2.683219E+00  4.375E-02
2.687837E+00  2.807E-02
2.692371E+00  1.911E-02
2.696823E+00  1.359E-02
2.701196E+00  9.986E-03
2.705490E+00  7.535E-03
2.709708E+00  5.816E-03
2.713852E+00  4.581E-03
2.717923E+00  3.680E-03
2.721923E+00  3.016E-03
2.725854E+00  2.524E-03
2.729717E+00  2.160E-03
2.733514E+00  1.894E-03
2.737246E+00  1.704E-03
2.740914E+00  1.574E-03
2.744521E+00  1.493E-03
2.748068E+00  1.452E-03
2.751556E+00  1.444E-03
2.754985E+00  1.465E-03
2.758358E+00  1.510E-03
2.761676E+00  1.577E-03
2.764940E+00  1.664E-03
2.768151E+00  1.770E-03
2.774419E+00  2.032E-03
2.780488E+00  2.362E-03
2.786367E+00  2.762E-03
2.792064E+00  3.241E-03
2.797586E+00  3.818E-03
2.800284E+00  4.153E-03
2.802940E+00  4.529E-03
2.805557E+00  4.954E-03
2.808134E+00  5.445E-03
2.810672E+00  6.026E-03
2.813172E+00  6.740E-03
2.815636E+00  7.666E-03
2.818063E+00  8.970E-03
2.820454E+00  1.108E-02
2.822810E+00  1.546E-02
2.825132E+00  3.151E-02
2.827420E+00  1.319E+00
2.829676E+00  5.682E-03
2.831899E+00  3.344E-03
2.834090E+00  4.437E-03
2.836250E+00  5.568E-03
2.844590E+00  9.625E-03
2.848588E+00  1.184E-02
2.850546E+00  1.309E-02
2.852477E+00  1.446E-02
2.854381E+00  1.601E-02
2.856260E+00  1.777E-02
2.858113E+00  1.979E-02
2.859942E+00  2.216E-02
2.861746E+00  2.499E-02
2.863526E+00  2.841E-02
2.865282E+00  3.267E-02
2.867015E+00  3.809E-02
2.868725E+00  4.522E-02
2.870413E+00  5.494E-02
2.872079E+00  6.883E-02
2.873723E+00  8.991E-02
2.875346E+00  1.245E-01
2.876948E+00  1.874E-01
2.878530E+00  3.206E-01
2.880091E+00  6.673E-01
2.881633E+00  1.680E+00
2.883155E+00  1.933E+00
2.884658E+00  7.559E-01
2.886141E+00  3.358E-01
2.887607E+00  1.876E-01
2.889054E+00  1.233E-01
2.890483E+00  9.109E-02
2.891895E+00  7.345E-02
2.893289E+00  6.339E-02
2.894666E+00  5.770E-02
2.896027E+00  5.476E-02
2.897371E+00  5.373E-02
2.898698E+00  5.411E-02
2.900010E+00  5.564E-02
2.901306E+00  5.819E-02
2.902586E+00  6.172E-02
2.903851E+00  6.627E-02
2.905102E+00  7.192E-02
2.906337E+00  7.885E-02
2.907558E+00  8.730E-02
2.908764E+00  9.763E-02
2.909957E+00  1.103E-01
2.911136E+00  1.261E-01
2.912301E+00  1.461E-01
2.913452E+00  1.718E-01
2.914590E+00  2.057E-01
2.915716E+00  2.518E-01
2.916828E+00  3.171E-01
2.917928E+00  4.142E-01
2.919015E+00  5.685E-01
2.920090E+00  8.379E-01
2.921153E+00  1.377E+00
2.922204E+00  2.722E+00
2.923244E+00  7.714E+00
2.924272E+00  3.377E+01
2.925288E+00  1.129E+01
2.926293E+00  2.994E+00
2.927288E+00  1.247E+00
2.928271E+00  6.496E-01
2.929244E+00  3.832E-01
2.930206E+00  2.441E-01
2.931157E+00  1.636E-01
2.932099E+00  1.134E-01
2.933030E+00  8.048E-02
2.933951E+00  5.798E-02
2.934863E+00  4.216E-02
2.935764E+00  3.078E-02
2.936656E+00  2.248E-02
2.937539E+00  1.638E-02
2.938413E+00  1.189E-02
2.939277E+00  8.613E-03
2.940132E+00  6.281E-03
2.940979E+00  4.699E-03
2.941816E+00  3.734E-03
2.942645E+00  3.300E-03
2.943465E+00  3.345E-03
2.944277E+00  3.859E-03
2.945081E+00  4.888E-03
2.945876E+00  6.579E-03
2.946664E+00  9.346E-03
2.947443E+00  1.451E-02
2.948215E+00  2.857E-02
2.948978E+00  1.693E-01
2.949734E+00  7.614E-02
2.950483E+00  1.159E-02
2.951224E+00  1.027E-02
2.951958E+00  1.232E-02
2.952684E+00  1.510E-02
2.953403E+00  1.825E-02
2.954116E+00  2.170E-02
2.954821E+00  2.549E-02
2.955519E+00  2.964E-02
2.956211E+00  3.420E-02
2.956895E+00  3.924E-02
2.957574E+00  4.483E-02
2.958245E+00  5.106E-02
2.958910E+00  5.802E-02
2.959569E+00  6.584E-02
2.960222E+00  7.468E-02
2.960868E+00  8.472E-02
2.961508E+00  9.622E-02
2.962142E+00  1.095E-01
2.962770E+00  1.249E-01
2.963393E+00  1.429E-01
2.964009E+00  1.642E-01
2.964620E+00  1.895E-01
2.965224E+00  2.198E-01
2.965824E+00  2.558E-01
2.966418E+00  2.964E-01
2.967006E+00  3.268E-01
2.967589E+00  9.429E-02
2.968166E+00  7.713E-01
2.968739E+00  9.198E-01
2.969306E+00  1.220E+00
2.969867E+00  1.743E+00
2.970424E+00  2.724E+00
2.970976E+00  4.827E+00
2.971523E+00  1.034E+01
2.972065E+00  2.727E+01
2.972602E+00  3.851E+01
2.973134E+00  1.634E+01
2.973661E+00  7.332E+00
2.974184E+00  4.114E+00
2.974702E+00  2.698E+00
2.975216E+00  1.971E+00
2.975725E+00  1.559E+00
2.976230E+00  1.311E+00
2.976730E+00  1.159E+00
2.977226E+00  1.066E+00
2.977717E+00  1.015E+00
2.978205E+00  9.938E-01
2.978688E+00  9.973E-01
2.979167E+00  1.022E+00
2.979641E+00  1.066E+00
2.980112E+00  1.130E+00
2.980579E+00  1.215E+00
2.981041E+00  1.324E+00
2.981500E+00  1.460E+00
2.981955E+00  1.628E+00
2.982406E+00  1.837E+00
2.982853E+00  2.097E+00
2.983297E+00  2.423E+00
2.983737E+00  2.837E+00
2.984173E+00  3.369E+00
2.984605E+00  4.066E+00
2.985034E+00  5.001E+00
2.985460E+00  6.289E+00
2.985881E+00  8.129E+00
2.986300E+00  1.088E+01
2.986715E+00  1.523E+01
2.987126E+00  2.270E+01
2.987534E+00  3.705E+01
2.987939E+00  6.988E+01
2.988341E+00  1.706E+02
2.988739E+00  6.684E+02
2.989134E+00  9.240E+02
2.989526E+00  2.224E+02
2.989914E+00  8.598E+01
2.990300E+00  4.463E+01
2.990683E+00  2.720E+01
2.991062E+00  1.829E+01
2.991438E+00  1.313E+01
2.991812E+00  9.868E+00
2.992182E+00  7.676E+00
2.992550E+00  6.126E+00
2.992915E+00  4.985E+00
2.993276E+00  4.119E+00
2.993635E+00  3.441E+00
2.993992E+00  2.897E+00
2.994345E+00  2.451E+00
2.994696E+00  2.076E+00
2.995044E+00  1.756E+00
2.995389E+00  1.475E+00
2.995731E+00  1.223E+00
2.996071E+00  9.931E-01
2.996409E+00  7.784E-01
2.996743E+00  5.747E-01
2.997076E+00  3.814E-01
2.997405E+00  2.063E-01
2.997732E+00  8.374E-02
2.998057E+00  1.471E-01
2.998379E+00  1.024E+00
2.998699E+00  7.691E+00
2.999017E+00  3.833E+02
2.999332E+00  5.409E+01
2.999644E+00  1.451E+01
2.999955E+00  7.891E+00
3.000263E+00  5.432E+00
3.000568E+00  4.188E+00
3.000872E+00  3.445E+00
3.001173E+00  2.953E+00
3.001472E+00  2.603E+00
3.001769E+00  2.341E+00
3.002064E+00  2.137E+00
3.002356E+00  1.974E+00
3.002646E+00  1.841E+00
3.002935E+00  1.730E+00
3.003221E+00  1.642E+00
3.003505E+00  1.423E+00
3.003787E+00  1.457E+00
3.004895E+00  1.229E+00
3.005437E+00  1.132E+00
3.005705E+00  1.099E+00
3.005971E+00  1.104E+00
3.006236E+00  1.243E+00
3.006498E+00  1.898E+00
3.006759E+00  5.230E+00
3.007018E+00  3.741E+01
3.007275E+00  5.795E+02
3.007530E+00  5.872E+01
3.007783E+00  3.167E+01
3.008035E+00  2.772E+01
3.008285E+00  3.189E+01
3.008533E+00  4.691E+01
3.008780E+00  9.056E+01
3.009025E+00  1.610E+02
3.009268E+00  7.973E+01
3.009509E+00  2.866E+01
3.009749E+00  1.314E+01
3.009987E+00  7.348E+00
3.010224E+00  4.727E+00
3.010459E+00  3.370E+00
3.010692E+00  2.597E+00
3.010924E+00  2.125E+00
3.011154E+00  1.824E+00
3.011382E+00  1.625E+00
3.011610E+00  1.491E+00
3.011835E+00  1.401E+00
3.012059E+00  1.341E+00
3.012282E+00  1.305E+00
3.012503E+00  1.286E+00
3.012722E+00  1.281E+00
3.013157E+00  1.308E+00
3.013586E+00  1.381E+00
3.013799E+00  1.436E+00
3.014010E+00  1.506E+00
3.014220E+00  1.592E+00
3.014428E+00  1.699E+00
3.014635E+00  1.832E+00
3.014840E+00  1.998E+00
3.015045E+00  2.210E+00
3.015248E+00  2.483E+00
3.015449E+00  2.844E+00
3.015649E+00  3.338E+00
3.015849E+00  4.038E+00
3.016046E+00  5.086E+00
3.016243E+00  6.772E+00
3.016438E+00  9.774E+00
3.016632E+00  1.600E+01
3.016825E+00  3.255E+01
3.017016E+00  9.708E+01
3.017207E+00  1.785E+02
3.017396E+00  4.443E+01
3.017584E+00  1.449E+01
3.017770E+00  6.400E+00
3.017956E+00  3.336E+00
3.018140E+00  1.916E+00
3.018323E+00  1.168E+00
3.018506E+00  7.398E-01
3.018687E+00  4.789E-01
3.018866E+00  3.131E-01
3.019045E+00  2.044E-01
3.019223E+00  1.317E-01
3.019399E+00  8.252E-02
3.019575E+00  4.921E-02
3.019749E+00  2.696E-02
3.019922E+00  1.270E-02
3.020094E+00  4.461E-03
3.020266E+00  1.097E-03
3.020436E+00  2.173E-03
3.020605E+00  8.115E-03
3.020773E+00  2.088E-02
3.020940E+00  4.627E-02
3.021106E+00  1.034E-01
3.021271E+00  2.841E-01
3.021435E+00  1.836E+00
3.021598E+00  4.832E+00
3.021760E+00  2.893E-01
3.021921E+00  7.210E-02
3.022081E+00  2.324E-02
3.022240E+00  7.242E-03
3.022398E+00  1.616E-03
3.022556E+00  1.640E-04
3.022712E+00  6.481E-04
3.022867E+00  2.104E-03
3.023022E+00  4.052E-03
3.023328E+00  8.323E-03
3.023480E+00  9.978E-03
3.023631E+00  9.360E-03
3.023780E+00  1.617E-01
3.023930E+00  3.107E-02
3.024078E+00  3.150E-02
3.024225E+00  3.544E-02
3.024372E+00  4.210E-02
3.024517E+00  5.351E-02
3.024662E+00  7.575E-02
3.024806E+00  1.280E-01
3.024949E+00  2.909E-01
3.025092E+00  1.180E+00
3.025233E+00  5.035E+01
3.025374E+00  3.208E+00
3.025514E+00  9.542E-01
3.025653E+00  5.509E-01
3.025791E+00  4.106E-01
3.025929E+00  3.495E-01
3.026065E+00  3.225E-01
3.026201E+00  3.143E-01
3.026337E+00  3.193E-01
3.026471E+00  3.359E-01
3.026605E+00  3.652E-01
3.026738E+00  4.107E-01
3.026870E+00  4.799E-01
3.027001E+00  5.875E-01
3.027132E+00  7.641E-01
3.027262E+00  1.080E+00
3.027391E+00  1.722E+00
3.027520E+00  3.282E+00
3.027647E+00  7.563E+00
3.027774E+00  1.041E+01
3.027901E+00  4.547E+00
3.028027E+00  1.961E+00
3.028152E+00  1.054E+00
3.028276E+00  6.679E-01
3.028399E+00  4.763E-01
3.028522E+00  3.706E-01
3.028645E+00  3.081E-01
3.028766E+00  2.696E-01
3.028887E+00  2.455E-01
3.029008E+00  2.306E-01
3.029127E+00  2.221E-01
3.029246E+00  2.181E-01
3.029364E+00  2.176E-01
3.029482E+00  2.201E-01
3.029599E+00  2.251E-01
3.029716E+00  2.324E-01
3.029947E+00  2.545E-01
3.030061E+00  2.697E-01
3.030175E+00  2.881E-01
3.030289E+00  3.105E-01
3.030401E+00  3.378E-01
3.030513E+00  3.714E-01
3.030625E+00  4.133E-01
3.030736E+00  4.664E-01
3.030846E+00  5.353E-01
3.030956E+00  6.274E-01
3.031065E+00  7.550E-01
3.031174E+00  9.402E-01
3.031282E+00  1.227E+00
3.031390E+00  1.709E+00
3.031496E+00  2.634E+00
3.031603E+00  4.791E+00
3.031709E+00  1.182E+01
3.031814E+00  4.072E+01
3.031919E+00  1.908E+01
3.032023E+00  4.945E+00
3.032126E+00  1.909E+00
3.032230E+00  9.164E-01
3.032332E+00  4.950E-01
3.032434E+00  2.859E-01
3.032536E+00  1.712E-01
3.032637E+00  1.039E-01
3.032737E+00  6.260E-02
3.032837E+00  3.652E-02
3.032937E+00  1.990E-02
3.033036E+00  9.478E-03
3.033134E+00  3.373E-03
3.033232E+00  5.800E-04
3.033329E+00  7.873E-04
3.033426E+00  4.568E-03
3.033523E+00  1.444E-02
3.033619E+00  3.971E-02
3.033714E+00  1.301E-01
3.033809E+00  1.211E+00
3.033904E+00  1.219E+00
3.033998E+00  1.169E-01
3.034091E+00  3.345E-02
3.034185E+00  1.206E-02
3.034277E+00  4.331E-03
3.034369E+00  1.246E-03
3.034461E+00  1.581E-04
3.034552E+00  5.993E-05
3.034643E+00  4.989E-04
3.034734E+00  1.245E-03
3.034824E+00  2.166E-03
3.035002E+00  4.160E-03
3.035091E+00  4.890E-03
3.035179E+00  2.967E-03
3.035267E+00  1.214E-02
3.035354E+00  1.179E-02
3.035441E+00  1.313E-02
3.035527E+00  1.513E-02
3.035613E+00  1.804E-02
3.035699E+00  2.284E-02
3.035784E+00  3.218E-02
3.035869E+00  5.472E-02
3.035953E+00  1.289E-01
3.036037E+00  5.892E-01
3.036121E+00  3.565E+01
3.036204E+00  1.054E+00
3.036287E+00  3.661E-01
3.036369E+00  2.252E-01
3.036451E+00  1.742E-01
3.036533E+00  1.520E-01
3.036614E+00  1.426E-01
3.036695E+00  1.406E-01
3.036775E+00  1.439E-01
3.036855E+00  1.518E-01
3.036935E+00  1.648E-01
3.037014E+00  1.842E-01
3.037093E+00  2.125E-01
3.037171E+00  2.548E-01
3.037250E+00  3.205E-01
3.037327E+00  4.297E-01
3.037405E+00  6.300E-01
3.037482E+00  1.052E+00
3.037559E+00  2.118E+00
3.037635E+00  4.767E+00
3.037711E+00  4.710E+00
3.037787E+00  1.970E+00
3.037862E+00  9.173E-01
3.037937E+00  5.222E-01
3.038011E+00  3.445E-01
3.038086E+00  2.527E-01
3.038160E+00  2.007E-01
3.038233E+00  1.694E-01
3.038306E+00  1.499E-01
3.038379E+00  1.377E-01
3.038452E+00  1.302E-01
3.038524E+00  1.260E-01
3.038596E+00  1.242E-01
3.038667E+00  1.244E-01
3.038739E+00  1.262E-01
3.038809E+00  1.294E-01
3.038880E+00  1.340E-01
3.038950E+00  1.399E-01
3.039020E+00  1.474E-01
3.039090E+00  1.565E-01
3.039159E+00  1.675E-01
3.039228E+00  1.809E-01
3.039297E+00  1.971E-01
3.039365E+00  2.171E-01
3.039433E+00  2.419E-01
3.039501E+00  2.734E-01
3.039568E+00  3.141E-01
3.039636E+00  3.683E-01
3.039702E+00  4.430E-01
3.039769E+00  5.511E-01
3.039835E+00  7.171E-01
3.039901E+00  9.946E-01
3.039967E+00  1.518E+00
3.040032E+00  2.712E+00
3.040097E+00  6.435E+00
3.040162E+00  2.181E+01
3.040226E+00  1.284E+01
3.040291E+00  3.272E+00
3.040355E+00  1.237E+00
3.040418E+00  5.859E-01
3.040482E+00  3.135E-01
3.040545E+00  1.796E-01
3.040608E+00  1.065E-01
3.040670E+00  6.382E-02
3.040732E+00  3.767E-02
3.040794E+00  2.121E-02
3.040856E+00  1.079E-02
3.040918E+00  4.414E-03
3.040979E+00  1.030E-03
3.041040E+00  3.881E-04
3.041100E+00  3.442E-03
3.041161E+00  1.498E-02
3.041221E+00  6.370E-02
3.041281E+00  8.458E-01
3.041340E+00  5.016E-01
3.041400E+00  6.207E-02
3.041459E+00  1.955E-02
3.041518E+00  7.581E-03
3.041576E+00  2.938E-03
3.041635E+00  9.562E-04
3.041693E+00  1.836E-04
3.041751E+00  4.473E-05
3.041808E+00  2.713E-04
3.041866E+00  7.229E-04
3.041923E+00  1.320E-03
3.041980E+00  2.013E-03
3.042149E+00  4.319E-03
3.042205E+00  4.231E-03
3.042260E+00  7.146E-03
3.042316E+00  7.950E-03
3.042371E+00  9.184E-03
3.042426E+00  1.083E-02
3.042481E+00  1.322E-02
3.042535E+00  1.729E-02
3.042590E+00  2.562E-02
3.042644E+00  4.731E-02
3.042697E+00  1.297E-01
3.042751E+00  9.145E-01
3.042804E+00  4.517E+00
3.042858E+00  4.389E-01
3.042911E+00  1.982E-01
3.042963E+00  1.340E-01
3.043016E+00  1.087E-01
3.043068E+00  9.747E-02
3.043120E+00  9.303E-02
3.043172E+00  9.274E-02
3.043224E+00  9.557E-02
3.043275E+00  1.013E-01
3.043326E+00  1.102E-01
3.043377E+00  1.232E-01
3.043428E+00  1.418E-01
3.043479E+00  1.692E-01
3.043529E+00  2.110E-01
3.043580E+00  2.791E-01
3.043630E+00  4.001E-01
3.043679E+00  6.450E-01
3.043729E+00  1.234E+00
3.043778E+00  2.816E+00
3.043827E+00  3.959E+00
3.043876E+00  1.835E+00
3.043925E+00  8.107E-01
3.043974E+00  4.411E-01
3.044022E+00  2.818E-01
3.044070E+00  2.021E-01
3.044118E+00  1.577E-01
3.044166E+00  1.313E-01
3.044214E+00  1.149E-01
3.044261E+00  1.046E-01
3.044309E+00  9.823E-02
3.044356E+00  9.453E-02
3.044403E+00  9.278E-02
3.044449E+00  9.255E-02
3.044496E+00  9.357E-02
3.044542E+00  9.568E-02
3.044588E+00  9.882E-02
3.044680E+00  1.082E-01
3.044726E+00  1.147E-01
3.044771E+00  1.225E-01
3.044816E+00  1.319E-01
3.044861E+00  1.433E-01
3.044906E+00  1.573E-01
3.044951E+00  1.746E-01
3.044995E+00  1.963E-01
3.045040E+00  2.242E-01
3.045084E+00  2.608E-01
3.045128E+00  3.106E-01
3.045172E+00  3.810E-01
3.045215E+00  4.864E-01
3.045259E+00  6.559E-01
3.045302E+00  9.583E-01
3.045345E+00  1.589E+00
3.045388E+00  3.279E+00
3.045431E+00  9.900E+00
3.045474E+00  1.669E+01
3.045516E+00  4.136E+00
3.045559E+00  1.363E+00
3.045601E+00  6.002E-01
3.045643E+00  3.086E-01
3.045685E+00  1.729E-01
3.045726E+00  1.015E-01
3.045768E+00  6.067E-02
3.045809E+00  3.603E-02
3.045851E+00  2.063E-02
3.045892E+00  1.084E-02
3.045933E+00  4.726E-03
3.045973E+00  1.287E-03
3.046014E+00  3.013E-04
3.046054E+00  2.902E-03
3.046095E+00  1.575E-02
3.046135E+00  1.027E-01
3.046175E+00  2.033E+01
3.046215E+00  9.655E-02
3.046254E+00  2.387E-02
3.046294E+00  8.929E-03
3.046333E+00  3.643E-03
3.046372E+00  1.387E-03
3.046412E+00  4.120E-04
3.046450E+00  8.254E-05
3.046489E+00  1.188E-04
3.046528E+00  3.797E-04
3.046566E+00  7.872E-04
3.046605E+00  1.295E-03
3.046643E+00  1.875E-03
3.046681E+00  2.509E-03
3.046719E+00  3.187E-03
3.046757E+00  3.899E-03
3.046795E+00  4.544E-03
3.046832E+00  5.679E-03
3.046869E+00  6.597E-03
3.046907E+00  7.759E-03
3.046944E+00  9.314E-03
3.046981E+00  1.168E-02
3.047018E+00  1.590E-02
3.047054E+00  2.515E-02
3.047091E+00  5.173E-02
3.047127E+00  1.757E-01
3.047164E+00  2.973E+00
3.047200E+00  1.038E+00
3.047236E+00  2.395E-01
3.047272E+00  1.298E-01
3.047307E+00  9.459E-02
3.047343E+00  7.969E-02
3.047379E+00  7.302E-02
3.047414E+00  7.064E-02
3.047449E+00  7.101E-02
3.047484E+00  7.355E-02
3.047519E+00  7.818E-02
3.047554E+00  8.514E-02
3.047589E+00  9.508E-02
3.047624E+00  1.092E-01
3.047658E+00  1.297E-01
3.047693E+00  1.605E-01
3.047727E+00  2.098E-01
3.047761E+00  2.957E-01
3.047795E+00  4.640E-01
3.047829E+00  8.537E-01
3.047863E+00  1.913E+00
3.047896E+00  3.411E+00
3.047930E+00  1.853E+00
3.047963E+00  7.867E-01
3.047996E+00  4.104E-01
3.048030E+00  2.548E-01
3.048063E+00  1.789E-01
3.048096E+00  1.376E-01
3.048128E+00  1.133E-01
3.048161E+00  9.828E-02
3.048194E+00  8.885E-02
3.048226E+00  8.297E-02
3.048259E+00  7.950E-02
3.048291E+00  7.776E-02
3.048323E+00  7.734E-02
3.048355E+00  7.801E-02
3.048387E+00  7.961E-02
3.048419E+00  8.207E-02
3.048482E+00  8.961E-02
3.048545E+00  1.011E-01
3.048576E+00  1.087E-01
3.048607E+00  1.180E-01
3.048638E+00  1.292E-01
3.048669E+00  1.431E-01
3.048700E+00  1.605E-01
3.048731E+00  1.827E-01
3.048761E+00  2.117E-01
3.048792E+00  2.508E-01
3.048822E+00  3.057E-01
3.048852E+00  3.867E-01
3.048883E+00  5.147E-01
3.048913E+00  7.374E-01
3.048943E+00  1.183E+00
3.048973E+00  2.302E+00
3.049002E+00  6.322E+00
3.049032E+00  1.584E+01
3.049062E+00  4.651E+00
3.049091E+00  1.411E+00
3.049120E+00  5.938E-01
3.049150E+00  2.978E-01
3.049179E+00  1.646E-01
3.049208E+00  9.589E-02
3.049237E+00  5.721E-02
3.049266E+00  3.407E-02
3.049295E+00  1.965E-02
3.049323E+00  1.050E-02
3.049352E+00  4.730E-03
3.049380E+00  1.398E-03
3.049409E+00  2.819E-04
3.049437E+00  2.524E-03
3.049465E+00  1.559E-02
3.049493E+00  1.390E-01
3.049521E+00  9.949E-01
3.049549E+00  5.262E-02
3.049577E+00  1.532E-02
3.049605E+00  6.025E-03
3.049632E+00  2.488E-03
3.049660E+00  9.368E-04
3.049687E+00  2.764E-04
3.049715E+00  8.444E-05
3.049742E+00  1.667E-04
3.049769E+00  4.223E-04
3.049796E+00  7.939E-04
3.049823E+00  1.247E-03
3.049850E+00  1.762E-03
3.049877E+00  2.325E-03
3.049904E+00  2.933E-03
3.049930E+00  3.588E-03
3.049983E+00  5.028E-03
3.050010E+00  5.948E-03
3.050036E+00  7.071E-03
3.050062E+00  8.612E-03
3.050088E+00  1.104E-02
3.050115E+00  1.559E-02
3.050140E+00  2.613E-02
3.050166E+00  5.942E-02
3.050192E+00  2.539E-01
3.050218E+00  1.353E+01
3.050243E+00  4.940E-01
3.050269E+00  1.630E-01
3.050294E+00  9.801E-02
3.050320E+00  7.479E-02
3.050345E+00  6.457E-02
3.050370E+00  6.001E-02
3.050395E+00  5.855E-02
3.050421E+00  5.917E-02
3.050445E+00  6.147E-02
3.050470E+00  6.542E-02
3.050495E+00  7.124E-02
3.050520E+00  7.944E-02
3.050545E+00  9.097E-02
3.050569E+00  1.075E-01
3.050594E+00  1.322E-01
3.050618E+00  1.710E-01
3.050642E+00  2.374E-01
3.050667E+00  3.642E-01
3.050691E+00  6.480E-01
3.050715E+00  1.409E+00
3.050739E+00  2.917E+00
3.050763E+00  1.950E+00
3.050787E+00  8.069E-01
3.050810E+00  4.041E-01
3.050834E+00  2.438E-01
3.050858E+00  1.679E-01
3.050881E+00  1.272E-01
3.050905E+00  1.036E-01
3.050928E+00  8.919E-02
3.050952E+00  8.012E-02
3.050975E+00  7.445E-02
3.050998E+00  7.105E-02
3.051021E+00  6.927E-02
3.051044E+00  6.873E-02
3.051067E+00  6.917E-02
3.051090E+00  7.046E-02
3.051113E+00  7.253E-02
3.051136E+00  7.536E-02
3.051181E+00  8.345E-02
3.051204E+00  8.889E-02
3.051226E+00  9.548E-02
3.051249E+00  1.035E-01
3.051271E+00  1.132E-01
3.051293E+00  1.252E-01
3.051315E+00  1.401E-01
3.051337E+00  1.591E-01
3.051360E+00  1.839E-01
3.051382E+00  2.172E-01
3.051403E+00  2.635E-01
3.051425E+00  3.313E-01
3.051447E+00  4.374E-01
3.051469E+00  6.189E-01
3.051491E+00  9.738E-01
3.051512E+00  1.829E+00
3.051534E+00  4.724E+00
3.051555E+00  1.390E+01
3.051577E+00  5.057E+00
3.051598E+00  1.449E+00
3.051619E+00  5.889E-01
3.051640E+00  2.899E-01
3.051661E+00  1.585E-01
3.051683E+00  9.181E-02
3.051704E+00  5.464E-02
3.051724E+00  3.255E-02
3.051745E+00  1.885E-02
3.051766E+00  1.016E-02
3.051787E+00  4.670E-03
3.051808E+00  1.451E-03
3.051828E+00  2.796E-04
3.051849E+00  2.236E-03
3.051869E+00  1.487E-02
3.051890E+00  1.602E-01
3.051910E+00  4.817E-01
3.051930E+00  3.919E-02
3.051951E+00  1.211E-02
3.051971E+00  4.854E-03
3.051991E+00  2.015E-03
3.052011E+00  7.593E-04
3.052031E+00  2.325E-04
3.052049E+00  9.768E-05
3.057067E+00  1.890E+00
3.062029E+00  1.601E+00
3.070219E+00  1.253E+00
3.078229E+00  1.014E+00
3.086064E+00  8.419E-01
3.093730E+00  7.128E-01
3.101232E+00  6.135E-01
3.108573E+00  5.357E-01
3.115759E+00  4.736E-01
3.122793E+00  4.234E-01
3.129681E+00  3.821E-01
3.136426E+00  3.477E-01
3.143032E+00  3.187E-01
3.155843E+00  2.725E-01
3.168142E+00  2.375E-01
3.179956E+00  2.102E-01
3.196822E+00  1.792E-01
3.212731E+00  1.563E-01
3.227755E+00  1.389E-01
3.246520E+00  1.215E-01
3.268131E+00  1.057E-01
3.291660E+00  9.240E-02
3.309499E+00  8.486E-02
3.319508E+00  8.220E-02
3.329038E+00  8.204E-02
3.332113E+00  8.296E-02
3.335139E+00  8.472E-02
3.338117E+00  8.774E-02
3.341049E+00  9.276E-02
3.343934E+00  1.014E-01
3.346775E+00  1.174E-01
3.349571E+00  1.513E-01
3.352325E+00  2.345E-01
3.355036E+00  3.429E-01
3.357706E+00  2.620E-01
3.360335E+00  2.171E-01
3.362925E+00  2.351E-01
3.365476E+00  2.990E-01
3.367989E+00  4.232E-01
3.370464E+00  6.444E-01
3.372903E+00  9.864E-01
3.375305E+00  1.307E+00
3.377673E+00  1.291E+00
3.382305E+00  7.399E-01
3.384571E+00  5.520E-01
3.386804E+00  4.293E-01
3.389006E+00  3.480E-01
3.391176E+00  2.920E-01
3.393315E+00  2.521E-01
3.395424E+00  2.227E-01
3.397503E+00  2.003E-01
3.399554E+00  1.830E-01
3.401576E+00  1.694E-01
3.403570E+00  1.584E-01
3.405536E+00  1.496E-01
3.409388E+00  1.369E-01
3.413137E+00  1.297E-01
3.414973E+00  1.282E-01
3.416785E+00  1.282E-01
3.418572E+00  1.303E-01
3.420336E+00  1.350E-01
3.422076E+00  1.431E-01
3.423794E+00  1.558E-01
3.425489E+00  1.737E-01
3.427162E+00  1.967E-01
3.430442E+00  2.492E-01
3.432051E+00  2.637E-01
3.433639E+00  2.514E-01
3.436755E+00  1.820E-01
3.438283E+00  1.550E-01
3.439791E+00  1.359E-01
3.441281E+00  1.224E-01
3.442753E+00  1.125E-01
3.444205E+00  1.050E-01
3.445640E+00  9.908E-02
3.448457E+00  9.033E-02
3.452554E+00  8.147E-02
3.457789E+00  7.353E-02
3.463990E+00  6.674E-02
3.469837E+00  6.254E-02
3.473187E+00  6.180E-02
3.475357E+00  6.272E-02
3.476423E+00  6.391E-02
3.477478E+00  6.584E-02
3.478521E+00  6.886E-02
3.479552E+00  7.353E-02
3.480572E+00  8.086E-02
3.481581E+00  9.278E-02
3.482579E+00  1.133E-01
3.483565E+00  1.513E-01
3.484541E+00  2.278E-01
3.485506E+00  3.766E-01
3.486461E+00  4.961E-01
3.487406E+00  3.504E-01
3.488340E+00  2.010E-01
3.489264E+00  1.304E-01
3.490178E+00  9.851E-02
3.491083E+00  8.386E-02
3.491978E+00  7.804E-02
3.492864E+00  7.775E-02
3.493740E+00  8.188E-02
3.494607E+00  9.050E-02
3.495465E+00  1.046E-01
3.496314E+00  1.266E-01
3.497154E+00  1.607E-01
3.497986E+00  2.156E-01
3.498809E+00  3.084E-01
3.499623E+00  4.729E-01
3.500429E+00  7.568E-01
3.501227E+00  1.101E+00
3.502017E+00  1.167E+00
3.502799E+00  9.746E-01
3.503572E+00  9.499E-01
3.504338E+00  7.816E-01
3.505097E+00  6.727E-01
3.505848E+00  7.771E-01
3.506591E+00  9.627E-01
3.507327E+00  1.254E+00
3.508055E+00  1.694E+00
3.508777E+00  2.347E+00
3.509491E+00  3.277E+00
3.510899E+00  5.705E+00
3.511592E+00  6.481E+00
3.512279E+00  6.599E+00
3.512959E+00  4.566E+00
3.513632E+00  4.355E+00
3.514300E+00  3.645E+00
3.514960E+00  3.035E+00
3.515615E+00  2.554E+00
3.516263E+00  2.182E+00
3.516905E+00  1.894E+00
3.517540E+00  1.668E+00
3.518170E+00  1.488E+00
3.518794E+00  1.344E+00
3.519412E+00  1.226E+00
3.520025E+00  1.129E+00
3.520631E+00  1.049E+00
3.521232E+00  9.807E-01
3.522417E+00  8.742E-01
3.523581E+00  7.960E-01
3.525287E+00  7.145E-01
3.526946E+00  6.628E-01
3.528562E+00  6.335E-01
3.530134E+00  6.248E-01
3.531159E+00  6.325E-01
3.532167E+00  6.554E-01
3.532664E+00  6.750E-01
3.533157E+00  7.022E-01
3.533645E+00  7.396E-01
3.534129E+00  7.908E-01
3.534609E+00  8.615E-01
3.535085E+00  9.596E-01
3.535557E+00  1.097E+00
3.536025E+00  1.290E+00
3.536489E+00  1.560E+00
3.536949E+00  1.931E+00
3.537405E+00  2.417E+00
3.537857E+00  2.975E+00
3.538305E+00  3.420E+00
3.538750E+00  3.503E+00
3.539191E+00  3.216E+00
3.539628E+00  2.792E+00
3.540061E+00  2.405E+00
3.540491E+00  2.104E+00
3.540918E+00  1.885E+00
3.541340E+00  1.727E+00
3.541760E+00  1.615E+00
3.542176E+00  1.537E+00
3.542588E+00  1.486E+00
3.542997E+00  1.470E+00
3.543403E+00  4.408E+02
3.543805E+00  1.522E+00
3.544204E+00  1.482E+00
3.544600E+00  1.493E+00
3.544993E+00  1.521E+00
3.545769E+00  1.621E+00
3.546152E+00  1.692E+00
3.546533E+00  1.781E+00
3.546910E+00  1.890E+00
3.547284E+00  2.025E+00
3.547656E+00  2.193E+00
3.548024E+00  2.406E+00
3.548389E+00  2.679E+00
3.548752E+00  3.042E+00
3.549112E+00  3.539E+00
3.549469E+00  4.249E+00
3.549823E+00  5.305E+00
3.550174E+00  6.912E+00
3.550869E+00  1.150E+01
3.551212E+00  1.198E+01
3.551553E+00  1.074E+01
3.551891E+00  9.823E+00
3.552226E+00  1.015E+01
3.552559E+00  1.221E+01
3.552890E+00  1.751E+01
3.553217E+00  3.116E+01
3.553543E+00  6.161E+01
3.553866E+00  5.748E+01
3.554186E+00  3.128E+01
3.554504E+00  2.572E+01
3.554820E+00  1.258E+02
3.555133E+00  4.618E+01
3.555444E+00  2.408E+01
3.555753E+00  2.306E+01
3.556059E+00  2.339E+01
3.556363E+00  2.262E+01
3.556665E+00  2.027E+01
3.557262E+00  1.385E+01
3.557557E+00  1.115E+01
3.557850E+00  9.094E+00
3.558141E+00  7.681E+00
3.558430E+00  7.109E+00
3.558717E+00  1.038E+01
3.559001E+00  7.188E+00
3.559284E+00  2.422E+00
3.559564E+00  2.112E+00
3.559843E+00  1.865E+00
3.560119E+00  1.645E+00
3.560394E+00  1.453E+00
3.560666E+00  1.286E+00
3.560937E+00  1.141E+00
3.561206E+00  1.014E+00
3.561473E+00  9.016E-01
3.562000E+00  7.047E-01
3.562778E+00  4.300E-01
3.563034E+00  3.863E-01
3.563288E+00  1.778E+00
3.563540E+00  6.232E+01
3.563791E+00  2.813E+00
3.564039E+00  1.562E+00
3.564286E+00  1.195E+00
3.564531E+00  1.024E+00
3.564775E+00  9.279E-01
3.565017E+00  8.689E-01
3.565257E+00  8.321E-01
3.565496E+00  8.108E-01
3.565733E+00  8.013E-01
3.565968E+00  8.019E-01
3.566202E+00  8.119E-01
3.566434E+00  8.313E-01
3.566664E+00  8.606E-01
3.566893E+00  9.009E-01
3.567121E+00  9.538E-01
3.567347E+00  1.022E+00
3.567571E+00  1.108E+00
3.567794E+00  1.216E+00
3.568016E+00  1.352E+00
3.568236E+00  1.522E+00
3.568454E+00  1.733E+00
3.568671E+00  1.995E+00
3.568887E+00  2.315E+00
3.569101E+00  2.698E+00
3.569314E+00  3.150E+00
3.569525E+00  3.669E+00
3.569735E+00  4.231E+00
3.569944E+00  4.728E+00
3.570151E+00  4.924E+00
3.570357E+00  4.636E+00
3.570562E+00  3.976E+00
3.570765E+00  3.227E+00
3.570967E+00  2.573E+00
3.571168E+00  2.063E+00
3.571367E+00  1.685E+00
3.571565E+00  1.411E+00
3.571762E+00  1.224E+00
3.571957E+00  1.123E+00
3.572152E+00  1.204E+00
3.572345E+00  3.986E+00
3.572537E+00  1.185E+00
3.572727E+00  5.564E-01
3.572917E+00  4.796E-01
3.573105E+00  4.403E-01
3.573292E+00  4.119E-01
3.573478E+00  3.896E-01
3.573662E+00  3.721E-01
3.574028E+00  3.488E-01
3.574390E+00  3.395E-01
3.574569E+00  3.401E-01
3.574747E+00  3.446E-01
3.574923E+00  3.534E-01
3.575099E+00  3.677E-01
3.575274E+00  3.887E-01
3.575447E+00  4.191E-01
3.575620E+00  4.626E-01
3.575791E+00  5.262E-01
3.575961E+00  6.223E-01
3.576131E+00  7.757E-01
3.576299E+00  1.042E+00
3.576466E+00  1.560E+00
3.576632E+00  2.734E+00
3.576798E+00  5.366E+00
3.576962E+00  5.571E+00
3.577125E+00  2.252E+00
3.577287E+00  9.324E-01
3.577449E+00  4.635E-01
3.577609E+00  2.565E-01
3.577768E+00  1.512E-01
3.577927E+00  9.356E-02
3.578084E+00  6.018E-02
3.578241E+00  4.013E-02
3.578396E+00  2.911E-02
3.578551E+00  3.046E-02
3.578705E+00  8.866E-02
3.578858E+00  2.478E+02
3.579010E+00  1.406E+01
3.579161E+00  1.335E+00
3.579311E+00  5.107E-01
3.579460E+00  1.030E+00
3.579609E+00  4.048E+01
3.579756E+00  2.956E+00
3.579903E+00  1.364E+00
3.580049E+00  9.092E-01
3.580194E+00  6.651E-01
3.580338E+00  5.083E-01
3.580482E+00  4.066E-01
3.580624E+00  3.436E-01
3.580766E+00  3.098E-01
3.580907E+00  3.039E-01
3.581047E+00  3.405E-01
3.581186E+00  4.070E-01
3.581324E+00  1.950E-01
3.581462E+00  1.224E-01
3.581599E+00  1.155E-01
3.581735E+00  1.168E-01
3.582005E+00  1.228E-01
3.582139E+00  1.269E-01
3.582272E+00  1.324E-01
3.582404E+00  1.412E-01
3.582536E+00  1.641E-01
3.582667E+00  1.068E+00
3.582797E+00  1.661E-01
3.582926E+00  1.534E-01
3.583055E+00  1.598E-01
3.583183E+00  1.691E-01
3.583310E+00  1.802E-01
3.583437E+00  1.932E-01
3.583563E+00  2.082E-01
3.583688E+00  2.259E-01
3.583812E+00  2.467E-01
3.583936E+00  2.712E-01
3.584059E+00  3.005E-01
3.584182E+00  3.355E-01
3.584303E+00  3.777E-01
3.584425E+00  4.285E-01
3.584545E+00  4.899E-01
3.584665E+00  5.634E-01
3.584784E+00  6.504E-01
3.584902E+00  7.508E-01
3.585370E+00  1.195E+00
3.585485E+00  1.299E+00
3.585600E+00  1.417E+00
3.585828E+00  1.702E+00
3.585940E+00  1.779E+00
3.586053E+00  1.737E+00
3.586164E+00  1.673E+00
3.586276E+00  1.804E+03
3.586386E+00  9.919E-01
3.586496E+00  8.067E-01
3.586605E+00  6.761E-01
3.586714E+00  5.757E-01
3.586822E+00  4.980E-01
3.586930E+00  4.375E-01
3.587037E+00  3.900E-01
3.587143E+00  3.524E-01
3.587249E+00  3.225E-01
3.587355E+00  2.987E-01
3.587460E+00  2.797E-01
3.587564E+00  2.647E-01
3.587668E+00  2.531E-01
3.587771E+00  2.444E-01
3.587874E+00  2.384E-01
3.587976E+00  2.349E-01
3.588077E+00  2.338E-01
3.588178E+00  2.353E-01
3.588279E+00  2.397E-01
3.588379E+00  2.473E-01
3.588479E+00  2.590E-01
3.588578E+00  2.758E-01
3.588676E+00  2.998E-01
3.588774E+00  3.340E-01
3.588872E+00  3.839E-01
3.588969E+00  4.593E-01
3.589066E+00  5.803E-01
3.589162E+00  7.911E-01
3.589257E+00  1.204E+00
3.589352E+00  2.135E+00
3.589447E+00  4.061E+00
3.589541E+00  3.863E+00
3.589635E+00  1.873E+00
3.589728E+00  1.665E+00
3.589821E+00  4.274E+00
3.589913E+00  2.809E+01
3.590005E+00  2.325E+00
3.590096E+00  5.255E-01
3.590187E+00  5.617E-01
3.590278E+00  1.226E+02
3.590368E+00  6.518E-01
3.590457E+00  2.433E-01
3.590546E+00  1.517E-01
3.590635E+00  1.300E-01
3.590723E+00  2.247E-01
3.590811E+00  4.569E+00
3.590899E+00  1.429E+00
3.590986E+00  4.586E-01
3.591072E+00  3.062E-01
3.591158E+00  2.438E-01
3.591244E+00  1.985E-01
3.591329E+00  1.588E-01
3.591414E+00  1.274E-01
3.591499E+00  1.055E-01
3.591583E+00  9.177E-02
3.591666E+00  8.508E-02
3.591750E+00  8.877E-02
3.591832E+00  1.287E-01
3.591915E+00  2.948E-01
3.591997E+00  2.261E-01
3.592079E+00  1.448E-01
3.592160E+00  1.167E-01
3.592241E+00  1.050E-01
3.592321E+00  9.989E-02
3.592401E+00  9.799E-02
3.592481E+00  9.821E-02
3.592560E+00  1.003E-01
3.592639E+00  1.053E-01
3.592718E+00  1.224E-01
3.592796E+00  3.974E-01
3.592874E+00  1.358E-01
3.592952E+00  1.237E-01
3.593029E+00  1.274E-01
3.593106E+00  1.347E-01
3.593182E+00  1.442E-01
3.593258E+00  1.558E-01
3.593334E+00  1.698E-01
3.593409E+00  1.868E-01
3.593484E+00  2.072E-01
3.593559E+00  2.321E-01
3.593633E+00  2.625E-01
3.593707E+00  2.996E-01
3.593781E+00  3.451E-01
3.593854E+00  4.007E-01
3.593927E+00  4.678E-01
3.593999E+00  5.467E-01
3.594215E+00  8.138E-01
3.594287E+00  8.808E-01
3.594358E+00  9.236E-01
3.594499E+00  9.742E-01
3.594568E+00  1.020E+00
3.594638E+00  1.100E+00
3.594777E+00  1.301E+00
3.594845E+00  1.345E+00
3.594914E+00  1.702E+00
3.594982E+00  1.011E+00
3.595050E+00  8.465E-01
3.595117E+00  7.177E-01
3.595184E+00  6.120E-01
3.595251E+00  5.287E-01
3.595318E+00  4.638E-01
3.595384E+00  4.134E-01
3.595450E+00  3.741E-01
3.595516E+00  3.433E-01
3.595581E+00  3.192E-01
3.595646E+00  3.005E-01
3.595711E+00  2.862E-01
3.595776E+00  2.757E-01
3.595840E+00  2.686E-01
3.595904E+00  2.645E-01
3.595968E+00  2.635E-01
3.596031E+00  2.656E-01
3.596094E+00  2.712E-01
3.596157E+00  2.808E-01
3.596220E+00  2.954E-01
3.596282E+00  3.166E-01
3.596344E+00  3.470E-01
3.596406E+00  3.909E-01
3.596467E+00  4.566E-01
3.596529E+00  5.606E-01
3.596590E+00  7.421E-01
3.596650E+00  1.120E+00
3.596711E+00  2.268E+00
3.596771E+00  1.229E+01
3.596831E+00  7.041E+00
3.596891E+00  4.541E+00
3.596950E+00  4.622E+00
3.597009E+00  2.268E+00
3.597068E+00  1.028E+00
3.597127E+00  9.674E-01
3.597185E+00  2.768E+00
3.597243E+00  4.777E-01
3.597301E+00  2.727E-01
3.597359E+00  1.888E-01
3.597416E+00  1.373E-01
3.597473E+00  1.038E-01
3.597530E+00  8.179E-02
3.597587E+00  6.652E-02
3.597643E+00  5.538E-02
3.597700E+00  4.730E-02
3.597756E+00  4.341E-02
3.597811E+00  5.387E-02
3.597867E+00  1.727E-01
3.597922E+00  8.359E+00
3.597977E+00  1.019E+00
3.598032E+00  3.375E-01
3.598086E+00  2.051E-01
3.598141E+00  1.478E-01
3.598195E+00  1.172E-01
3.598249E+00  1.023E-01
3.598302E+00  9.804E-02
3.598356E+00  1.035E-01
3.598409E+00  1.244E-01
3.598462E+00  1.876E-01
3.598515E+00  4.146E-01
3.598567E+00  7.520E-01
3.598620E+00  3.468E-01
3.598672E+00  1.832E-01
3.598724E+00  1.307E-01
3.598776E+00  1.094E-01
3.598827E+00  9.968E-02
3.598878E+00  9.549E-02
3.598929E+00  9.468E-02
3.598980E+00  9.681E-02
3.599031E+00  1.033E-01
3.599081E+00  1.226E-01
3.599132E+00  2.389E-01
3.599182E+00  3.596E-01
3.599231E+00  1.480E-01
3.599281E+00  1.294E-01
3.599330E+00  1.309E-01
3.599380E+00  1.384E-01
3.599429E+00  1.497E-01
3.599478E+00  1.646E-01
3.599526E+00  1.833E-01
3.599575E+00  2.070E-01
3.599623E+00  2.366E-01
3.599671E+00  2.737E-01
3.599719E+00  3.201E-01
3.599766E+00  3.773E-01
3.599814E+00  4.460E-01
3.599908E+00  6.062E-01
3.599955E+00  6.794E-01
3.600002E+00  7.306E-01
3.600048E+00  7.528E-01
3.600141E+00  7.443E-01
3.600187E+00  7.483E-01
3.600233E+00  7.785E-01
3.600278E+00  8.422E-01
3.600369E+00  1.023E+00
3.600414E+00  1.074E+00
3.600459E+00  1.156E+00
3.600504E+00  8.857E-01
3.600548E+00  7.242E-01
3.600593E+00  6.237E-01
3.600637E+00  5.387E-01
3.600681E+00  4.711E-01
3.600725E+00  4.185E-01
3.600769E+00  3.780E-01
3.600812E+00  3.470E-01
3.600855E+00  3.235E-01
3.600899E+00  3.060E-01
3.600942E+00  2.935E-01
3.600985E+00  2.854E-01
3.601027E+00  2.813E-01
3.601070E+00  2.813E-01
3.601112E+00  2.855E-01
3.601154E+00  2.947E-01
3.601196E+00  3.102E-01
3.601238E+00  3.342E-01
3.601280E+00  3.709E-01
3.601321E+00  4.283E-01
3.601363E+00  5.237E-01
3.601404E+00  7.006E-01
3.601445E+00  1.098E+00
3.601486E+00  2.363E+00
3.601527E+00  8.325E+00
3.601568E+00  4.588E+00
3.601608E+00  1.704E+00
3.601648E+00  1.413E+00
3.601688E+00  1.907E+00
3.601728E+00  3.382E+00
3.601768E+00  5.183E+00
3.601808E+00  3.592E+00
3.601848E+00  2.094E+00
3.601887E+00  1.886E+01
3.601926E+00  3.726E-01
3.601965E+00  2.333E-01
3.602004E+00  1.697E-01
3.602043E+00  1.305E-01
3.602082E+00  1.051E-01
3.602120E+00  8.755E-02
3.602159E+00  7.342E-02
3.602197E+00  6.167E-02
3.602235E+00  5.222E-02
3.602273E+00  4.450E-02
3.602311E+00  3.792E-02
3.602349E+00  3.229E-02
3.602386E+00  2.852E-02
3.602424E+00  3.257E-02
3.602461E+00  8.966E-02
3.602498E+00  1.421E+00
3.602535E+00  1.831E+00
3.602572E+00  3.778E-01
3.602609E+00  2.038E-01
3.602645E+00  1.452E-01
3.602682E+00  1.217E-01
3.602718E+00  1.144E-01
3.602754E+00  1.174E-01
3.602790E+00  1.324E-01
3.602826E+00  1.718E-01
3.602862E+00  2.858E-01
3.602897E+00  6.617E-01
3.602933E+00  7.235E-01
3.602968E+00  2.962E-01
3.603004E+00  1.651E-01
3.603039E+00  1.210E-01
3.603074E+00  1.026E-01
3.603109E+00  9.432E-02
3.603144E+00  9.099E-02
3.603178E+00  9.089E-02
3.603213E+00  9.393E-02
3.603247E+00  1.022E-01
3.603281E+00  1.273E-01
3.603316E+00  2.695E-01
3.603350E+00  3.515E-01
3.603383E+00  1.567E-01
3.603417E+00  1.330E-01
3.603451E+00  1.331E-01
3.603484E+00  1.408E-01
3.603518E+00  1.533E-01
3.603551E+00  1.704E-01
3.603584E+00  1.926E-01
3.603617E+00  2.211E-01
3.603650E+00  2.576E-01
3.603683E+00  3.036E-01
3.603716E+00  3.605E-01
3.603749E+00  4.280E-01
3.603813E+00  5.716E-01
3.603846E+00  6.234E-01
3.603878E+00  6.464E-01
3.603910E+00  6.419E-01
3.603974E+00  6.074E-01
3.604005E+00  6.082E-01
3.604037E+00  6.351E-01
3.604068E+00  6.924E-01
3.604131E+00  8.602E-01
3.604162E+00  9.142E-01
3.604193E+00  9.488E-01
3.604224E+00  1.314E+00
3.604255E+00  6.407E-01
3.604286E+00  5.577E-01
3.604316E+00  4.857E-01
3.604347E+00  4.278E-01
3.604377E+00  3.830E-01
3.604408E+00  3.489E-01
3.604438E+00  3.234E-01
3.604468E+00  3.048E-01
3.604498E+00  2.919E-01
3.604528E+00  2.841E-01
3.604558E+00  2.809E-01
3.604587E+00  2.826E-01
3.604617E+00  2.897E-01
3.604646E+00  3.034E-01
3.604676E+00  3.260E-01
3.604705E+00  3.620E-01
3.604734E+00  4.201E-01
3.604763E+00  5.194E-01
3.604792E+00  7.085E-01
3.604821E+00  1.138E+00
3.604850E+00  2.408E+00
3.604879E+00  5.488E+00
3.604907E+00  2.966E+00
3.604936E+00  1.289E+00
3.604964E+00  9.203E-01
3.604992E+00  9.613E-01
3.605021E+00  1.322E+00
3.605049E+00  2.279E+00
3.605077E+00  4.309E+00
3.605105E+00  4.758E+00
3.605133E+00  2.743E+00
3.605160E+00  2.312E+00
3.605188E+00  6.382E-01
3.605216E+00  2.039E-01
3.605243E+00  1.603E-01
3.605270E+00  1.258E-01
3.605298E+00  1.010E-01
3.605325E+00  8.333E-02
3.605352E+00  7.064E-02
3.605379E+00  6.111E-02
3.605406E+00  5.317E-02
3.605433E+00  4.620E-02
3.605459E+00  4.006E-02
3.605486E+00  3.450E-02
3.605539E+00  2.455E-02
3.605566E+00  2.159E-02
3.605592E+00  2.833E-02
3.605618E+00  1.109E-01
3.605644E+00  3.437E+00
3.605670E+00  1.160E+00
3.605696E+00  3.192E-01
3.605722E+00  1.867E-01
3.605748E+00  1.442E-01
3.605774E+00  1.299E-01
3.605799E+00  1.287E-01
3.605825E+00  1.383E-01
3.605850E+00  1.654E-01
3.605876E+00  2.369E-01
3.605901E+00  4.591E-01
3.605926E+00  8.974E-01
3.605951E+00  4.550E-01
3.605976E+00  2.072E-01
3.606001E+00  1.338E-01
3.606026E+00  1.063E-01
3.606051E+00  9.433E-02
3.606076E+00  8.913E-02
3.606100E+00  8.770E-02
3.606125E+00  8.924E-02
3.606150E+00  9.455E-02
3.606174E+00  1.085E-01
3.606198E+00  1.593E-01
3.606223E+00  4.320E-01
3.606247E+00  2.225E-01
3.606271E+00  1.444E-01
3.606295E+00  1.337E-01
3.606319E+00  1.376E-01
3.606343E+00  1.481E-01
3.606366E+00  1.639E-01
3.606390E+00  1.852E-01
3.606414E+00  2.131E-01
3.606437E+00  2.492E-01
3.606461E+00  2.952E-01
3.606484E+00  3.518E-01
3.606508E+00  4.174E-01
3.606531E+00  4.855E-01
3.606554E+00  5.433E-01
3.606577E+00  5.768E-01
3.606600E+00  5.802E-01
3.606623E+00  5.617E-01
3.606646E+00  5.368E-01
3.606669E+00  5.200E-01
3.606692E+00  5.215E-01
3.606715E+00  5.476E-01
3.606737E+00  6.011E-01
3.606760E+00  6.779E-01
3.606782E+00  7.596E-01
3.606805E+00  8.154E-01
3.606827E+00  8.421E-01
3.606849E+00  1.153E+02
3.606872E+00  5.855E-01
3.606894E+00  5.134E-01
3.606916E+00  4.495E-01
3.606938E+00  3.978E-01
3.606960E+00  3.579E-01
3.606982E+00  3.278E-01
3.607003E+00  3.057E-01
3.607025E+00  2.902E-01
3.607047E+00  2.804E-01
3.607068E+00  2.758E-01
3.607090E+00  2.764E-01
3.607111E+00  2.827E-01
3.607133E+00  2.960E-01
3.607154E+00  3.188E-01
3.607175E+00  3.559E-01
3.607197E+00  4.173E-01
3.607218E+00  5.247E-01
3.607239E+00  7.340E-01
3.607260E+00  1.214E+00
3.607281E+00  2.491E+00
3.607302E+00  3.821E+00
3.607323E+00  1.946E+00
3.607343E+00  9.929E-01
3.607364E+00  7.301E-01
3.607385E+00  7.246E-01
3.607405E+00  9.058E-01
3.607426E+00  1.388E+00
3.607446E+00  2.570E+00
3.607467E+00  4.612E+00
3.607487E+00  3.931E+00
3.607507E+00  2.191E+00
3.607527E+00  2.370E+00
3.607547E+00  2.445E-01
3.607568E+00  1.640E-01
3.607588E+00  1.348E-01
3.607605E+00  1.117E-01
3.609319E+00  7.176E-01
3.612684E+00  6.227E-01
3.615965E+00  5.476E-01
3.619287E+00  4.850E-01
3.624262E+00  4.097E-01
3.629047E+00  3.532E-01
3.633651E+00  3.101E-01
3.638084E+00  2.772E-01
3.643742E+00  2.447E-01
3.650434E+00  2.162E-01
3.657951E+00  1.929E-01
3.667184E+00  1.723E-01
3.674599E+00  1.598E-01
3.676613E+00  1.589E-01
3.677603E+00  1.602E-01
3.678583E+00  1.635E-01
3.679552E+00  1.689E-01
3.682396E+00  1.910E-01
3.683324E+00  1.957E-01
3.685150E+00  1.993E-01
3.692905E+00  1.985E-01
3.697686E+00  2.041E-01
3.702185E+00  2.157E-01
3.705735E+00  2.308E-01
3.709115E+00  2.527E-01
3.711704E+00  2.775E-01
3.713583E+00  3.022E-01
3.715409E+00  3.346E-01
3.717185E+00  3.785E-01
3.718342E+00  4.170E-01
3.719477E+00  4.665E-01
3.720038E+00  4.968E-01
3.720593E+00  5.319E-01
3.721143E+00  5.729E-01
3.721688E+00  6.212E-01
3.722228E+00  6.790E-01
3.722764E+00  7.489E-01
3.723294E+00  8.348E-01
3.723820E+00  9.418E-01
3.724341E+00  1.078E+00
3.724858E+00  1.255E+00
3.725370E+00  1.489E+00
3.725878E+00  1.807E+00
3.726381E+00  2.251E+00
3.726880E+00  2.881E+00
3.727374E+00  3.784E+00
3.727864E+00  5.048E+00
3.728350E+00  6.645E+00
3.728832E+00  8.052E+00
3.729309E+00  8.154E+00
3.730252E+00  5.809E+00
3.730718E+00  5.702E+00
3.731179E+00  1.693E+01
3.731637E+00  2.142E+01
3.732090E+00  5.765E+00
3.732540E+00  4.277E+00
3.732986E+00  3.958E+00
3.733428E+00  4.041E+00
3.733867E+00  4.565E+00
3.734302E+00  5.516E+00
3.734733E+00  5.852E+00
3.735161E+00  6.852E+00
3.735585E+00  8.014E+00
3.736006E+00  8.997E+00
3.736423E+00  9.324E+00
3.736837E+00  8.733E+00
3.737247E+00  7.481E+00
3.737654E+00  6.064E+00
3.738058E+00  4.811E+00
3.738458E+00  3.822E+00
3.738855E+00  3.077E+00
3.739249E+00  2.524E+00
3.739640E+00  2.113E+00
3.740028E+00  1.805E+00
3.740412E+00  1.572E+00
3.740794E+00  1.395E+00
3.741172E+00  1.259E+00
3.741548E+00  1.156E+00
3.741920E+00  1.077E+00
3.742290E+00  1.018E+00
3.742657E+00  9.764E-01
3.743020E+00  9.491E-01
3.743381E+00  9.349E-01
3.743739E+00  9.327E-01
3.744095E+00  9.418E-01
3.744797E+00  9.876E-01
3.745830E+00  1.071E+00
3.746506E+00  1.101E+00
3.747171E+00  1.100E+00
3.747826E+00  1.098E+00
3.748150E+00  1.127E+00
3.748471E+00  1.191E+00
3.748790E+00  1.303E+00
3.749107E+00  1.488E+00
3.749421E+00  1.816E+00
3.749733E+00  2.534E+00
3.750043E+00  4.963E+00
3.750350E+00  2.908E+01
3.750655E+00  2.118E+01
3.750958E+00  5.452E+00
3.751258E+00  3.616E+00
3.751557E+00  3.223E+00
3.751853E+00  3.203E+00
3.752147E+00  3.324E+00
3.753016E+00  3.897E+00
3.753301E+00  4.046E+00
3.753585E+00  4.133E+00
3.753866E+00  4.144E+00
3.754145E+00  4.074E+00
3.754423E+00  3.931E+00
3.754971E+00  3.520E+00
3.755243E+00  3.425E+00
3.755512E+00  5.741E+00
3.755780E+00  6.159E+00
3.756046E+00  3.261E+00
3.756309E+00  2.659E+00
3.756571E+00  2.325E+00
3.756831E+00  2.079E+00
3.757090E+00  1.879E+00
3.757346E+00  1.709E+00
3.757601E+00  1.564E+00
3.757854E+00  1.437E+00
3.758354E+00  1.229E+00
3.758848E+00  1.068E+00
3.759335E+00  9.415E-01
3.759815E+00  8.418E-01
3.760289E+00  7.632E-01
3.760756E+00  7.018E-01
3.761445E+00  6.368E-01
3.761897E+00  6.104E-01
3.762342E+00  5.984E-01
3.762782E+00  6.036E-01
3.763216E+00  6.273E-01
3.763644E+00  6.639E-01
3.763856E+00  6.903E-01
3.764067E+00  7.343E-01
3.764276E+00  8.151E-01
3.764484E+00  9.752E-01
3.764691E+00  1.353E+00
3.764896E+00  2.780E+00
3.765100E+00  7.081E+00
3.765302E+00  6.581E+00
3.765503E+00  1.010E+01
3.765703E+00  2.549E+00
3.765902E+00  1.416E+00
3.766099E+00  1.165E+00
3.766295E+00  1.197E+00
3.766490E+00  1.493E+00
3.766684E+00  1.026E+00
3.766876E+00  9.541E-01
3.767067E+00  8.954E-01
3.767257E+00  8.155E-01
3.767633E+00  6.280E-01
3.767820E+00  5.437E-01
3.768005E+00  4.733E-01
3.768189E+00  4.170E-01
3.768372E+00  3.730E-01
3.768554E+00  3.392E-01
3.768734E+00  3.135E-01
3.768914E+00  2.943E-01
3.769092E+00  2.804E-01
3.769269E+00  2.710E-01
3.769446E+00  2.655E-01
3.769621E+00  2.638E-01
3.769795E+00  2.660E-01
3.769968E+00  2.728E-01
3.770139E+00  2.854E-01
3.770310E+00  3.060E-01
3.770480E+00  3.390E-01
3.770649E+00  3.927E-01
3.770817E+00  4.857E-01
3.770983E+00  6.638E-01
3.771149E+00  1.067E+00
3.771314E+00  2.281E+00
3.771477E+00  7.900E+00
3.771640E+00  1.099E+01
3.771802E+00  3.752E+00
3.771963E+00  5.120E+01
3.772122E+00  1.342E+00
3.772281E+00  7.890E-01
3.772439E+00  6.151E-01
3.772596E+00  5.315E-01
3.772752E+00  4.839E-01
3.772907E+00  4.531E-01
3.773819E+00  3.293E-01
3.773968E+00  3.130E-01
3.774116E+00  3.050E-01
3.774263E+00  3.171E-01
3.774409E+00  3.954E-01
3.774554E+00  8.715E-01
3.774699E+00  1.943E+00
3.774843E+00  6.346E-01
3.774986E+00  4.202E-01
3.775128E+00  4.061E-01
3.775269E+00  4.878E-01
3.775410E+00  6.735E-01
3.775549E+00  9.807E-01
3.775688E+00  2.562E+00
3.775826E+00  1.792E+00
3.775963E+00  1.241E+00
3.776100E+00  1.101E+00
3.776236E+00  1.001E+00
3.776505E+00  8.362E-01
3.776903E+00  6.223E-01
3.777164E+00  4.879E-01
3.777294E+00  4.136E-01
3.777423E+00  3.186E-01
3.777552E+00  1.823E-01
3.777679E+00  1.973E+00
3.777806E+00  8.898E-01
3.777932E+00  6.421E-01
3.778058E+00  5.450E-01
3.778182E+00  4.899E-01
3.778307E+00  4.530E-01
3.778430E+00  4.261E-01
3.778553E+00  4.057E-01
3.778796E+00  3.775E-01
3.779037E+00  3.616E-01
3.779275E+00  3.559E-01
3.779511E+00  3.615E-01
3.779628E+00  3.698E-01
3.779744E+00  3.836E-01
3.779860E+00  4.051E-01
3.779975E+00  4.389E-01
3.780089E+00  4.942E-01
3.780203E+00  5.915E-01
3.780316E+00  7.807E-01
3.780429E+00  1.170E+00
3.780541E+00  1.723E+00
3.780652E+00  1.568E+00
3.780763E+00  1.025E+00
3.780873E+00  7.177E-01
3.780983E+00  5.606E-01
3.781092E+00  4.689E-01
3.781200E+00  4.085E-01
3.781308E+00  3.664E-01
3.781415E+00  3.370E-01
3.781522E+00  3.185E-01
3.781628E+00  3.113E-01
3.781734E+00  3.202E-01
3.781839E+00  3.697E-01
3.781944E+00  7.144E-01
3.782048E+00  3.662E-01
3.782151E+00  1.822E-01
3.782254E+00  2.058E-01
3.782357E+00  2.791E-01
3.782458E+00  6.043E-01
3.782560E+00  3.056E+01
3.782661E+00  6.856E-01
3.782761E+00  4.711E-01
3.782861E+00  6.374E-01
3.782960E+00  8.214E-01
3.783059E+00  7.448E-01
3.783157E+00  5.815E-01
3.783255E+00  4.891E-01
3.783352E+00  4.673E-01
3.783449E+00  5.058E-01
3.783545E+00  5.882E-01
3.783641E+00  5.646E-01
3.783737E+00  3.448E-01
3.783832E+00  2.034E-01
3.783926E+00  1.529E-01
3.784020E+00  1.380E-01
3.784113E+00  1.369E-01
3.784206E+00  1.426E-01
3.784299E+00  1.535E-01
3.784391E+00  1.704E-01
3.784482E+00  1.969E-01
3.784574E+00  2.417E-01
3.784664E+00  3.285E-01
3.784755E+00  5.370E-01
3.784844E+00  1.265E+00
3.784934E+00  6.539E+00
3.785023E+00  8.030E+00
3.785111E+00  1.871E+00
3.785199E+00  9.181E-01
3.785287E+00  6.190E-01
3.785374E+00  4.835E-01
3.785461E+00  4.062E-01
3.785547E+00  3.537E-01
3.785633E+00  3.136E-01
3.785718E+00  2.814E-01
3.785804E+00  2.562E-01
3.785888E+00  2.397E-01
3.785973E+00  2.479E-01
3.786056E+00  3.798E-01
3.786140E+00  2.670E-01
3.786223E+00  2.604E-01
3.786306E+00  2.844E-01
3.786388E+00  3.269E-01
3.786470E+00  3.815E-01
3.786713E+00  5.524E-01
3.786793E+00  6.162E-01
3.786873E+00  7.138E-01
3.786953E+00  9.968E-01
3.787032E+00  4.698E+00
3.787111E+00  1.525E+00
3.787189E+00  1.099E+00
3.787267E+00  1.056E+00
3.787345E+00  1.049E+00
3.787422E+00  1.026E+00
3.787499E+00  9.777E-01
3.787576E+00  9.080E-01
3.787803E+00  6.695E-01
3.787879E+00  6.019E-01
3.787953E+00  5.438E-01
3.788028E+00  4.948E-01
3.788102E+00  4.537E-01
3.788176E+00  4.193E-01
3.788249E+00  3.906E-01
3.788395E+00  3.433E-01
3.788468E+00  3.121E-01
3.788540E+00  3.241E-01
3.788612E+00  3.263E-01
3.788683E+00  3.166E-01
3.788754E+00  3.110E-01
3.788895E+00  3.092E-01
3.788966E+00  3.130E-01
3.789035E+00  3.206E-01
3.789105E+00  3.331E-01
3.789174E+00  3.525E-01
3.789243E+00  3.825E-01
3.789312E+00  4.306E-01
3.789380E+00  5.135E-01
3.789448E+00  6.703E-01
3.789516E+00  9.671E-01
3.789583E+00  1.271E+00
3.789650E+00  1.070E+00
3.789717E+00  7.302E-01
3.789783E+00  5.359E-01
3.789849E+00  4.338E-01
3.789915E+00  3.784E-01
3.789981E+00  3.524E-01
3.790046E+00  3.556E-01
3.790111E+00  4.222E-01
3.790176E+00  9.419E-01
3.790240E+00  2.233E+00
3.790304E+00  2.481E-01
3.790368E+00  1.822E-01
3.790432E+00  1.689E-01
3.790495E+00  1.605E-01
3.790558E+00  1.294E-01
3.790621E+00  1.370E-01
3.790683E+00  1.375E-01
3.790746E+00  1.478E-01
3.790807E+00  1.716E-01
3.790869E+00  2.111E-01
3.790931E+00  2.729E-01
3.790992E+00  3.715E-01
3.791052E+00  5.200E-01
3.791113E+00  6.790E-01
3.791173E+00  7.412E-01
3.791233E+00  7.211E-01
3.791293E+00  7.124E-01
3.791353E+00  6.792E-01
3.791471E+00  2.930E-01
3.791530E+00  2.239E-01
3.791588E+00  2.264E-01
3.791647E+00  2.777E-01
3.791705E+00  4.045E-01
3.791763E+00  7.468E-01
3.791820E+00  2.160E+00
3.791877E+00  1.400E+01
3.791934E+00  3.921E+00
3.791991E+00  1.121E+00
3.792048E+00  5.803E-01
3.792104E+00  3.977E-01
3.792160E+00  3.181E-01
3.792216E+00  2.783E-01
3.792272E+00  2.563E-01
3.792327E+00  2.426E-01
3.792437E+00  2.250E-01
3.792655E+00  1.968E-01
3.792762E+00  1.794E-01
3.792815E+00  1.729E-01
3.792868E+00  1.770E-01
3.792921E+00  1.946E-01
3.792974E+00  1.873E-01
3.793026E+00  2.002E-01
3.793079E+00  2.228E-01
3.793183E+00  2.813E-01
3.793234E+00  3.131E-01
3.793286E+00  3.524E-01
3.793337E+00  4.190E-01
3.793388E+00  6.005E-01
3.793438E+00  1.776E+00
3.793489E+00  2.792E+00
3.793539E+00  9.290E-01
3.793590E+00  7.287E-01
3.793639E+00  7.164E-01
3.793689E+00  7.494E-01
3.793739E+00  7.905E-01
3.793788E+00  8.193E-01
3.793837E+00  8.229E-01
3.793886E+00  7.978E-01
3.793935E+00  7.495E-01
3.794080E+00  5.625E-01
3.794128E+00  5.080E-01
3.794176E+00  4.612E-01
3.794223E+00  4.219E-01
3.794271E+00  3.892E-01
3.794318E+00  3.621E-01
3.794458E+00  2.997E-01
3.794505E+00  2.721E-01
3.794551E+00  2.945E-01
3.794643E+00  2.854E-01
3.794689E+00  2.848E-01
3.794734E+00  2.872E-01
3.794780E+00  2.929E-01
3.794825E+00  3.028E-01
3.794870E+00  3.184E-01
3.794915E+00  3.422E-01
3.794959E+00  3.800E-01
3.795004E+00  4.434E-01
3.795048E+00  5.594E-01
3.795092E+00  7.764E-01
3.795136E+00  1.048E+00
3.795180E+00  9.815E-01
3.795224E+00  6.947E-01
3.795267E+00  5.080E-01
3.795310E+00  4.131E-01
3.795354E+00  3.728E-01
3.795397E+00  3.922E-01
3.795439E+00  7.676E-01
3.795482E+00  7.654E-01
3.795524E+00  2.195E-01
3.795567E+00  1.922E-01
3.795609E+00  1.853E-01
3.795651E+00  1.824E-01
3.795693E+00  1.826E-01
3.795734E+00  1.932E-01
3.795776E+00  1.149E-01
3.795817E+00  1.307E-01
3.795858E+00  1.369E-01
3.795899E+00  1.507E-01
3.795940E+00  1.772E-01
3.795981E+00  2.171E-01
3.796021E+00  2.733E-01
3.796062E+00  3.523E-01
3.796102E+00  4.579E-01
3.796142E+00  5.705E-01
3.796182E+00  6.473E-01
3.796222E+00  6.939E-01
3.796262E+00  7.559E-01
3.796301E+00  7.483E-01
3.796340E+00  6.042E-01
3.796380E+00  8.451E-01
3.796419E+00  2.545E+00
3.796458E+00  1.012E+01
3.796496E+00  2.921E+00
3.796535E+00  9.985E-01
3.796573E+00  5.277E-01
3.796612E+00  3.524E-01
3.796650E+00  2.709E-01
3.796688E+00  2.283E-01
3.796726E+00  2.049E-01
3.796764E+00  1.920E-01
3.796801E+00  1.854E-01
3.796839E+00  1.827E-01
3.796987E+00  1.806E-01
3.797097E+00  1.736E-01
3.797170E+00  1.659E-01
3.797242E+00  1.562E-01
3.797278E+00  1.531E-01
3.797314E+00  1.601E-01
3.797349E+00  1.643E-01
3.797385E+00  1.727E-01
3.797420E+00  1.904E-01
3.797455E+00  2.157E-01
3.797491E+00  2.485E-01
3.797526E+00  2.964E-01
3.797560E+00  3.952E-01
3.797595E+00  7.457E-01
3.797630E+00  3.222E+00
3.797664E+00  1.715E+00
3.797698E+00  7.217E-01
3.797733E+00  5.458E-01
3.797767E+00  5.121E-01
3.797801E+00  5.256E-01
3.797835E+00  5.617E-01
3.797902E+00  6.564E-01
3.797936E+00  6.933E-01
3.797969E+00  7.091E-01
3.798002E+00  6.990E-01
3.798035E+00  6.659E-01
3.798101E+00  5.642E-01
3.798167E+00  4.637E-01
3.798199E+00  4.221E-01
3.798232E+00  3.869E-01
3.798264E+00  3.574E-01
3.798296E+00  3.328E-01
3.798360E+00  2.915E-01
3.798392E+00  2.597E-01
3.798424E+00  2.874E-01
3.798456E+00  2.777E-01
3.798487E+00  2.723E-01
3.798519E+00  2.700E-01
3.798550E+00  2.705E-01
3.798581E+00  2.741E-01
3.798612E+00  2.814E-01
3.798643E+00  2.933E-01
3.798674E+00  3.120E-01
3.798705E+00  3.414E-01
3.798736E+00  3.901E-01
3.798766E+00  4.768E-01
3.798797E+00  6.374E-01
3.798827E+00  8.725E-01
3.798857E+00  9.201E-01
3.798888E+00  6.936E-01
3.798918E+00  5.046E-01
3.798948E+00  4.054E-01
3.798977E+00  3.682E-01
3.799007E+00  4.313E-01
3.799037E+00  3.235E+00
3.799066E+00  2.409E-01
3.799096E+00  1.986E-01
3.799125E+00  1.901E-01
3.799154E+00  1.861E-01
3.799184E+00  1.843E-01
3.799213E+00  1.855E-01
3.799242E+00  1.984E-01
3.799270E+00  1.191E-01
3.799328E+00  1.368E-01
3.799356E+00  1.514E-01
3.799385E+00  1.785E-01
3.799413E+00  2.191E-01
3.799442E+00  2.744E-01
3.799470E+00  3.478E-01
3.799498E+00  4.398E-01
3.799526E+00  5.363E-01
3.799554E+00  6.148E-01
3.799581E+00  7.036E-01
3.799609E+00  9.125E-01
3.799637E+00  1.672E+00
3.799664E+00  5.599E+00
3.799692E+00  4.022E+00
3.799719E+00  1.442E+00
3.799746E+00  6.935E-01
3.799774E+00  4.218E-01
3.799801E+00  2.997E-01
3.799828E+00  2.368E-01
3.799854E+00  2.015E-01
3.799881E+00  1.808E-01
3.799908E+00  1.688E-01
3.799935E+00  1.621E-01
3.799961E+00  1.590E-01
3.799988E+00  1.583E-01
3.800093E+00  1.631E-01
3.800144E+00  1.615E-01
3.800247E+00  1.531E-01
3.800298E+00  1.479E-01
3.800324E+00  1.471E-01
3.800349E+00  1.520E-01
3.800374E+00  1.621E-01
3.800399E+00  1.775E-01
3.800424E+00  2.052E-01
3.800449E+00  2.514E-01
3.800474E+00  3.405E-01
3.800499E+00  5.989E-01
3.800524E+00  1.968E+00
3.800548E+00  2.563E+00
3.800573E+00  8.652E-01
3.800597E+00  5.353E-01
3.800622E+00  4.443E-01
3.800646E+00  4.210E-01
3.800670E+00  4.274E-01
3.800694E+00  4.515E-01
3.800718E+00  4.878E-01
3.800766E+00  5.773E-01
3.800790E+00  6.160E-01
3.800814E+00  6.388E-01
3.800838E+00  6.396E-01
3.800861E+00  6.185E-01
3.800885E+00  5.811E-01
3.800955E+00  4.441E-01
3.800978E+00  4.048E-01
3.801001E+00  3.712E-01
3.801048E+00  3.187E-01
3.801071E+00  2.976E-01
3.801093E+00  2.743E-01
3.801116E+00  2.954E-01
3.801139E+00  2.761E-01
3.801162E+00  2.665E-01
3.801184E+00  2.612E-01
3.801207E+00  2.588E-01
3.801229E+00  2.592E-01
3.801252E+00  2.626E-01
3.801274E+00  2.695E-01
3.801296E+00  2.810E-01
3.801318E+00  2.992E-01
3.801341E+00  3.284E-01
3.801363E+00  3.776E-01
3.801385E+00  4.660E-01
3.801407E+00  6.249E-01
3.801428E+00  8.212E-01
3.801450E+00  8.042E-01
3.801472E+00  6.015E-01
3.801494E+00  4.512E-01
3.801515E+00  3.761E-01
3.801537E+00  3.682E-01
3.801558E+00  8.043E-01
3.801579E+00  2.931E-01
3.801601E+00  2.025E-01
3.801622E+00  1.921E-01
3.801643E+00  1.873E-01
3.801664E+00  1.847E-01
3.801685E+00  1.842E-01
3.801706E+00  1.884E-01
3.801727E+00  2.134E-01
3.801748E+00  1.150E-01
3.801769E+00  1.299E-01
3.801790E+00  1.399E-01
3.801810E+00  1.588E-01
3.801831E+00  1.911E-01
3.801852E+00  2.378E-01
3.801872E+00  3.005E-01
3.801893E+00  3.819E-01
3.801913E+00  4.802E-01
3.801933E+00  5.865E-01
3.801953E+00  7.431E-01
3.801974E+00  1.298E+00
3.801994E+00  3.679E+00
3.802014E+00  3.358E+00
3.802034E+00  2.092E+00
3.802049E+00  1.207E+00
3.812029E+00  3.368E-01
3.862029E+00  1.409E-01
3.912029E+00  1.141E-01
3.962029E+00  1.036E-01
4.012029E+00  9.737E-02
4.112029E+00  9.168E-02
4.262029E+00  8.797E-02
4.562029E+00  8.259E-02
5.612029E+00  5.420E-02
5.962029E+00  4.683E-02
6.462029E+00  3.768E-02
6.762029E+00  3.349E-02
7.362029E+00  2.626E-02
7.662029E+00  2.367E-02
8.312029E+00  1.854E-02
8.612029E+00  1.689E-02
9.362029E+00  1.305E-02
9.612029E+00  1.218E-02
9.962029E+00  1.107E-02
1.047280E+01  9.686E-03
1.100975E+01  8.475E-03
1.157424E+01  7.415E-03
1.216766E+01  6.488E-03
1.279151E+01  5.676E-03
1.344735E+01  4.966E-03
1.413682E+01  4.345E-03
1.486163E+01  3.802E-03
1.562360E+01  3.327E-03
1.642464E+01  2.911E-03
1.726676E+01  2.547E-03
1.815205E+01  2.228E-03
1.908273E+01  1.950E-03
2.006112E+01  1.706E-03
2.108968E+01  1.492E-03
2.217097E+01  1.306E-03
2.330771E+01  1.143E-03
2.450273E+01  9.997E-04
2.575901E+01  8.747E-04
2.707971E+01  7.653E-04
2.846812E+01  6.696E-04
2.992772E+01  5.858E-04
3.146215E+01  5.126E-04
3.307526E+01  4.485E-04
3.477107E+01  3.924E-04
3.655383E+01  3.433E-04
3.842799E+01  3.004E-04
