# photon energy(Ry), cross section(Mb)
6.681763E-02  2.113E+01
6.881763E-02  2.010E+01
7.081763E-02  1.915E+01
7.281763E-02  1.826E+01
7.481763E-02  1.743E+01
7.681763E-02  1.666E+01
7.881763E-02  1.594E+01
8.081763E-02  1.526E+01
8.281763E-02  1.462E+01
8.481763E-02  1.402E+01
8.681763E-02  1.346E+01
8.881763E-02  1.293E+01
9.081763E-02  1.243E+01
9.281763E-02  1.196E+01
9.481763E-02  1.152E+01
9.681763E-02  1.110E+01
9.881763E-02  1.070E+01
1.008176E-01  1.032E+01
1.028176E-01  9.965E+00
1.048176E-01  9.625E+00
1.068176E-01  9.302E+00
1.088176E-01  8.996E+00
1.108176E-01  8.704E+00
1.128176E-01  8.426E+00
1.148176E-01  8.161E+00
1.168176E-01  7.908E+00
1.188176E-01  7.667E+00
1.208176E-01  7.437E+00
1.228176E-01  7.217E+00
1.248176E-01  7.007E+00
1.268176E-01  6.805E+00
1.288176E-01  6.613E+00
1.308176E-01  6.428E+00
1.328176E-01  6.251E+00
1.348176E-01  6.081E+00
1.368176E-01  5.918E+00
1.388176E-01  5.762E+00
1.408176E-01  5.612E+00
1.428176E-01  5.467E+00
1.448176E-01  5.328E+00
1.468176E-01  5.195E+00
1.488176E-01  5.066E+00
1.508176E-01  4.942E+00
1.528176E-01  4.823E+00
1.548176E-01  4.708E+00
1.568176E-01  4.596E+00
1.588176E-01  4.489E+00
1.608176E-01  4.386E+00
1.628176E-01  4.286E+00
1.648176E-01  4.189E+00
1.668176E-01  4.096E+00
1.688176E-01  4.006E+00
1.708176E-01  3.918E+00
1.728176E-01  3.834E+00
1.748176E-01  3.752E+00
1.768176E-01  3.673E+00
1.788176E-01  3.596E+00
1.808176E-01  3.521E+00
1.828176E-01  3.449E+00
1.848176E-01  3.379E+00
1.868176E-01  3.311E+00
1.888176E-01  3.245E+00
1.908176E-01  3.181E+00
1.928176E-01  3.119E+00
1.948176E-01  3.058E+00
1.968176E-01  3.000E+00
1.988176E-01  2.942E+00
2.008176E-01  2.887E+00
2.028176E-01  2.833E+00
2.048176E-01  2.780E+00
2.068176E-01  2.729E+00
2.088176E-01  2.679E+00
2.108176E-01  2.630E+00
2.128176E-01  2.583E+00
2.148176E-01  2.537E+00
2.168176E-01  2.492E+00
2.188176E-01  2.448E+00
2.208176E-01  2.406E+00
2.228176E-01  2.364E+00
2.248176E-01  2.324E+00
2.268176E-01  2.284E+00
2.288176E-01  2.245E+00
2.308176E-01  2.208E+00
2.328176E-01  2.171E+00
2.348176E-01  2.135E+00
2.368176E-01  2.100E+00
2.388176E-01  2.066E+00
2.408176E-01  2.032E+00
2.428176E-01  2.000E+00
2.448176E-01  1.968E+00
2.468176E-01  1.937E+00
2.488176E-01  1.906E+00
2.508176E-01  1.876E+00
2.528176E-01  1.847E+00
2.548176E-01  1.819E+00
2.568176E-01  1.791E+00
2.588176E-01  1.764E+00
2.608176E-01  1.737E+00
2.628176E-01  1.711E+00
2.648176E-01  1.686E+00
2.668176E-01  1.661E+00
2.688176E-01  1.637E+00
2.708176E-01  1.613E+00
2.728176E-01  1.590E+00
2.748176E-01  1.567E+00
2.768176E-01  1.545E+00
2.788176E-01  1.523E+00
2.808176E-01  1.501E+00
2.828176E-01  1.480E+00
2.848176E-01  1.460E+00
2.868176E-01  1.440E+00
2.888176E-01  1.420E+00
2.908176E-01  1.401E+00
2.928176E-01  1.382E+00
2.948176E-01  1.364E+00
2.968176E-01  1.346E+00
2.988176E-01  1.328E+00
3.008176E-01  1.311E+00
3.028176E-01  1.294E+00
3.048176E-01  1.277E+00
3.068176E-01  1.260E+00
3.088176E-01  1.244E+00
3.108176E-01  1.229E+00
3.128176E-01  1.213E+00
3.148176E-01  1.198E+00
3.168176E-01  1.183E+00
3.188176E-01  1.169E+00
3.208176E-01  1.154E+00
3.228176E-01  1.140E+00
3.248176E-01  1.127E+00
3.268176E-01  1.113E+00
3.288176E-01  1.100E+00
3.308176E-01  1.087E+00
3.328176E-01  1.074E+00
3.348176E-01  1.061E+00
3.368176E-01  1.049E+00
3.388176E-01  1.037E+00
3.408176E-01  1.025E+00
3.428176E-01  1.013E+00
3.448176E-01  1.002E+00
3.468176E-01  9.903E-01
3.488176E-01  9.791E-01
3.508176E-01  9.682E-01
3.528176E-01  9.574E-01
3.548176E-01  9.468E-01
3.568176E-01  9.363E-01
3.588176E-01  9.261E-01
3.608176E-01  9.160E-01
3.628176E-01  9.060E-01
3.648176E-01  8.962E-01
3.668176E-01  8.866E-01
3.688176E-01  8.771E-01
3.708176E-01  8.678E-01
3.728176E-01  8.585E-01
3.748176E-01  8.495E-01
3.768176E-01  8.405E-01
3.788176E-01  8.317E-01
3.808176E-01  8.231E-01
3.828176E-01  8.145E-01
3.848176E-01  8.061E-01
3.868176E-01  7.978E-01
3.888176E-01  7.896E-01
3.908176E-01  7.816E-01
3.928176E-01  7.736E-01
3.948176E-01  7.658E-01
3.968176E-01  7.580E-01
3.988176E-01  7.504E-01
4.008176E-01  7.429E-01
4.028176E-01  7.355E-01
4.048176E-01  7.281E-01
4.068176E-01  7.209E-01
4.088176E-01  7.138E-01
4.108176E-01  7.068E-01
4.128176E-01  6.998E-01
4.148176E-01  6.930E-01
4.168176E-01  6.862E-01
4.188176E-01  6.796E-01
4.208176E-01  6.730E-01
4.228176E-01  6.665E-01
4.248176E-01  6.601E-01
4.268176E-01  6.538E-01
4.288176E-01  6.475E-01
4.308176E-01  6.414E-01
4.328176E-01  6.353E-01
4.348176E-01  6.293E-01
4.368176E-01  6.234E-01
4.388176E-01  6.175E-01
4.408176E-01  6.117E-01
4.428176E-01  6.060E-01
4.448176E-01  6.004E-01
4.468176E-01  5.948E-01
4.488176E-01  5.894E-01
4.508176E-01  5.839E-01
4.528176E-01  5.786E-01
4.548176E-01  5.733E-01
4.568176E-01  5.681E-01
4.588176E-01  5.630E-01
4.608176E-01  5.579E-01
4.628176E-01  5.529E-01
4.648176E-01  5.479E-01
4.668176E-01  5.430E-01
4.688176E-01  5.382E-01
4.708176E-01  5.334E-01
4.728176E-01  5.287E-01
4.748176E-01  5.241E-01
4.768176E-01  5.195E-01
4.788176E-01  5.149E-01
4.808176E-01  5.105E-01
4.828176E-01  5.060E-01
4.848176E-01  5.017E-01
4.868176E-01  4.974E-01
4.888176E-01  4.931E-01
4.908176E-01  4.889E-01
4.928176E-01  4.848E-01
4.948176E-01  4.807E-01
4.968176E-01  4.766E-01
4.988176E-01  4.727E-01
5.008176E-01  4.687E-01
5.028176E-01  4.648E-01
5.048176E-01  4.610E-01
5.068176E-01  4.572E-01
5.088176E-01  4.534E-01
5.108176E-01  4.497E-01
5.128176E-01  4.461E-01
5.148176E-01  4.425E-01
5.168176E-01  4.389E-01
5.188176E-01  4.354E-01
5.208176E-01  4.319E-01
5.228176E-01  4.285E-01
5.248176E-01  4.251E-01
5.268176E-01  4.218E-01
5.288176E-01  4.185E-01
5.308176E-01  4.152E-01
5.328176E-01  4.120E-01
5.348176E-01  4.088E-01
5.368176E-01  4.056E-01
5.388176E-01  4.025E-01
5.408176E-01  3.994E-01
5.428176E-01  3.964E-01
5.448176E-01  3.934E-01
5.468176E-01  3.904E-01
5.488176E-01  3.875E-01
5.508176E-01  3.846E-01
5.528176E-01  3.818E-01
5.548176E-01  3.789E-01
5.568176E-01  3.761E-01
5.588176E-01  3.734E-01
5.608176E-01  3.706E-01
5.628176E-01  3.679E-01
5.648176E-01  3.653E-01
5.668176E-01  3.626E-01
5.688176E-01  3.600E-01
5.708176E-01  3.574E-01
5.728176E-01  3.549E-01
5.748176E-01  3.523E-01
5.768176E-01  3.498E-01
5.788176E-01  3.474E-01
5.808176E-01  3.449E-01
5.828176E-01  3.425E-01
5.848176E-01  3.401E-01
5.868176E-01  3.377E-01
5.888176E-01  3.354E-01
5.908176E-01  3.331E-01
5.928176E-01  3.308E-01
5.948176E-01  3.285E-01
5.968176E-01  3.263E-01
5.988176E-01  3.240E-01
6.008176E-01  3.218E-01
6.028176E-01  3.196E-01
6.048176E-01  3.175E-01
6.068176E-01  3.153E-01
6.088176E-01  3.132E-01
6.108176E-01  3.111E-01
6.128176E-01  3.090E-01
6.148176E-01  3.070E-01
6.168176E-01  3.049E-01
6.188176E-01  3.029E-01
6.208176E-01  3.009E-01
6.228176E-01  2.989E-01
6.248176E-01  2.969E-01
6.268176E-01  2.950E-01
6.288176E-01  2.930E-01
6.308176E-01  2.911E-01
6.328176E-01  2.892E-01
6.348176E-01  2.873E-01
6.368176E-01  2.855E-01
6.388176E-01  2.836E-01
6.408176E-01  2.818E-01
6.428176E-01  2.799E-01
6.448176E-01  2.781E-01
6.468176E-01  2.763E-01
6.488176E-01  2.746E-01
6.508176E-01  2.728E-01
6.528176E-01  2.710E-01
6.548176E-01  2.693E-01
6.568176E-01  2.676E-01
6.588176E-01  2.659E-01
6.608176E-01  2.642E-01
6.628176E-01  2.625E-01
6.648176E-01  2.608E-01
6.668176E-01  2.592E-01
6.688176E-01  2.576E-01
6.708176E-01  2.559E-01
6.728176E-01  2.543E-01
6.748176E-01  2.527E-01
6.768176E-01  2.511E-01
6.788176E-01  2.495E-01
6.808176E-01  2.480E-01
6.828176E-01  2.464E-01
6.848176E-01  2.449E-01
6.868176E-01  2.434E-01
6.888176E-01  2.418E-01
6.908176E-01  2.403E-01
6.928176E-01  2.388E-01
6.948176E-01  2.374E-01
6.968176E-01  2.359E-01
6.988176E-01  2.344E-01
7.008176E-01  2.330E-01
7.028176E-01  2.316E-01
7.048176E-01  2.301E-01
7.068176E-01  2.287E-01
7.088176E-01  2.273E-01
7.108176E-01  2.259E-01
7.128176E-01  2.245E-01
7.148176E-01  2.232E-01
7.168176E-01  2.218E-01
7.188176E-01  2.205E-01
7.208176E-01  2.191E-01
7.228176E-01  2.178E-01
7.248176E-01  2.165E-01
7.268176E-01  2.152E-01
7.288176E-01  2.139E-01
7.308176E-01  2.126E-01
7.328176E-01  2.113E-01
7.348176E-01  2.101E-01
7.368176E-01  2.088E-01
7.388176E-01  2.076E-01
7.408176E-01  2.063E-01
7.428176E-01  2.051E-01
7.448176E-01  2.039E-01
7.468176E-01  2.027E-01
7.488176E-01  2.015E-01
7.508176E-01  2.003E-01
7.528176E-01  1.992E-01
7.548176E-01  1.980E-01
7.568176E-01  1.968E-01
7.588176E-01  1.957E-01
7.608176E-01  1.946E-01
7.628176E-01  1.934E-01
7.648176E-01  1.923E-01
7.668176E-01  1.912E-01
7.688176E-01  1.901E-01
7.708176E-01  1.890E-01
7.728176E-01  1.879E-01
7.748176E-01  1.869E-01
7.768176E-01  1.858E-01
7.788176E-01  1.848E-01
7.808176E-01  1.837E-01
7.828176E-01  1.827E-01
7.848176E-01  1.817E-01
7.868176E-01  1.806E-01
7.888176E-01  1.796E-01
7.908176E-01  1.786E-01
7.928176E-01  1.776E-01
7.948176E-01  1.767E-01
7.968176E-01  1.757E-01
7.988176E-01  1.747E-01
8.008176E-01  1.738E-01
8.028176E-01  1.728E-01
8.048176E-01  1.719E-01
8.068176E-01  1.709E-01
8.088176E-01  1.700E-01
8.108176E-01  1.691E-01
8.128176E-01  1.682E-01
8.148176E-01  1.673E-01
8.168176E-01  1.664E-01
8.188176E-01  1.655E-01
8.208176E-01  1.646E-01
8.228176E-01  1.638E-01
8.248176E-01  1.629E-01
8.268176E-01  1.620E-01
8.288176E-01  1.612E-01
8.308176E-01  1.603E-01
8.328176E-01  1.595E-01
8.348176E-01  1.587E-01
8.368176E-01  1.579E-01
8.388176E-01  1.570E-01
8.408176E-01  1.562E-01
8.428176E-01  1.554E-01
8.448176E-01  1.546E-01
8.468176E-01  1.538E-01
8.488176E-01  1.531E-01
8.508176E-01  1.523E-01
8.528176E-01  1.515E-01
8.548176E-01  1.508E-01
8.568176E-01  1.500E-01
8.588176E-01  1.493E-01
8.608176E-01  1.485E-01
8.628176E-01  1.478E-01
8.648176E-01  1.470E-01
8.668176E-01  1.463E-01
8.688176E-01  1.456E-01
8.708176E-01  1.449E-01
8.728176E-01  1.442E-01
8.748176E-01  1.435E-01
8.768176E-01  1.428E-01
8.788176E-01  1.421E-01
8.808176E-01  1.414E-01
8.828176E-01  1.407E-01
8.848176E-01  1.400E-01
8.868176E-01  1.393E-01
8.888176E-01  1.387E-01
8.908176E-01  1.380E-01
8.928176E-01  1.373E-01
8.948176E-01  1.367E-01
8.968176E-01  1.360E-01
8.988176E-01  1.354E-01
9.008176E-01  1.347E-01
9.028176E-01  1.341E-01
9.048176E-01  1.335E-01
9.068176E-01  1.328E-01
9.088176E-01  1.322E-01
9.108176E-01  1.316E-01
9.128176E-01  1.310E-01
9.148176E-01  1.303E-01
9.168176E-01  1.297E-01
9.188176E-01  1.291E-01
9.208176E-01  1.285E-01
9.228176E-01  1.279E-01
9.248176E-01  1.273E-01
9.268176E-01  1.267E-01
9.288176E-01  1.262E-01
9.308176E-01  1.256E-01
9.328176E-01  1.250E-01
9.348176E-01  1.244E-01
9.368176E-01  1.238E-01
9.388176E-01  1.233E-01
9.408176E-01  1.227E-01
9.428176E-01  1.221E-01
9.448176E-01  1.216E-01
9.468176E-01  1.210E-01
9.488176E-01  1.205E-01
9.508176E-01  1.199E-01
9.528176E-01  1.194E-01
9.548176E-01  1.188E-01
9.568176E-01  1.183E-01
9.588176E-01  1.177E-01
9.608176E-01  1.172E-01
9.628176E-01  1.167E-01
9.648176E-01  1.161E-01
9.668176E-01  1.156E-01
9.688176E-01  1.151E-01
9.708176E-01  1.146E-01
9.728176E-01  1.141E-01
9.748176E-01  1.135E-01
9.768176E-01  1.130E-01
9.788176E-01  1.125E-01
9.808176E-01  1.120E-01
9.828176E-01  1.115E-01
9.848176E-01  1.110E-01
9.868176E-01  1.105E-01
9.888176E-01  1.100E-01
9.908176E-01  1.095E-01
9.928176E-01  1.090E-01
9.948176E-01  1.085E-01
9.968176E-01  1.080E-01
9.988176E-01  1.075E-01
1.000818E+00  1.071E-01
1.002818E+00  1.066E-01
1.004818E+00  1.061E-01
1.006818E+00  1.056E-01
1.008818E+00  1.052E-01
1.010818E+00  1.047E-01
1.012818E+00  1.042E-01
1.014818E+00  1.038E-01
1.016818E+00  1.033E-01
1.018818E+00  1.028E-01
1.020818E+00  1.024E-01
1.022818E+00  1.019E-01
1.024818E+00  1.015E-01
1.026818E+00  1.010E-01
1.028818E+00  1.006E-01
1.030818E+00  1.001E-01
1.032818E+00  9.967E-02
1.034818E+00  9.923E-02
1.036818E+00  9.879E-02
1.038818E+00  9.835E-02
1.040818E+00  9.792E-02
1.042818E+00  9.748E-02
1.044818E+00  9.705E-02
1.046818E+00  9.662E-02
1.048818E+00  9.620E-02
1.050818E+00  9.578E-02
1.052818E+00  9.535E-02
1.054818E+00  9.494E-02
1.056818E+00  9.452E-02
1.058818E+00  9.411E-02
1.060818E+00  9.369E-02
1.062818E+00  9.328E-02
1.064818E+00  9.288E-02
1.066818E+00  9.247E-02
1.068818E+00  9.207E-02
1.070818E+00  9.167E-02
1.072818E+00  9.127E-02
1.074818E+00  9.088E-02
1.076818E+00  9.048E-02
1.078818E+00  9.009E-02
1.080818E+00  8.970E-02
1.082818E+00  8.931E-02
1.084818E+00  8.893E-02
1.086818E+00  8.855E-02
1.088818E+00  8.817E-02
1.090818E+00  8.779E-02
1.092818E+00  8.741E-02
1.094818E+00  8.704E-02
1.096818E+00  8.667E-02
1.098818E+00  8.630E-02
1.100818E+00  8.593E-02
1.102818E+00  8.557E-02
1.104818E+00  8.521E-02
1.106818E+00  8.485E-02
1.108818E+00  8.449E-02
1.110818E+00  8.413E-02
1.112818E+00  8.378E-02
1.114818E+00  8.343E-02
1.116818E+00  8.308E-02
1.118818E+00  8.273E-02
1.120818E+00  8.238E-02
1.122818E+00  8.204E-02
1.124818E+00  8.170E-02
1.126818E+00  8.136E-02
1.128818E+00  8.102E-02
1.130818E+00  8.069E-02
1.132818E+00  8.036E-02
1.134818E+00  8.003E-02
1.136818E+00  7.970E-02
1.138818E+00  7.937E-02
1.140818E+00  7.905E-02
1.142818E+00  7.872E-02
1.144818E+00  7.840E-02
1.146818E+00  7.808E-02
1.148818E+00  7.777E-02
1.150818E+00  7.745E-02
1.152818E+00  7.714E-02
1.154818E+00  7.683E-02
1.156818E+00  7.652E-02
1.158818E+00  7.621E-02
1.160818E+00  7.591E-02
1.162818E+00  7.561E-02
1.164818E+00  7.530E-02
1.166818E+00  7.500E-02
1.168818E+00  7.471E-02
1.170818E+00  7.441E-02
1.172818E+00  7.412E-02
1.174818E+00  7.383E-02
1.176818E+00  7.354E-02
1.178818E+00  7.325E-02
1.180818E+00  7.296E-02
1.182818E+00  7.268E-02
1.184818E+00  7.239E-02
1.186818E+00  7.211E-02
1.188818E+00  7.183E-02
1.190818E+00  7.155E-02
1.192818E+00  7.128E-02
1.194818E+00  7.100E-02
1.196818E+00  7.073E-02
1.198818E+00  7.046E-02
1.200818E+00  7.019E-02
1.202818E+00  6.992E-02
1.204818E+00  6.965E-02
1.206818E+00  6.938E-02
1.208818E+00  6.912E-02
1.210818E+00  6.886E-02
1.212818E+00  6.860E-02
1.214818E+00  6.834E-02
1.216818E+00  6.808E-02
1.218818E+00  6.782E-02
1.220818E+00  6.757E-02
1.222818E+00  6.732E-02
1.224818E+00  6.706E-02
1.226818E+00  6.681E-02
1.228818E+00  6.656E-02
1.230818E+00  6.631E-02
1.232818E+00  6.607E-02
1.234818E+00  6.582E-02
1.236818E+00  6.558E-02
1.238818E+00  6.534E-02
1.240818E+00  6.509E-02
1.242818E+00  6.485E-02
1.244818E+00  6.462E-02
1.246818E+00  6.438E-02
1.248818E+00  6.414E-02
1.250818E+00  6.391E-02
1.252818E+00  6.367E-02
1.254818E+00  6.344E-02
1.256818E+00  6.321E-02
1.258818E+00  6.298E-02
1.260818E+00  6.275E-02
1.262818E+00  6.252E-02
1.264818E+00  6.229E-02
1.266818E+00  6.206E-02
1.268818E+00  6.184E-02
1.270818E+00  6.162E-02
1.272818E+00  6.139E-02
1.274818E+00  6.117E-02
1.276818E+00  6.095E-02
1.278818E+00  6.073E-02
1.280818E+00  6.051E-02
1.282818E+00  6.029E-02
1.284818E+00  6.008E-02
1.286818E+00  5.986E-02
1.288818E+00  5.965E-02
1.290818E+00  5.943E-02
1.292818E+00  5.922E-02
1.294818E+00  5.901E-02
1.296818E+00  5.879E-02
1.298818E+00  5.858E-02
1.300818E+00  5.837E-02
1.302818E+00  5.817E-02
1.304818E+00  5.796E-02
1.306818E+00  5.775E-02
1.308818E+00  5.755E-02
1.310818E+00  5.734E-02
1.312818E+00  5.714E-02
1.314818E+00  5.693E-02
1.316818E+00  5.673E-02
1.318818E+00  5.653E-02
1.320818E+00  5.633E-02
1.322818E+00  5.613E-02
1.324818E+00  5.593E-02
1.326818E+00  5.573E-02
1.328818E+00  5.553E-02
1.330818E+00  5.534E-02
1.332818E+00  5.514E-02
1.334818E+00  5.494E-02
1.336818E+00  5.475E-02
1.338818E+00  5.456E-02
1.340818E+00  5.436E-02
1.342818E+00  5.417E-02
1.344818E+00  5.398E-02
1.346818E+00  5.379E-02
1.348818E+00  5.360E-02
1.350818E+00  5.341E-02
1.352818E+00  5.322E-02
1.354818E+00  5.303E-02
1.356818E+00  5.284E-02
1.358818E+00  5.266E-02
1.360818E+00  5.247E-02
1.362818E+00  5.229E-02
1.364818E+00  5.210E-02
1.366818E+00  5.192E-02
1.368818E+00  5.174E-02
1.370818E+00  5.155E-02
1.372818E+00  5.137E-02
1.374818E+00  5.119E-02
1.376818E+00  5.101E-02
1.378818E+00  5.083E-02
1.380818E+00  5.065E-02
1.382818E+00  5.048E-02
1.384818E+00  5.030E-02
1.386818E+00  5.012E-02
1.388818E+00  4.995E-02
1.390818E+00  4.977E-02
1.392818E+00  4.960E-02
1.394818E+00  4.942E-02
1.396818E+00  4.925E-02
1.398818E+00  4.908E-02
1.400818E+00  4.890E-02
1.402818E+00  4.873E-02
1.404818E+00  4.856E-02
1.406818E+00  4.839E-02
1.408818E+00  4.822E-02
1.410818E+00  4.805E-02
1.412818E+00  4.789E-02
1.414818E+00  4.772E-02
1.416818E+00  4.755E-02
1.418818E+00  4.739E-02
1.420818E+00  4.722E-02
1.422818E+00  4.706E-02
1.424818E+00  4.689E-02
1.426818E+00  4.673E-02
1.428818E+00  4.657E-02
1.430818E+00  4.640E-02
1.432818E+00  4.624E-02
1.434818E+00  4.608E-02
1.436818E+00  4.592E-02
1.438818E+00  4.576E-02
1.440818E+00  4.560E-02
1.442818E+00  4.545E-02
1.444818E+00  4.529E-02
1.446818E+00  4.513E-02
1.448818E+00  4.498E-02
1.450818E+00  4.482E-02
1.452818E+00  4.466E-02
1.454818E+00  4.451E-02
1.456818E+00  4.436E-02
1.458818E+00  4.420E-02
1.460818E+00  4.405E-02
1.462818E+00  4.390E-02
1.464818E+00  4.375E-02
1.466818E+00  4.360E-02
1.468818E+00  4.345E-02
1.470818E+00  4.330E-02
1.472818E+00  4.315E-02
1.474818E+00  4.300E-02
1.476818E+00  4.286E-02
1.478818E+00  4.271E-02
1.480818E+00  4.256E-02
1.482818E+00  4.242E-02
1.484818E+00  4.228E-02
1.486818E+00  4.213E-02
1.488818E+00  4.199E-02
1.490818E+00  4.185E-02
1.492818E+00  4.170E-02
1.494818E+00  4.156E-02
1.496818E+00  4.142E-02
1.498818E+00  4.128E-02
1.500818E+00  4.114E-02
1.502818E+00  4.100E-02
1.504818E+00  4.086E-02
1.506818E+00  4.073E-02
1.508818E+00  4.059E-02
1.510818E+00  4.045E-02
1.512818E+00  4.032E-02
1.514818E+00  4.018E-02
1.516818E+00  4.005E-02
1.518818E+00  3.991E-02
1.520818E+00  3.978E-02
1.522818E+00  3.965E-02
1.524818E+00  3.951E-02
1.526818E+00  3.938E-02
1.528818E+00  3.925E-02
1.530818E+00  3.912E-02
1.532818E+00  3.899E-02
1.534818E+00  3.886E-02
1.536818E+00  3.873E-02
1.538818E+00  3.860E-02
1.540818E+00  3.848E-02
1.542818E+00  3.835E-02
1.544818E+00  3.822E-02
1.546818E+00  3.810E-02
1.548818E+00  3.797E-02
1.550818E+00  3.785E-02
1.552818E+00  3.772E-02
1.554818E+00  3.760E-02
1.556818E+00  3.747E-02
1.558818E+00  3.735E-02
1.560818E+00  3.723E-02
1.562818E+00  3.711E-02
1.564818E+00  3.699E-02
1.566818E+00  3.686E-02
1.568818E+00  3.674E-02
1.570818E+00  3.662E-02
1.572818E+00  3.651E-02
1.574818E+00  3.639E-02
1.576818E+00  3.627E-02
1.578818E+00  3.615E-02
1.580818E+00  3.603E-02
1.582818E+00  3.592E-02
1.584818E+00  3.580E-02
1.586818E+00  3.568E-02
1.588818E+00  3.557E-02
1.590818E+00  3.545E-02
1.592818E+00  3.534E-02
1.594818E+00  3.523E-02
1.596818E+00  3.511E-02
1.598818E+00  3.500E-02
1.600818E+00  3.489E-02
1.602818E+00  3.477E-02
1.604818E+00  3.466E-02
1.606818E+00  3.455E-02
1.608818E+00  3.444E-02
1.610818E+00  3.433E-02
1.612818E+00  3.422E-02
1.614818E+00  3.411E-02
1.616818E+00  3.400E-02
1.618818E+00  3.389E-02
1.620818E+00  3.379E-02
1.622818E+00  3.368E-02
1.624818E+00  3.357E-02
1.626818E+00  3.346E-02
1.628818E+00  3.336E-02
1.630818E+00  3.325E-02
1.632818E+00  3.315E-02
1.634818E+00  3.304E-02
1.636818E+00  3.293E-02
1.638818E+00  3.283E-02
1.640818E+00  3.273E-02
1.642818E+00  3.262E-02
1.644818E+00  3.252E-02
1.646818E+00  3.242E-02
1.648818E+00  3.231E-02
1.650818E+00  3.221E-02
1.652818E+00  3.211E-02
1.654818E+00  3.201E-02
1.656818E+00  3.191E-02
1.658818E+00  3.180E-02
1.660818E+00  3.170E-02
1.662818E+00  3.160E-02
1.664818E+00  3.150E-02
1.666818E+00  3.140E-02
1.668818E+00  3.130E-02
1.670818E+00  3.121E-02
1.672818E+00  3.111E-02
1.674818E+00  3.101E-02
1.676818E+00  3.091E-02
1.678818E+00  3.081E-02
1.680818E+00  3.072E-02
1.682818E+00  3.062E-02
1.684818E+00  3.052E-02
1.686818E+00  3.043E-02
1.688818E+00  3.033E-02
1.690818E+00  3.023E-02
1.692818E+00  3.014E-02
1.694818E+00  3.004E-02
1.696818E+00  2.995E-02
1.698818E+00  2.986E-02
1.700818E+00  2.976E-02
1.702818E+00  2.967E-02
1.704818E+00  2.957E-02
1.706818E+00  2.948E-02
1.708818E+00  2.939E-02
1.710818E+00  2.930E-02
1.712818E+00  2.920E-02
1.714818E+00  2.911E-02
1.716818E+00  2.902E-02
1.718818E+00  2.893E-02
1.720818E+00  2.884E-02
1.722818E+00  2.875E-02
1.724818E+00  2.866E-02
1.726818E+00  2.856E-02
1.728818E+00  2.847E-02
1.730818E+00  2.838E-02
1.732818E+00  2.830E-02
1.734818E+00  2.821E-02
1.736818E+00  2.812E-02
1.738818E+00  2.803E-02
1.740818E+00  2.794E-02
1.742818E+00  2.785E-02
1.744818E+00  2.776E-02
1.746818E+00  2.768E-02
1.748818E+00  2.759E-02
1.750818E+00  2.750E-02
1.752818E+00  2.742E-02
1.754818E+00  2.733E-02
1.756818E+00  2.724E-02
1.758818E+00  2.716E-02
1.760818E+00  2.707E-02
1.762818E+00  2.699E-02
1.764818E+00  2.690E-02
1.766818E+00  2.682E-02
1.768818E+00  2.673E-02
1.770818E+00  2.665E-02
1.772818E+00  2.656E-02
1.774818E+00  2.648E-02
1.776818E+00  2.640E-02
1.778818E+00  2.631E-02
1.780818E+00  2.623E-02
1.782818E+00  2.615E-02
1.784818E+00  2.606E-02
1.786818E+00  2.598E-02
1.788818E+00  2.590E-02
1.790818E+00  2.582E-02
1.792818E+00  2.574E-02
1.794818E+00  2.566E-02
1.796818E+00  2.557E-02
1.798818E+00  2.549E-02
1.800818E+00  2.541E-02
1.802818E+00  2.533E-02
1.804818E+00  2.525E-02
1.806818E+00  2.517E-02
1.808818E+00  2.509E-02
1.810818E+00  2.501E-02
1.812818E+00  2.494E-02
1.814818E+00  2.486E-02
1.816818E+00  2.478E-02
1.818818E+00  2.470E-02
1.820818E+00  2.462E-02
1.822818E+00  2.455E-02
1.824818E+00  2.447E-02
1.826818E+00  2.439E-02
1.828818E+00  2.431E-02
1.830818E+00  2.424E-02
1.832818E+00  2.416E-02
1.834818E+00  2.408E-02
1.836818E+00  2.401E-02
1.838818E+00  2.393E-02
1.840818E+00  2.386E-02
1.842818E+00  2.378E-02
1.844818E+00  2.371E-02
1.846818E+00  2.363E-02
1.848818E+00  2.356E-02
1.850818E+00  2.349E-02
1.852818E+00  2.341E-02
1.854818E+00  2.334E-02
1.856818E+00  2.326E-02
1.858818E+00  2.319E-02
1.860818E+00  2.312E-02
1.862818E+00  2.305E-02
1.864818E+00  2.297E-02
1.866818E+00  2.290E-02
1.868818E+00  2.283E-02
1.870818E+00  2.276E-02
1.872818E+00  2.269E-02
1.874818E+00  2.261E-02
1.876818E+00  2.254E-02
1.878818E+00  2.247E-02
1.880818E+00  2.240E-02
1.882818E+00  2.233E-02
1.884818E+00  2.226E-02
1.886818E+00  2.219E-02
1.888818E+00  2.212E-02
1.890818E+00  2.205E-02
1.892818E+00  2.198E-02
1.894818E+00  2.192E-02
1.896818E+00  2.185E-02
1.898818E+00  2.178E-02
1.900818E+00  2.171E-02
1.902818E+00  2.164E-02
1.904818E+00  2.158E-02
1.906818E+00  2.151E-02
1.908818E+00  2.144E-02
1.910818E+00  2.137E-02
1.912818E+00  2.131E-02
1.914818E+00  2.124E-02
1.916818E+00  2.117E-02
1.918818E+00  2.111E-02
1.920818E+00  2.104E-02
1.922818E+00  2.098E-02
1.924818E+00  2.091E-02
1.926818E+00  2.085E-02
1.928818E+00  2.078E-02
1.930818E+00  2.071E-02
1.932818E+00  2.065E-02
1.934818E+00  2.059E-02
1.936818E+00  2.052E-02
1.938818E+00  2.046E-02
1.940818E+00  2.039E-02
1.942818E+00  2.033E-02
1.944818E+00  2.027E-02
1.946818E+00  2.020E-02
1.948818E+00  2.014E-02
1.950818E+00  2.008E-02
1.952818E+00  2.001E-02
1.954818E+00  1.995E-02
1.956818E+00  1.989E-02
1.958818E+00  1.983E-02
1.960818E+00  1.976E-02
1.962818E+00  1.970E-02
1.964818E+00  1.964E-02
1.966818E+00  1.958E-02
1.968818E+00  1.952E-02
1.970818E+00  1.946E-02
1.972818E+00  1.940E-02
1.974818E+00  1.933E-02
1.976818E+00  1.927E-02
1.978818E+00  1.921E-02
1.980818E+00  1.915E-02
1.982818E+00  1.909E-02
1.984818E+00  1.903E-02
1.986818E+00  1.897E-02
1.988818E+00  1.891E-02
1.990818E+00  1.885E-02
1.992818E+00  1.879E-02
1.994818E+00  1.873E-02
1.996818E+00  1.868E-02
1.998818E+00  1.862E-02
2.000818E+00  1.856E-02
2.002818E+00  1.850E-02
2.004818E+00  1.844E-02
2.006818E+00  1.838E-02
2.008818E+00  1.832E-02
2.010818E+00  1.826E-02
2.012818E+00  1.821E-02
2.014818E+00  1.815E-02
2.016818E+00  1.809E-02
2.018818E+00  1.803E-02
2.020818E+00  1.798E-02
2.022818E+00  1.792E-02
2.024818E+00  1.786E-02
2.026818E+00  1.780E-02
2.028818E+00  1.775E-02
2.030818E+00  1.769E-02
2.032818E+00  1.763E-02
2.034818E+00  1.758E-02
2.036818E+00  1.752E-02
2.038818E+00  1.746E-02
2.040818E+00  1.741E-02
2.042818E+00  1.735E-02
2.044818E+00  1.729E-02
2.046818E+00  1.724E-02
2.048818E+00  1.718E-02
2.050818E+00  1.712E-02
2.052818E+00  1.707E-02
2.054818E+00  1.701E-02
2.056818E+00  1.696E-02
2.058818E+00  1.690E-02
2.060818E+00  1.685E-02
2.062818E+00  1.679E-02
2.064818E+00  1.673E-02
2.076818E+00  1.640E-02
2.096220E+00  1.587E-02
2.276672E+00  1.123E-02
2.451589E+00  6.989E-03
2.505629E+00  5.491E-03
2.537794E+00  4.448E-03
2.560137E+00  3.614E-03
2.581093E+00  2.719E-03
2.594350E+00  2.083E-03
2.607072E+00  1.422E-03
2.619287E+00  7.621E-04
2.625212E+00  4.566E-04
2.631021E+00  1.966E-04
2.636716E+00  2.690E-05
2.642300E+00  3.247E-05
2.647776E+00  3.812E-04
2.653146E+00  1.428E-03
2.658414E+00  3.994E-03
2.663582E+00  1.025E-02
2.668653E+00  2.717E-02
2.673628E+00  8.613E-02
2.678511E+00  4.685E-01
2.683303E+00  4.789E+00
2.688008E+00  4.759E-01
2.692626E+00  1.674E-01
2.697160E+00  9.199E-02
2.701613E+00  6.144E-02
2.705985E+00  4.564E-02
2.710279E+00  3.622E-02
2.714497E+00  3.003E-02
2.718641E+00  2.569E-02
2.722712E+00  2.248E-02
2.726712E+00  2.002E-02
2.730643E+00  1.808E-02
2.734506E+00  1.649E-02
2.738303E+00  1.518E-02
2.742035E+00  1.407E-02
2.749311E+00  1.229E-02
2.756345E+00  1.092E-02
2.766465E+00  9.335E-03
2.776099E+00  8.123E-03
2.788240E+00  6.861E-03
2.802375E+00  5.641E-03
2.817961E+00  4.509E-03
2.832209E+00  3.636E-03
2.841039E+00  3.192E-03
2.847338E+00  2.952E-03
2.851392E+00  2.859E-03
2.855335E+00  2.853E-03
2.857266E+00  2.903E-03
2.859170E+00  3.009E-03
2.861049E+00  3.201E-03
2.862902E+00  3.534E-03
2.864731E+00  4.130E-03
2.866535E+00  5.282E-03
2.868315E+00  7.927E-03
2.870071E+00  1.667E-02
2.871804E+00  1.102E-01
2.873514E+00  9.212E-02
2.875202E+00  7.578E-03
2.876868E+00  2.115E-03
2.878512E+00  8.701E-04
2.880135E+00  4.480E-04
2.881737E+00  2.741E-04
2.883319E+00  1.951E-04
2.884880E+00  1.589E-04
2.886422E+00  1.452E-04
2.887944E+00  1.456E-04
2.889447E+00  1.564E-04
2.890931E+00  1.761E-04
2.892396E+00  2.046E-04
2.893843E+00  2.420E-04
2.895272E+00  2.890E-04
2.896684E+00  3.465E-04
2.898078E+00  4.156E-04
2.899456E+00  4.975E-04
2.900816E+00  5.937E-04
2.902160E+00  7.058E-04
2.903487E+00  8.356E-04
2.904799E+00  9.853E-04
2.906095E+00  1.157E-03
2.907375E+00  1.354E-03
2.908641E+00  1.580E-03
2.909891E+00  1.837E-03
2.911126E+00  2.131E-03
2.912347E+00  2.467E-03
2.913554E+00  2.850E-03
2.914746E+00  3.290E-03
2.915925E+00  3.794E-03
2.917090E+00  4.374E-03
2.918241E+00  5.044E-03
2.919379E+00  5.822E-03
2.920505E+00  6.729E-03
2.921617E+00  7.794E-03
2.922717E+00  9.052E-03
2.923804E+00  1.055E-02
2.924879E+00  1.236E-02
2.925942E+00  1.457E-02
2.926994E+00  1.729E-02
2.928033E+00  2.072E-02
2.929061E+00  2.511E-02
2.930077E+00  3.087E-02
2.931083E+00  3.867E-02
2.932077E+00  4.960E-02
2.933060E+00  6.567E-02
2.934033E+00  9.078E-02
2.934995E+00  1.335E-01
2.935946E+00  2.156E-01
2.936888E+00  4.081E-01
2.937819E+00  1.057E+00
2.938740E+00  6.295E+00
2.939652E+00  6.740E+00
2.940553E+00  9.960E-01
2.941446E+00  3.503E-01
2.942328E+00  1.700E-01
2.943202E+00  9.670E-02
2.944066E+00  6.030E-02
2.944921E+00  3.982E-02
2.945768E+00  2.729E-02
2.946605E+00  1.914E-02
2.947434E+00  1.362E-02
2.948255E+00  9.742E-03
2.949067E+00  6.958E-03
2.949870E+00  4.925E-03
2.950666E+00  3.426E-03
2.951453E+00  2.318E-03
2.952232E+00  1.503E-03
2.953004E+00  9.127E-04
2.953767E+00  4.991E-04
2.954524E+00  2.262E-04
2.955272E+00  6.769E-05
2.956013E+00  3.355E-06
2.956747E+00  1.763E-05
2.957473E+00  9.815E-05
2.958192E+00  2.348E-04
2.958905E+00  4.190E-04
2.959610E+00  6.432E-04
2.960308E+00  9.005E-04
2.961000E+00  1.184E-03
2.962363E+00  1.801E-03
2.963699E+00  2.428E-03
2.964358E+00  2.718E-03
2.965011E+00  2.975E-03
2.965657E+00  3.179E-03
2.966297E+00  3.309E-03
2.966931E+00  3.339E-03
2.967559E+00  3.234E-03
2.968182E+00  2.960E-03
2.968798E+00  2.481E-03
2.969409E+00  1.777E-03
2.970014E+00  8.970E-04
2.970613E+00  1.111E-04
2.971207E+00  4.547E-04
2.971795E+00  6.116E-03
2.972378E+00  4.347E-02
2.972955E+00  8.421E-03
2.973528E+00  1.074E+00
2.974095E+00  1.031E+01
2.974657E+00  9.216E-01
2.975213E+00  4.420E-01
2.975765E+00  3.064E-01
2.976312E+00  2.486E-01
2.976854E+00  2.195E-01
2.977391E+00  2.041E-01
2.977923E+00  1.964E-01
2.978450E+00  1.935E-01
2.978973E+00  1.940E-01
2.979491E+00  1.971E-01
2.980514E+00  2.094E-01
2.981519E+00  2.285E-01
2.982506E+00  2.544E-01
2.983477E+00  2.875E-01
2.984430E+00  3.291E-01
2.985368E+00  3.811E-01
2.986289E+00  4.462E-01
2.986744E+00  4.848E-01
2.987195E+00  5.283E-01
2.987643E+00  5.774E-01
2.988086E+00  6.329E-01
2.988526E+00  6.961E-01
2.988962E+00  7.682E-01
2.989394E+00  8.509E-01
2.989823E+00  9.463E-01
2.990249E+00  1.057E+00
2.990671E+00  1.186E+00
2.991089E+00  1.337E+00
2.991504E+00  1.517E+00
2.991915E+00  1.731E+00
2.992323E+00  1.990E+00
2.992728E+00  2.306E+00
2.993130E+00  2.696E+00
2.993528E+00  3.185E+00
2.993923E+00  3.808E+00
2.994315E+00  4.619E+00
2.994704E+00  5.697E+00
2.995089E+00  7.175E+00
2.995472E+00  9.268E+00
2.995851E+00  1.237E+01
2.996228E+00  1.723E+01
2.996601E+00  2.545E+01
2.996972E+00  4.095E+01
2.997339E+00  7.551E+01
2.997704E+00  1.786E+02
2.998066E+00  7.542E+02
2.998425E+00  3.621E+03
2.998781E+00  4.338E+02
2.999134E+00  1.374E+02
2.999485E+00  6.640E+01
2.999833E+00  3.916E+01
3.000178E+00  2.592E+01
3.000521E+00  1.848E+01
3.000860E+00  1.389E+01
3.001198E+00  1.085E+01
3.001533E+00  8.737E+00
3.001865E+00  7.200E+00
3.002194E+00  6.048E+00
3.002522E+00  5.161E+00
3.002846E+00  4.463E+00
3.003169E+00  3.903E+00
3.003488E+00  3.446E+00
3.003806E+00  3.068E+00
3.004121E+00  2.751E+00
3.004433E+00  2.483E+00
3.004744E+00  2.254E+00
3.005052E+00  2.056E+00
3.005358E+00  1.883E+00
3.005962E+00  1.598E+00
3.006558E+00  1.371E+00
3.007145E+00  1.187E+00
3.008010E+00  9.642E-01
3.008856E+00  7.810E-01
3.010226E+00  5.026E-01
3.010494E+00  4.418E-01
3.010760E+00  3.755E-01
3.011025E+00  3.014E-01
3.011287E+00  2.182E-01
3.011548E+00  1.445E-01
3.011807E+00  1.067E-04
3.012064E+00  2.937E-01
3.012319E+00  1.802E+01
3.012573E+00  1.339E+01
3.012824E+00  3.614E+00
3.013074E+00  2.160E+00
3.013322E+00  1.615E+00
3.013569E+00  1.333E+00
3.013814E+00  1.160E+00
3.014057E+00  1.042E+00
3.014298E+00  9.563E-01
3.014538E+00  8.901E-01
3.014776E+00  8.374E-01
3.015248E+00  7.579E-01
3.015713E+00  7.003E-01
3.016399E+00  6.383E-01
3.017292E+00  5.828E-01
3.018162E+00  5.474E-01
3.019217E+00  5.243E-01
3.020037E+00  5.227E-01
3.020638E+00  5.344E-01
3.021227E+00  5.629E-01
3.021614E+00  5.972E-01
3.021805E+00  6.216E-01
3.021996E+00  6.528E-01
3.022185E+00  6.934E-01
3.022373E+00  7.473E-01
3.022559E+00  8.210E-01
3.022745E+00  9.261E-01
3.022929E+00  1.085E+00
3.023113E+00  1.344E+00
3.023295E+00  1.825E+00
3.023476E+00  2.931E+00
3.023655E+00  6.817E+00
3.023834E+00  3.831E+01
3.024012E+00  6.586E+00
3.024188E+00  9.444E-01
3.024364E+00  2.092E-01
3.024538E+00  4.394E-02
3.024711E+00  4.240E-03
3.024884E+00  8.415E-04
3.025055E+00  8.999E-03
3.025225E+00  2.053E-02
3.025394E+00  3.248E-02
3.025562E+00  4.376E-02
3.025729E+00  5.403E-02
3.025895E+00  6.320E-02
3.026060E+00  7.134E-02
3.026224E+00  7.855E-02
3.026549E+00  9.055E-02
3.026870E+00  9.996E-02
3.027345E+00  1.105E-01
3.027964E+00  1.200E-01
3.028867E+00  1.281E-01
3.029595E+00  1.323E-01
3.029738E+00  1.340E-01
3.029881E+00  1.482E-01
3.030022E+00  1.253E-01
3.030163E+00  1.282E-01
3.030580E+00  1.280E-01
3.030855E+00  1.254E-01
3.031126E+00  1.198E-01
3.031260E+00  1.145E-01
3.031394E+00  1.058E-01
3.031527E+00  8.905E-02
3.031659E+00  4.721E-02
3.031790E+00  1.133E+02
3.031921E+00  3.060E-01
3.032051E+00  2.193E-01
3.032180E+00  1.942E-01
3.032309E+00  1.826E-01
3.032436E+00  1.761E-01
3.032690E+00  1.694E-01
3.033065E+00  1.656E-01
3.033676E+00  1.654E-01
3.034388E+00  1.706E-01
3.034964E+00  1.796E-01
3.035414E+00  1.920E-01
3.035745E+00  2.066E-01
3.035963E+00  2.207E-01
3.036179E+00  2.406E-01
3.036286E+00  2.540E-01
3.036392E+00  2.706E-01
3.036498E+00  2.919E-01
3.036603E+00  3.200E-01
3.036708E+00  3.584E-01
3.036812E+00  4.137E-01
3.036916E+00  4.993E-01
3.037019E+00  6.461E-01
3.037121E+00  9.422E-01
3.037223E+00  1.743E+00
3.037325E+00  5.850E+00
3.037426E+00  1.052E+01
3.037526E+00  9.231E-01
3.037626E+00  1.723E-01
3.037726E+00  3.614E-02
3.037825E+00  4.687E-03
3.037923E+00  5.642E-05
3.038021E+00  3.526E-03
3.038118E+00  9.408E-03
3.038215E+00  1.575E-02
3.038312E+00  2.185E-02
3.038408E+00  2.748E-02
3.038503E+00  3.258E-02
3.038598E+00  3.716E-02
3.038787E+00  4.499E-02
3.038974E+00  5.133E-02
3.039250E+00  5.878E-02
3.039613E+00  6.601E-02
3.040056E+00  7.211E-02
3.040402E+00  7.501E-02
3.040573E+00  7.520E-02
3.040658E+00  7.411E-02
3.040742E+00  6.841E-02
3.040826E+00  1.140E-01
3.040910E+00  8.716E-02
3.040993E+00  8.455E-02
3.041484E+00  8.159E-02
3.041644E+00  7.885E-02
3.041724E+00  7.603E-02
3.041803E+00  7.089E-02
3.041882E+00  5.984E-02
3.041961E+00  2.548E-02
3.042039E+00  4.550E-01
3.042117E+00  1.525E-01
3.042194E+00  1.266E-01
3.042271E+00  1.176E-01
3.042348E+00  1.132E-01
3.042500E+00  1.095E-01
3.042726E+00  1.082E-01
3.043168E+00  1.106E-01
3.043599E+00  1.166E-01
3.043948E+00  1.250E-01
3.044222E+00  1.357E-01
3.044425E+00  1.480E-01
3.044558E+00  1.599E-01
3.044690E+00  1.769E-01
3.044756E+00  1.885E-01
3.044821E+00  2.031E-01
3.044886E+00  2.223E-01
3.044951E+00  2.484E-01
3.045016E+00  2.856E-01
3.045080E+00  3.425E-01
3.045144E+00  4.388E-01
3.045207E+00  6.288E-01
3.045271E+00  1.123E+00
3.045334E+00  3.435E+00
3.045397E+00  8.639E+00
3.045459E+00  7.224E-01
3.045522E+00  1.259E-01
3.045584E+00  2.470E-02
3.045645E+00  2.692E-03
3.045707E+00  1.782E-04
3.045768E+00  3.329E-03
3.045829E+00  8.062E-03
3.045889E+00  1.302E-02
3.045950E+00  1.773E-02
3.046010E+00  2.204E-02
3.046070E+00  2.595E-02
3.046129E+00  2.945E-02
3.046248E+00  3.545E-02
3.046365E+00  4.034E-02
3.046540E+00  4.612E-02
3.046769E+00  5.181E-02
3.047049E+00  5.658E-02
3.047215E+00  5.810E-02
3.047324E+00  5.777E-02
3.047379E+00  5.624E-02
3.047433E+00  5.051E-02
3.047487E+00  5.851E+02
3.047540E+00  7.936E-02
3.047594E+00  7.239E-02
3.047647E+00  7.045E-02
3.047805E+00  6.919E-02
3.048013E+00  6.838E-02
3.048116E+00  6.658E-02
3.048167E+00  6.444E-02
3.048217E+00  6.003E-02
3.048268E+00  4.818E-02
3.048318E+00  1.356E-02
3.048369E+00  1.296E-01
3.048419E+00  1.003E-01
3.048468E+00  9.287E-02
3.048518E+00  8.975E-02
3.048617E+00  8.746E-02
3.048811E+00  8.746E-02
3.049098E+00  9.090E-02
3.049377E+00  9.701E-02
3.049605E+00  1.051E-01
3.049740E+00  1.123E-01
3.049873E+00  1.227E-01
3.049961E+00  1.326E-01
3.050005E+00  1.390E-01
3.050048E+00  1.468E-01
3.050091E+00  1.563E-01
3.050135E+00  1.684E-01
3.050178E+00  1.842E-01
3.050220E+00  2.057E-01
3.050263E+00  2.362E-01
3.050306E+00  2.827E-01
3.050348E+00  3.611E-01
3.050390E+00  5.152E-01
3.050432E+00  9.129E-01
3.050474E+00  2.743E+00
3.050516E+00  7.114E+00
3.050557E+00  5.927E-01
3.050599E+00  1.008E-01
3.050640E+00  1.889E-02
3.050681E+00  1.746E-03
3.050722E+00  3.043E-04
3.050762E+00  3.330E-03
3.050803E+00  7.545E-03
3.050843E+00  1.187E-02
3.050884E+00  1.595E-02
3.050924E+00  1.967E-02
3.050964E+00  2.302E-02
3.051043E+00  2.875E-02
3.051122E+00  3.340E-02
3.051240E+00  3.887E-02
3.051356E+00  4.305E-02
3.051508E+00  4.715E-02
3.051659E+00  4.972E-02
3.051733E+00  5.007E-02
3.051770E+00  4.969E-02
3.051807E+00  4.841E-02
3.051843E+00  4.454E-02
3.051880E+00  2.415E-02
3.051916E+00  9.277E-02
3.051953E+00  6.946E-02
3.051989E+00  6.528E-02
3.052025E+00  6.377E-02
3.052132E+00  6.280E-02
3.052309E+00  6.268E-02
3.052378E+00  6.150E-02
3.052413E+00  5.976E-02
3.052447E+00  5.538E-02
3.052482E+00  3.637E-02
3.052516E+00  1.271E-01
3.052550E+00  8.541E-02
3.052584E+00  7.933E-02
3.052618E+00  7.719E-02
3.052685E+00  7.596E-02
3.052852E+00  7.720E-02
3.053080E+00  8.202E-02
3.053271E+00  8.872E-02
3.053396E+00  9.548E-02
3.053489E+00  1.028E-01
3.053550E+00  1.094E-01
3.053611E+00  1.182E-01
3.053642E+00  1.239E-01
3.053672E+00  1.308E-01
3.053702E+00  1.393E-01
3.053732E+00  1.500E-01
3.053762E+00  1.640E-01
3.053791E+00  1.829E-01
3.053821E+00  2.098E-01
3.053851E+00  2.507E-01
3.053880E+00  3.194E-01
3.053910E+00  4.538E-01
3.053939E+00  7.977E-01
3.053968E+00  2.353E+00
3.053997E+00  6.430E+00
3.054026E+00  5.334E-01
3.054055E+00  8.884E-02
3.054084E+00  1.618E-02
3.054112E+00  1.343E-03
3.054141E+00  3.738E-04
3.054169E+00  3.290E-03
3.054198E+00  7.205E-03
3.054226E+00  1.118E-02
3.054254E+00  1.491E-02
3.054282E+00  1.830E-02
3.054310E+00  2.136E-02
3.054338E+00  2.410E-02
3.054394E+00  2.878E-02
3.054449E+00  3.261E-02
3.054531E+00  3.714E-02
3.054639E+00  4.158E-02
3.054746E+00  4.454E-02
3.054825E+00  4.548E-02
3.054852E+00  4.528E-02
3.054878E+00  4.447E-02
3.054904E+00  4.228E-02
3.054930E+00  3.527E-02
3.054955E+00  1.050E-01
3.054981E+00  7.670E-02
3.055007E+00  6.447E-02
3.055033E+00  6.122E-02
3.055058E+00  5.993E-02
3.055134E+00  5.913E-02
3.055309E+00  5.956E-02
3.055334E+00  5.903E-02
3.055358E+00  5.751E-02
3.055383E+00  5.183E-02
3.055407E+00  2.099E-01
3.055431E+00  7.517E-02
3.055456E+00  7.059E-02
3.055480E+00  6.934E-02
3.055552E+00  6.915E-02
3.055717E+00  7.263E-02
3.055879E+00  7.850E-02
3.055993E+00  8.491E-02
3.056060E+00  9.037E-02
3.056127E+00  9.798E-02
3.056171E+00  1.050E-01
3.056193E+00  1.094E-01
3.056236E+00  1.210E-01
3.056258E+00  1.288E-01
3.056280E+00  1.387E-01
3.056301E+00  1.515E-01
3.056323E+00  1.687E-01
3.056344E+00  1.933E-01
3.056366E+00  2.305E-01
3.056387E+00  2.927E-01
3.056408E+00  4.136E-01
3.056429E+00  7.198E-01
3.056451E+00  2.070E+00
3.056472E+00  6.193E+00
3.056493E+00  5.132E-01
3.056514E+00  8.365E-02
3.056534E+00  1.496E-02
3.056555E+00  1.177E-03
3.056576E+00  3.971E-04
3.056597E+00  3.215E-03
3.056617E+00  6.936E-03
3.056658E+00  1.421E-02
3.056699E+00  2.027E-02
3.056740E+00  2.516E-02
3.056780E+00  2.913E-02
3.056838E+00  3.366E-02
3.061857E+00  1.313E+00
3.066818E+00  1.144E+00
3.075008E+00  9.365E-01
3.083018E+00  7.898E-01
3.090853E+00  6.797E-01
3.098519E+00  5.930E-01
3.106021E+00  5.227E-01
3.113362E+00  4.649E-01
3.120548E+00  4.172E-01
3.127583E+00  3.780E-01
3.134470E+00  3.456E-01
3.141216E+00  3.188E-01
3.154293E+00  2.775E-01
3.166844E+00  2.469E-01
3.184745E+00  2.121E-01
3.201611E+00  1.853E-01
3.222623E+00  1.587E-01
3.242100E+00  1.398E-01
3.264508E+00  1.228E-01
3.292696E+00  1.060E-01
3.314288E+00  9.630E-02
3.330702E+00  9.163E-02
3.342906E+00  9.091E-02
3.351564E+00  9.325E-02
3.357114E+00  9.713E-02
3.359825E+00  1.001E-01
3.362495E+00  1.041E-01
3.365125E+00  1.094E-01
3.367714E+00  1.164E-01
3.370265E+00  1.257E-01
3.372778E+00  1.382E-01
3.375253E+00  1.552E-01
3.377692E+00  1.788E-01
3.380094E+00  2.119E-01
3.382462E+00  2.593E-01
3.384795E+00  3.283E-01
3.387094E+00  4.288E-01
3.389360E+00  5.710E-01
3.393795E+00  9.244E-01
3.395965E+00  9.966E-01
3.398104E+00  9.250E-01
3.402293E+00  6.205E-01
3.404343E+00  4.970E-01
3.406365E+00  4.049E-01
3.408359E+00  3.374E-01
3.410325E+00  2.876E-01
3.412265E+00  2.501E-01
3.414178E+00  2.214E-01
3.416065E+00  1.990E-01
3.417926E+00  1.811E-01
3.419762E+00  1.666E-01
3.421574E+00  1.547E-01
3.425125E+00  1.364E-01
3.428583E+00  1.230E-01
3.433602E+00  1.086E-01
3.438428E+00  9.835E-02
3.444581E+00  8.848E-02
3.453246E+00  7.820E-02
3.463848E+00  6.894E-02
3.473484E+00  6.276E-02
3.480146E+00  6.030E-02
3.484342E+00  6.063E-02
3.486370E+00  6.203E-02
3.488354E+00  6.512E-02
3.489330E+00  6.781E-02
3.490295E+00  7.190E-02
3.491250E+00  7.850E-02
3.492195E+00  9.047E-02
3.493129E+00  1.177E-01
3.494053E+00  2.281E-01
3.494968E+00  1.507E+01
3.495872E+00  2.545E-02
3.496767E+00  2.667E-02
3.497653E+00  3.674E-02
3.498529E+00  4.709E-02
3.499396E+00  5.989E-02
3.500254E+00  7.904E-02
3.501103E+00  1.092E-01
3.501943E+00  1.402E-01
3.502775E+00  1.362E-01
3.503598E+00  1.119E-01
3.504412E+00  9.625E-02
3.505218E+00  9.025E-02
3.506016E+00  9.019E-02
3.506806E+00  9.389E-02
3.507588E+00  1.004E-01
3.508362E+00  1.094E-01
3.509128E+00  1.209E-01
3.509886E+00  1.352E-01
3.510637E+00  1.527E-01
3.511380E+00  1.739E-01
3.512116E+00  1.999E-01
3.512844E+00  2.315E-01
3.513566E+00  2.702E-01
3.514280E+00  3.178E-01
3.514987E+00  3.767E-01
3.515688E+00  4.502E-01
3.516381E+00  5.426E-01
3.517068E+00  6.595E-01
3.517748E+00  8.091E-01
3.518422E+00  1.002E+00
3.519089E+00  1.253E+00
3.519749E+00  1.582E+00
3.520404E+00  2.016E+00
3.521052E+00  2.586E+00
3.521694E+00  3.327E+00
3.522330E+00  4.257E+00
3.523583E+00  6.478E+00
3.524202E+00  7.405E+00
3.524814E+00  7.868E+00
3.525420E+00  7.759E+00
3.526021E+00  7.196E+00
3.527791E+00  4.817E+00
3.528370E+00  4.157E+00
3.528944E+00  3.598E+00
3.529512E+00  3.123E+00
3.531187E+00  1.914E+00
3.531735E+00  9.272E+00
3.532279E+00  2.772E+00
3.532817E+00  2.246E+00
3.533351E+00  1.994E+00
3.533880E+00  1.824E+00
3.534404E+00  1.695E+00
3.534923E+00  1.590E+00
3.535949E+00  1.431E+00
3.536956E+00  1.314E+00
3.538434E+00  1.191E+00
3.539875E+00  1.109E+00
3.541738E+00  1.043E+00
3.543539E+00  1.014E+00
3.545280E+00  1.016E+00
3.546965E+00  1.051E+00
3.548192E+00  1.109E+00
3.548993E+00  1.179E+00
3.549389E+00  1.233E+00
3.549782E+00  1.310E+00
3.550172E+00  1.432E+00
3.550558E+00  1.644E+00
3.550942E+00  2.087E+00
3.551322E+00  3.298E+00
3.551699E+00  9.139E+00
3.552073E+00  4.525E+02
3.552445E+00  1.817E+01
3.552813E+00  5.301E+00
3.553179E+00  3.239E+00
3.553541E+00  2.567E+00
3.553901E+00  2.287E+00
3.554258E+00  2.164E+00
3.554612E+00  2.119E+00
3.554963E+00  2.119E+00
3.555312E+00  2.151E+00
3.556001E+00  2.280E+00
3.556680E+00  2.485E+00
3.557348E+00  2.767E+00
3.558007E+00  3.144E+00
3.558332E+00  3.377E+00
3.558655E+00  3.648E+00
3.558975E+00  3.963E+00
3.559293E+00  4.333E+00
3.559609E+00  4.770E+00
3.559922E+00  5.290E+00
3.560233E+00  5.916E+00
3.560542E+00  6.680E+00
3.560848E+00  7.622E+00
3.561152E+00  8.805E+00
3.561454E+00  1.032E+01
3.561754E+00  1.230E+01
3.562051E+00  1.496E+01
3.562346E+00  1.864E+01
3.562639E+00  2.395E+01
3.562930E+00  3.195E+01
3.563219E+00  4.455E+01
3.563506E+00  6.487E+01
3.563790E+00  9.442E+01
3.564073E+00  1.146E+02
3.564354E+00  8.799E+01
3.564632E+00  4.642E+01
3.564909E+00  2.297E+01
3.565183E+00  1.313E+01
3.565456E+00  9.664E+00
3.565726E+00  8.715E+00
3.566262E+00  8.061E+00
3.566527E+00  7.476E+00
3.567310E+00  5.239E+00
3.567568E+00  4.567E+00
3.567823E+00  3.972E+00
3.568077E+00  3.452E+00
3.568329E+00  2.998E+00
3.568580E+00  2.601E+00
3.568828E+00  2.249E+00
3.569075E+00  1.931E+00
3.569564E+00  1.343E+00
3.569806E+00  1.033E+00
3.570046E+00  6.995E-01
3.570285E+00  2.735E+00
3.570522E+00  9.329E+00
3.570757E+00  2.959E+00
3.570991E+00  2.015E+00
3.571223E+00  1.614E+00
3.571454E+00  1.375E+00
3.571683E+00  1.209E+00
3.571910E+00  1.083E+00
3.572136E+00  9.808E-01
3.572360E+00  8.961E-01
3.572583E+00  8.241E-01
3.573025E+00  7.068E-01
3.573460E+00  6.150E-01
3.573890E+00  5.411E-01
3.574314E+00  4.809E-01
3.574733E+00  4.322E-01
3.574940E+00  4.124E-01
3.575146E+00  3.972E-01
3.575351E+00  3.936E-01
3.575554E+00  4.997E-01
3.575756E+00  2.901E-01
3.576156E+00  2.760E-01
3.577706E+00  1.904E-01
3.578817E+00  1.326E-01
3.579179E+00  1.113E-01
3.579712E+00  7.504E-02
3.579888E+00  7.488E-02
3.580063E+00  2.047E-01
3.580236E+00  1.907E+01
3.580409E+00  1.248E+00
3.580580E+00  4.713E-01
3.580750E+00  3.099E-01
3.580920E+00  2.426E-01
3.581088E+00  2.052E-01
3.581255E+00  1.807E-01
3.581422E+00  1.629E-01
3.581587E+00  1.490E-01
3.581751E+00  1.375E-01
3.582077E+00  1.189E-01
3.582398E+00  1.043E-01
3.582558E+00  9.859E-02
3.582716E+00  9.465E-02
3.582873E+00  9.427E-02
3.583030E+00  1.019E-01
3.583186E+00  1.293E-01
3.583340E+00  2.067E-01
3.583494E+00  3.836E-01
3.583647E+00  5.644E-01
3.583799E+00  5.265E-01
3.583950E+00  4.117E-01
3.584100E+00  3.272E-01
3.584249E+00  2.734E-01
3.584398E+00  2.387E-01
3.584546E+00  2.155E-01
3.584692E+00  1.997E-01
3.584838E+00  1.890E-01
3.584983E+00  1.823E-01
3.585127E+00  1.789E-01
3.585271E+00  1.787E-01
3.585413E+00  1.817E-01
3.585555E+00  1.883E-01
3.585696E+00  1.991E-01
3.585836E+00  2.145E-01
3.585975E+00  2.350E-01
3.586251E+00  2.865E-01
3.586388E+00  3.093E-01
3.586524E+00  3.205E-01
3.586660E+00  3.138E-01
3.586794E+00  2.882E-01
3.586928E+00  2.481E-01
3.587061E+00  1.984E-01
3.587194E+00  1.419E-01
3.587325E+00  8.801E-02
3.587456E+00  5.170E-01
3.587586E+00  1.659E+00
3.587716E+00  5.655E-01
3.587844E+00  3.704E-01
3.587972E+00  2.894E-01
3.588099E+00  2.431E-01
3.588226E+00  2.122E-01
3.588352E+00  1.900E-01
3.588477E+00  1.737E-01
3.588602E+00  1.633E-01
3.588725E+00  1.635E-01
3.588848E+00  1.962E-01
3.588971E+00  4.154E-01
3.589093E+00  6.632E+00
3.589214E+00  2.302E+00
3.589334E+00  6.026E-01
3.589454E+00  3.578E-01
3.589573E+00  2.707E-01
3.589692E+00  2.270E-01
3.589809E+00  2.007E-01
3.589927E+00  1.828E-01
3.590043E+00  1.698E-01
3.590159E+00  1.598E-01
3.590389E+00  1.449E-01
3.590730E+00  1.298E-01
3.591175E+00  1.159E-01
3.591826E+00  1.009E-01
3.592663E+00  8.300E-02
3.592968E+00  7.451E-02
3.593168E+00  6.740E-02
3.593367E+00  5.913E-02
3.593465E+00  5.586E-02
3.593563E+00  5.792E-02
3.593661E+00  8.806E-02
3.593758E+00  3.546E-01
3.593855E+00  2.786E+01
3.593951E+00  1.467E+00
3.594046E+00  5.283E-01
3.594141E+00  3.397E-01
3.594236E+00  2.668E-01
3.594330E+00  2.305E-01
3.594424E+00  2.102E-01
3.594517E+00  1.987E-01
3.594610E+00  1.929E-01
3.594702E+00  1.917E-01
3.594794E+00  1.949E-01
3.594885E+00  2.031E-01
3.594976E+00  2.180E-01
3.595067E+00  2.419E-01
3.595157E+00  2.747E-01
3.595246E+00  2.981E-01
3.595336E+00  2.620E-01
3.595424E+00  1.802E-01
3.595512E+00  1.238E-01
3.595600E+00  9.832E-02
3.595688E+00  8.814E-02
3.595775E+00  8.459E-02
3.595861E+00  8.398E-02
3.595947E+00  8.483E-02
3.596118E+00  8.887E-02
3.596288E+00  9.539E-02
3.596455E+00  1.050E-01
3.596539E+00  1.114E-01
3.596622E+00  1.190E-01
3.596868E+00  1.457E-01
3.596949E+00  1.510E-01
3.597030E+00  1.497E-01
3.597110E+00  1.395E-01
3.597190E+00  1.206E-01
3.597350E+00  7.288E-02
3.597429E+00  6.651E-02
3.597507E+00  2.515E-01
3.597585E+00  7.210E+00
3.597663E+00  8.369E-01
3.597741E+00  3.724E-01
3.597818E+00  2.490E-01
3.597895E+00  1.939E-01
3.597971E+00  1.627E-01
3.598047E+00  1.427E-01
3.598123E+00  1.288E-01
3.598198E+00  1.189E-01
3.598273E+00  1.121E-01
3.598348E+00  1.090E-01
3.598422E+00  1.134E-01
3.598496E+00  1.453E-01
3.598570E+00  4.033E-01
3.598643E+00  1.964E+01
3.598716E+00  5.050E-01
3.598789E+00  2.301E-01
3.598861E+00  1.657E-01
3.598933E+00  1.389E-01
3.599004E+00  1.244E-01
3.599076E+00  1.153E-01
3.599147E+00  1.089E-01
3.599217E+00  1.042E-01
3.599358E+00  9.760E-02
3.599566E+00  9.124E-02
3.599906E+00  8.470E-02
3.600884E+00  7.202E-02
3.601133E+00  6.669E-02
3.601318E+00  6.033E-02
3.601379E+00  5.793E-02
3.601440E+00  5.648E-02
3.601500E+00  5.996E-02
3.601560E+00  8.763E-02
3.601620E+00  2.921E-01
3.601680E+00  7.759E+00
3.601739E+00  2.285E+00
3.601798E+00  6.949E-01
3.601857E+00  4.420E-01
3.601916E+00  3.589E-01
3.601974E+00  3.292E-01
3.602032E+00  3.266E-01
3.602090E+00  3.450E-01
3.602148E+00  3.864E-01
3.602205E+00  4.568E-01
3.602263E+00  5.559E-01
3.602319E+00  6.329E-01
3.602376E+00  5.685E-01
3.602433E+00  3.915E-01
3.602489E+00  2.488E-01
3.602545E+00  1.686E-01
3.602600E+00  1.267E-01
3.602656E+00  1.043E-01
3.602711E+00  9.205E-02
3.602766E+00  8.518E-02
3.602821E+00  8.141E-02
3.602876E+00  7.951E-02
3.602930E+00  7.885E-02
3.603038E+00  8.000E-02
3.603145E+00  8.368E-02
3.603251E+00  8.962E-02
3.603357E+00  9.688E-02
3.603409E+00  9.969E-02
3.603461E+00  1.002E-01
3.603513E+00  9.641E-02
3.603565E+00  8.693E-02
3.603616E+00  7.292E-02
3.603667E+00  6.168E-02
3.603718E+00  8.969E-02
3.603769E+00  7.304E-01
3.603820E+00  2.892E+00
3.603870E+00  4.977E-01
3.603921E+00  2.586E-01
3.603971E+00  1.811E-01
3.604021E+00  1.442E-01
3.604070E+00  1.229E-01
3.604120E+00  1.093E-01
3.604169E+00  9.994E-02
3.604218E+00  9.332E-02
3.604267E+00  8.864E-02
3.604315E+00  8.566E-02
3.604364E+00  8.475E-02
3.604412E+00  8.776E-02
3.604460E+00  1.023E-01
3.604508E+00  1.761E-01
3.604556E+00  1.559E+00
3.604603E+00  9.029E-01
3.604650E+00  2.232E-01
3.604697E+00  1.404E-01
3.604744E+00  1.131E-01
3.604791E+00  1.002E-01
3.604838E+00  9.286E-02
3.604884E+00  8.810E-02
3.604930E+00  8.477E-02
3.605022E+00  8.042E-02
3.605158E+00  7.665E-02
3.605426E+00  7.287E-02
3.606152E+00  6.801E-02
3.606316E+00  6.512E-02
3.606437E+00  6.127E-02
3.606478E+00  6.139E-02
3.606518E+00  6.857E-02
3.606557E+00  1.142E-01
3.606597E+00  5.252E-01
3.606637E+00  3.426E+01
3.606676E+00  1.615E+00
3.606715E+00  7.277E-01
3.606755E+00  5.526E-01
3.606793E+00  5.186E-01
3.606832E+00  5.517E-01
3.606871E+00  6.403E-01
3.606910E+00  7.739E-01
3.606948E+00  8.697E-01
3.606986E+00  7.682E-01
3.607024E+00  5.277E-01
3.607062E+00  3.347E-01
3.607100E+00  2.225E-01
3.607138E+00  1.609E-01
3.607175E+00  1.263E-01
3.607213E+00  1.060E-01
3.607250E+00  9.366E-02
3.607287E+00  8.594E-02
3.607324E+00  8.104E-02
3.607361E+00  7.798E-02
3.607398E+00  7.615E-02
3.607471E+00  7.495E-02
3.607543E+00  7.602E-02
3.607687E+00  8.197E-02
3.607722E+00  8.278E-02
3.607758E+00  8.175E-02
3.607793E+00  7.753E-02
3.607828E+00  6.989E-02
3.607863E+00  6.657E-02
3.607898E+00  1.442E-01
3.607933E+00  4.565E+00
3.607967E+00  8.805E-01
3.608002E+00  3.043E-01
3.608036E+00  1.876E-01
3.608071E+00  1.406E-01
3.608105E+00  1.160E-01
3.608139E+00  1.011E-01
3.608173E+00  9.145E-02
3.608206E+00  8.482E-02
3.608240E+00  8.014E-02
3.608274E+00  7.685E-02
3.608307E+00  7.467E-02
3.608340E+00  7.358E-02
3.608374E+00  7.395E-02
3.608407E+00  7.703E-02
3.608440E+00  8.716E-02
3.608472E+00  1.250E-01
3.608505E+00  4.144E-01
3.608538E+00  3.994E+00
3.608570E+00  2.748E-01
3.608603E+00  1.375E-01
3.608635E+00  1.035E-01
3.608667E+00  8.964E-02
3.608699E+00  8.240E-02
3.608731E+00  7.807E-02
3.608763E+00  7.522E-02
3.608826E+00  7.175E-02
3.608920E+00  6.907E-02
3.609106E+00  6.695E-02
3.609406E+00  6.660E-02
3.609725E+00  6.752E-02
3.609838E+00  6.654E-02
3.609866E+00  6.752E-02
3.609894E+00  7.475E-02
3.609922E+00  1.173E-01
3.609949E+00  5.064E-01
3.609977E+00  3.043E+01
3.610005E+00  1.852E+00
3.610032E+00  9.060E-01
3.610059E+00  7.577E-01
3.610087E+00  7.886E-01
3.610141E+00  1.032E+00
3.610168E+00  9.567E-01
3.610195E+00  6.819E-01
3.610222E+00  4.332E-01
3.610249E+00  2.821E-01
3.610275E+00  1.979E-01
3.610302E+00  1.501E-01
3.610328E+00  1.218E-01
3.610355E+00  1.043E-01
3.610381E+00  9.306E-02
3.610407E+00  8.562E-02
3.610433E+00  8.063E-02
3.610459E+00  7.727E-02
3.610485E+00  7.505E-02
3.610537E+00  7.293E-02
3.610588E+00  7.292E-02
3.610715E+00  7.688E-02
3.610740E+00  7.610E-02
3.610766E+00  7.366E-02
3.610790E+00  7.423E-02
3.610815E+00  1.450E-01
3.610840E+00  8.122E+00
3.610865E+00  6.080E-01
3.610890E+00  2.445E-01
3.610914E+00  1.600E-01
3.610939E+00  1.234E-01
3.610963E+00  1.033E-01
3.610987E+00  9.092E-02
3.611012E+00  8.283E-02
3.611036E+00  7.730E-02
3.611060E+00  7.345E-02
3.611084E+00  7.075E-02
3.611108E+00  6.894E-02
3.611132E+00  6.791E-02
3.611156E+00  6.770E-02
3.611179E+00  6.865E-02
3.611203E+00  7.171E-02
3.611227E+00  7.984E-02
3.611250E+00  1.049E-01
3.611273E+00  2.328E-01
3.611297E+00  5.576E+00
3.611320E+00  3.988E-01
3.611343E+00  1.450E-01
3.611366E+00  1.001E-01
3.611390E+00  8.416E-02
3.611413E+00  7.658E-02
3.611435E+00  7.232E-02
3.611458E+00  6.966E-02
3.611504E+00  6.663E-02
3.611571E+00  6.452E-02
3.611705E+00  6.326E-02
3.611901E+00  6.399E-02
3.612070E+00  6.657E-02
3.612235E+00  7.123E-02
3.612256E+00  7.237E-02
3.612276E+00  7.559E-02
3.612296E+00  8.921E-02
3.612316E+00  1.718E-01
3.612337E+00  1.369E+00
3.612357E+00  8.287E+00
3.612377E+00  1.479E+00
3.612394E+00  1.050E+00
3.614108E+00  3.824E-01
3.632262E+00  2.949E-01
3.642873E+00  2.541E-01
3.655223E+00  2.165E-01
3.666303E+00  1.890E-01
3.669744E+00  1.836E-01
3.671973E+00  1.844E-01
3.673069E+00  1.882E-01
3.674152E+00  1.964E-01
3.675223E+00  2.114E-01
3.676281E+00  2.353E-01
3.677328E+00  2.648E-01
3.678364E+00  2.882E-01
3.679388E+00  2.950E-01
3.680400E+00  2.876E-01
3.683372E+00  2.497E-01
3.685299E+00  2.328E-01
3.688113E+00  2.181E-01
3.691726E+00  2.091E-01
3.695190E+00  2.069E-01
3.698511E+00  2.105E-01
3.700914E+00  2.179E-01
3.703244E+00  2.314E-01
3.704759E+00  2.455E-01
3.706243E+00  2.648E-01
3.709828E+00  3.279E-01
3.710524E+00  3.365E-01
3.711213E+00  3.411E-01
3.711896E+00  3.413E-01
3.713241E+00  3.308E-01
3.716493E+00  2.875E-01
3.718372E+00  2.698E-01
3.720796E+00  2.568E-01
3.723701E+00  2.503E-01
3.725382E+00  2.523E-01
3.725932E+00  2.566E-01
3.726477E+00  2.665E-01
3.727017E+00  2.898E-01
3.727553E+00  3.491E-01
3.728083E+00  5.292E-01
3.728609E+00  1.313E+00
3.729131E+00  1.166E+01
3.729647E+00  2.274E+01
3.730159E+00  3.239E+00
3.730667E+00  1.627E+00
3.731170E+00  1.151E+00
3.731669E+00  9.449E-01
3.732163E+00  8.389E-01
3.732653E+00  7.800E-01
3.733139E+00  7.471E-01
3.733621E+00  7.303E-01
3.734099E+00  7.245E-01
3.735041E+00  7.362E-01
3.735968E+00  7.716E-01
3.736879E+00  8.285E-01
3.737775E+00  9.086E-01
3.738656E+00  1.017E+00
3.739522E+00  1.163E+00
3.739950E+00  1.255E+00
3.740374E+00  1.362E+00
3.740795E+00  1.487E+00
3.741212E+00  1.634E+00
3.741626E+00  1.809E+00
3.742036E+00  2.017E+00
3.742443E+00  2.265E+00
3.742847E+00  2.561E+00
3.743247E+00  2.914E+00
3.743645E+00  3.333E+00
3.744039E+00  3.822E+00
3.744429E+00  4.381E+00
3.744817E+00  5.006E+00
3.745202E+00  5.725E+00
3.745583E+00  6.879E+00
3.745962E+00  1.267E+01
3.746337E+00  5.522E+01
3.746710E+00  1.082E+01
3.747079E+00  6.907E+00
3.747446E+00  5.399E+00
3.747809E+00  4.419E+00
3.748170E+00  3.676E+00
3.748528E+00  3.092E+00
3.748884E+00  2.627E+00
3.749236E+00  2.257E+00
3.749586E+00  1.961E+00
3.749933E+00  1.724E+00
3.750277E+00  1.532E+00
3.750619E+00  1.378E+00
3.750958E+00  1.253E+00
3.751295E+00  1.151E+00
3.751629E+00  1.069E+00
3.751960E+00  1.002E+00
3.752289E+00  9.487E-01
3.752615E+00  9.060E-01
3.753261E+00  8.473E-01
3.753896E+00  8.174E-01
3.754522E+00  8.107E-01
3.755139E+00  8.244E-01
3.755747E+00  8.575E-01
3.756346E+00  9.104E-01
3.756936E+00  9.848E-01
3.757517E+00  1.084E+00
3.758090E+00  1.213E+00
3.758655E+00  1.379E+00
3.759212E+00  1.592E+00
3.759761E+00  1.864E+00
3.760032E+00  2.027E+00
3.760301E+00  2.211E+00
3.760569E+00  2.418E+00
3.760835E+00  2.652E+00
3.761099E+00  2.912E+00
3.761621E+00  3.520E+00
3.762135E+00  4.229E+00
3.762894E+00  5.317E+00
3.763143E+00  5.610E+00
3.763391E+00  5.827E+00
3.763637E+00  5.947E+00
3.763881E+00  5.955E+00
3.764124E+00  5.853E+00
3.764365E+00  5.652E+00
3.764842E+00  5.053E+00
3.765312E+00  4.407E+00
3.765545E+00  4.237E+00
3.765776E+00  5.370E+00
3.766006E+00  3.240E+00
3.766234E+00  2.727E+00
3.766461E+00  2.479E+00
3.766909E+00  2.056E+00
3.767352E+00  1.710E+00
3.767789E+00  1.435E+00
3.768005E+00  1.321E+00
3.768220E+00  1.226E+00
3.768433E+00  1.156E+00
3.768645E+00  1.156E+00
3.768856E+00  1.603E+00
3.769065E+00  1.587E+01
3.769273E+00  1.874E+00
3.769480E+00  1.120E+00
3.769685E+00  9.184E-01
3.769889E+00  8.164E-01
3.770091E+00  7.495E-01
3.770292E+00  7.004E-01
3.770492E+00  6.631E-01
3.770691E+00  6.350E-01
3.770888E+00  6.154E-01
3.771084E+00  6.042E-01
3.771279E+00  6.025E-01
3.771473E+00  6.118E-01
3.771665E+00  6.350E-01
3.771856E+00  6.765E-01
3.772046E+00  7.430E-01
3.772235E+00  8.450E-01
3.772423E+00  9.994E-01
3.772609E+00  1.233E+00
3.772794E+00  1.589E+00
3.772978E+00  2.131E+00
3.773161E+00  2.933E+00
3.773523E+00  5.027E+00
3.773703E+00  5.392E+00
3.773881E+00  4.852E+00
3.774059E+00  3.908E+00
3.774235E+00  3.035E+00
3.774410E+00  2.370E+00
3.774584E+00  1.884E+00
3.774757E+00  1.517E+00
3.774929E+00  1.231E+00
3.775099E+00  1.366E+00
3.775269E+00  1.388E+00
3.775438E+00  1.197E+00
3.775606E+00  1.064E+00
3.775772E+00  9.648E-01
3.775938E+00  8.858E-01
3.776103E+00  8.197E-01
3.776429E+00  7.128E-01
3.776752E+00  6.284E-01
3.777228E+00  5.287E-01
3.777696E+00  4.501E-01
3.778308E+00  3.648E-01
3.779344E+00  2.388E-01
3.779632E+00  2.080E-01
3.779775E+00  1.958E-01
3.779917E+00  1.876E-01
3.780058E+00  1.845E-01
3.780199E+00  1.871E-01
3.780338E+00  1.944E-01
3.780615E+00  2.132E-01
3.780752E+00  2.203E-01
3.780889E+00  2.246E-01
3.781160E+00  2.255E-01
3.781692E+00  2.149E-01
3.781823E+00  2.138E-01
3.781954E+00  2.150E-01
3.782083E+00  2.202E-01
3.782212E+00  2.320E-01
3.782341E+00  2.547E-01
3.782468E+00  2.972E-01
3.782595E+00  3.792E-01
3.782721E+00  5.524E-01
3.782847E+00  9.611E-01
3.782972E+00  1.715E+00
3.783096E+00  1.758E+00
3.783219E+00  1.330E+00
3.783342E+00  1.112E+00
3.783464E+00  1.006E+00
3.783706E+00  8.626E-01
3.783946E+00  7.376E-01
3.784183E+00  6.354E-01
3.784417E+00  5.565E-01
3.784649E+00  4.950E-01
3.784992E+00  4.178E-01
3.785105E+00  3.887E-01
3.785218E+00  3.514E-01
3.785330E+00  1.046E+00
3.785441E+00  5.239E-01
3.785552E+00  4.475E-01
3.785662E+00  4.174E-01
3.785772E+00  3.994E-01
3.785989E+00  3.783E-01
3.786097E+00  3.733E-01
3.786205E+00  3.733E-01
3.786311E+00  3.832E-01
3.786418E+00  4.168E-01
3.786523E+00  5.016E-01
3.786628E+00  5.647E-01
3.786733E+00  4.821E-01
3.786837E+00  4.114E-01
3.786940E+00  3.755E-01
3.787043E+00  3.562E-01
3.787146E+00  3.449E-01
3.787349E+00  3.335E-01
3.787650E+00  3.310E-01
3.787946E+00  3.403E-01
3.788238E+00  3.514E-01
3.788335E+00  3.498E-01
3.788430E+00  3.418E-01
3.788526E+00  3.256E-01
3.788621E+00  3.010E-01
3.788809E+00  2.367E-01
3.788902E+00  2.123E-01
3.788995E+00  2.240E-01
3.789088E+00  3.373E-01
3.789180E+00  5.987E-01
3.789272E+00  8.042E-01
3.789363E+00  8.088E-01
3.789544E+00  6.677E-01
3.789633E+00  6.139E-01
3.789723E+00  5.744E-01
3.789812E+00  5.461E-01
3.789900E+00  5.261E-01
3.789988E+00  5.125E-01
3.790163E+00  5.001E-01
3.790336E+00  5.034E-01
3.790508E+00  5.202E-01
3.790846E+00  5.791E-01
3.790929E+00  5.883E-01
3.791012E+00  5.867E-01
3.791095E+00  5.693E-01
3.791177E+00  5.338E-01
3.791259E+00  4.839E-01
3.791421E+00  3.740E-01
3.791502E+00  3.283E-01
3.791582E+00  2.928E-01
3.791662E+00  2.669E-01
3.791742E+00  2.493E-01
3.791821E+00  2.381E-01
3.791900E+00  2.322E-01
3.791978E+00  2.304E-01
3.792056E+00  2.322E-01
3.792134E+00  2.372E-01
3.792211E+00  2.453E-01
3.792288E+00  2.565E-01
3.792365E+00  2.710E-01
3.792441E+00  2.888E-01
3.792668E+00  3.516E-01
3.792743E+00  3.577E-01
3.792817E+00  3.401E-01
3.792891E+00  3.755E-01
3.792965E+00  6.755E-01
3.793038E+00  1.003E+00
3.793112E+00  1.163E+00
3.793184E+00  1.195E+00
3.793257E+00  1.142E+00
3.793329E+00  1.042E+00
3.793472E+00  8.158E-01
3.793543E+00  7.187E-01
3.793614E+00  6.370E-01
3.793685E+00  5.697E-01
3.793755E+00  5.144E-01
3.793825E+00  4.687E-01
3.793894E+00  4.307E-01
3.793963E+00  3.985E-01
3.794101E+00  3.453E-01
3.794237E+00  2.961E-01
3.794305E+00  2.654E-01
3.794372E+00  2.495E-01
3.794439E+00  8.837E-01
3.794506E+00  4.428E-01
3.794572E+00  3.723E-01
3.794639E+00  3.446E-01
3.794704E+00  3.308E-01
3.794770E+00  3.249E-01
3.794835E+00  3.267E-01
3.794900E+00  3.405E-01
3.794965E+00  3.812E-01
3.795029E+00  4.965E-01
3.795094E+00  7.670E-01
3.795157E+00  7.632E-01
3.795221E+00  5.123E-01
3.795284E+00  3.955E-01
3.795347E+00  3.450E-01
3.795410E+00  3.199E-01
3.795472E+00  3.061E-01
3.795535E+00  2.982E-01
3.795658E+00  2.916E-01
3.795842E+00  2.947E-01
3.796082E+00  3.102E-01
3.796142E+00  3.117E-01
3.796201E+00  3.091E-01
3.796260E+00  3.002E-01
3.796319E+00  2.837E-01
3.796378E+00  2.605E-01
3.796436E+00  2.339E-01
3.796494E+00  2.107E-01
3.796552E+00  2.035E-01
3.796609E+00  2.368E-01
3.796667E+00  3.482E-01
3.796724E+00  5.376E-01
3.796780E+00  7.008E-01
3.796837E+00  7.600E-01
3.796893E+00  7.523E-01
3.797005E+00  7.026E-01
3.797061E+00  6.877E-01
3.797116E+00  6.821E-01
3.797171E+00  6.855E-01
3.797226E+00  6.973E-01
3.797281E+00  7.170E-01
3.797390E+00  7.778E-01
3.797551E+00  8.911E-01
3.797604E+00  9.126E-01
3.797658E+00  9.106E-01
3.797710E+00  8.776E-01
3.797763E+00  8.140E-01
3.797816E+00  7.290E-01
3.797920E+00  5.490E-01
3.797972E+00  4.734E-01
3.798023E+00  4.120E-01
3.798075E+00  3.644E-01
3.798126E+00  3.286E-01
3.798177E+00  3.025E-01
3.798228E+00  2.842E-01
3.798278E+00  2.723E-01
3.798328E+00  2.657E-01
3.798379E+00  2.635E-01
3.798429E+00  2.654E-01
3.798478E+00  2.712E-01
3.798528E+00  2.809E-01
3.798577E+00  2.944E-01
3.798626E+00  3.119E-01
3.798773E+00  3.793E-01
3.798821E+00  3.907E-01
3.798869E+00  3.756E-01
3.798917E+00  3.467E-01
3.798965E+00  4.371E-01
3.799012E+00  7.104E-01
3.799060E+00  9.820E-01
3.799107E+00  1.141E+00
3.799154E+00  1.175E+00
3.799201E+00  1.114E+00
3.799340E+00  7.651E-01
3.799386E+00  6.668E-01
3.799432E+00  5.858E-01
3.799478E+00  5.200E-01
3.799523E+00  4.666E-01
3.799569E+00  4.229E-01
3.799614E+00  3.868E-01
3.799659E+00  3.564E-01
3.799749E+00  3.063E-01
3.799837E+00  2.584E-01
3.799881E+00  2.279E-01
3.799925E+00  2.869E-01
3.799969E+00  6.750E-01
3.800013E+00  4.051E-01
3.800056E+00  3.492E-01
3.800100E+00  3.282E-01
3.800143E+00  3.216E-01
3.800186E+00  3.270E-01
3.800228E+00  3.503E-01
3.800271E+00  4.126E-01
3.800314E+00  5.747E-01
3.800356E+00  8.624E-01
3.800398E+00  7.637E-01
3.800440E+00  5.113E-01
3.800482E+00  3.922E-01
3.800523E+00  3.383E-01
3.800565E+00  3.108E-01
3.800606E+00  2.954E-01
3.800647E+00  2.865E-01
3.800729E+00  2.787E-01
3.800851E+00  2.805E-01
3.801090E+00  3.023E-01
3.801130E+00  3.006E-01
3.801169E+00  2.935E-01
3.801208E+00  2.797E-01
3.801247E+00  2.598E-01
3.801285E+00  2.368E-01
3.801324E+00  2.181E-01
3.801363E+00  2.173E-01
3.801401E+00  2.593E-01
3.801439E+00  3.718E-01
3.801477E+00  5.379E-01
3.801515E+00  6.794E-01
3.801553E+00  7.540E-01
3.801590E+00  7.836E-01
3.801665E+00  8.127E-01
3.801702E+00  8.348E-01
3.801740E+00  8.666E-01
3.801813E+00  9.602E-01
3.801886E+00  1.078E+00
3.801923E+00  1.129E+00
3.801959E+00  1.159E+00
3.801995E+00  1.152E+00
3.802031E+00  1.101E+00
3.802067E+00  1.011E+00
3.802174E+00  6.629E-01
3.802209E+00  5.665E-01
3.802245E+00  4.880E-01
3.802280E+00  4.261E-01
3.802315E+00  3.784E-01
3.802349E+00  3.422E-01
3.802384E+00  3.153E-01
3.802419E+00  2.958E-01
3.802453E+00  2.824E-01
3.802488E+00  2.741E-01
3.802522E+00  2.701E-01
3.802556E+00  2.700E-01
3.802590E+00  2.737E-01
3.802624E+00  2.810E-01
3.802658E+00  2.920E-01
3.802691E+00  3.068E-01
3.802725E+00  3.254E-01
3.802791E+00  3.698E-01
3.802824E+00  3.882E-01
3.802857E+00  3.923E-01
3.802890E+00  3.798E-01
3.802923E+00  4.237E-01
3.802956E+00  6.330E-01
3.802988E+00  8.853E-01
3.803021E+00  1.050E+00
3.803053E+00  1.107E+00
3.803085E+00  1.076E+00
3.803118E+00  9.881E-01
3.803181E+00  7.678E-01
3.803213E+00  6.697E-01
3.803245E+00  5.869E-01
3.803276E+00  5.187E-01
3.803308E+00  4.630E-01
3.803339E+00  4.175E-01
3.803370E+00  3.801E-01
3.803401E+00  3.489E-01
3.803432E+00  3.223E-01
3.803525E+00  2.570E-01
3.803555E+00  2.339E-01
3.803586E+00  2.062E-01
3.803616E+00  3.502E-01
3.803647E+00  5.912E-01
3.803677E+00  3.810E-01
3.803707E+00  3.346E-01
3.803737E+00  3.206E-01
3.803767E+00  3.242E-01
3.803796E+00  3.488E-01
3.803826E+00  4.146E-01
3.803856E+00  5.765E-01
3.803885E+00  8.453E-01
3.803914E+00  7.886E-01
3.803944E+00  5.437E-01
3.803973E+00  4.107E-01
3.804002E+00  3.471E-01
3.804031E+00  3.139E-01
3.804060E+00  2.950E-01
3.804088E+00  2.838E-01
3.804117E+00  2.771E-01
3.804174E+00  2.716E-01
3.804259E+00  2.750E-01
3.804426E+00  3.002E-01
3.804453E+00  3.005E-01
3.804481E+00  2.963E-01
3.804508E+00  2.862E-01
3.804535E+00  2.701E-01
3.804590E+00  2.326E-01
3.804617E+00  2.299E-01
3.804644E+00  2.659E-01
3.804670E+00  3.673E-01
3.804697E+00  5.231E-01
3.804724E+00  6.713E-01
3.804750E+00  7.728E-01
3.804777E+00  8.384E-01
3.804856E+00  1.004E+00
3.804908E+00  1.154E+00
3.804959E+00  1.302E+00
3.804985E+00  1.340E+00
3.805011E+00  1.329E+00
3.805037E+00  1.262E+00
3.805062E+00  1.147E+00
3.805113E+00  8.608E-01
3.805138E+00  7.296E-01
3.805163E+00  6.189E-01
3.805188E+00  5.294E-01
3.805213E+00  4.589E-01
3.805238E+00  4.043E-01
3.805263E+00  3.625E-01
3.805288E+00  3.307E-01
3.805313E+00  3.070E-01
3.805337E+00  2.897E-01
3.805362E+00  2.777E-01
3.805386E+00  2.702E-01
3.805411E+00  2.665E-01
3.805435E+00  2.664E-01
3.805459E+00  2.697E-01
3.805483E+00  2.763E-01
3.805508E+00  2.864E-01
3.805532E+00  3.000E-01
3.805579E+00  3.375E-01
3.805627E+00  3.800E-01
3.805674E+00  4.030E-01
3.805697E+00  4.807E-01
3.805744E+00  8.883E-01
3.805767E+00  9.934E-01
3.805791E+00  1.018E+00
3.805814E+00  9.808E-01
3.805837E+00  9.034E-01
3.805905E+00  6.271E-01
3.805928E+00  5.527E-01
3.805951E+00  4.906E-01
3.805973E+00  4.392E-01
3.805996E+00  3.969E-01
3.806018E+00  3.618E-01
3.806063E+00  3.076E-01
3.806085E+00  2.860E-01
3.806152E+00  2.287E-01
3.806174E+00  2.060E-01
3.806196E+00  1.883E-01
3.806218E+00  9.538E-01
3.806239E+00  4.357E-01
3.806261E+00  3.430E-01
3.806283E+00  3.198E-01
3.806304E+00  3.219E-01
3.806326E+00  3.493E-01
3.806347E+00  4.233E-01
3.806369E+00  5.969E-01
3.806390E+00  8.440E-01
3.806411E+00  7.704E-01
3.806432E+00  5.452E-01
3.806453E+00  4.158E-01
3.806475E+00  3.505E-01
3.806496E+00  3.152E-01
3.806516E+00  2.947E-01
3.806537E+00  2.822E-01
3.806558E+00  2.746E-01
3.806600E+00  2.677E-01
3.806661E+00  2.699E-01
3.806722E+00  2.817E-01
3.806803E+00  3.010E-01
3.806823E+00  3.017E-01
3.806838E+00  2.992E-01
3.816818E+00  4.274E-01
3.866818E+00  1.716E-01
3.916818E+00  1.210E-01
3.966818E+00  1.045E-01
4.016818E+00  9.919E-02
4.116818E+00  9.564E-02
4.516818E+00  9.084E-02
4.766818E+00  8.440E-02
5.116818E+00  7.340E-02
5.716818E+00  5.665E-02
6.066818E+00  4.927E-02
6.616818E+00  3.912E-02
6.866818E+00  3.575E-02
7.216818E+00  3.154E-02
7.516818E+00  2.778E-02
7.816818E+00  2.536E-02
8.116818E+00  2.300E-02
8.466818E+00  1.998E-02
8.716818E+00  1.857E-02
9.016818E+00  1.727E-02
9.466818E+00  1.450E-02
9.666818E+00  1.367E-02
1.016245E+01  1.187E-02
1.068349E+01  1.031E-02
1.123125E+01  8.956E-03
1.180709E+01  7.778E-03
1.241245E+01  6.755E-03
1.304886E+01  5.867E-03
1.371789E+01  5.096E-03
1.442122E+01  4.426E-03
1.516062E+01  3.844E-03
1.593792E+01  3.338E-03
1.675508E+01  2.899E-03
1.761413E+01  2.518E-03
1.851723E+01  2.187E-03
1.946664E+01  1.899E-03
2.046472E+01  1.650E-03
2.151397E+01  1.433E-03
2.261702E+01  1.244E-03
2.377662E+01  1.081E-03
2.499568E+01  9.387E-04
2.627724E+01  8.153E-04
2.762451E+01  7.081E-04
2.904085E+01  6.150E-04
3.052982E+01  5.341E-04
3.209512E+01  4.639E-04
3.374068E+01  4.029E-04
3.547061E+01  3.499E-04
3.728923E+01  3.039E-04
3.920110E+01  2.639E-04
