# photon energy(Ry), cross section(Mb)
6.250785E-02  1.908E+01
6.450785E-02  1.692E+01
6.650785E-02  1.506E+01
6.850785E-02  1.344E+01
7.050785E-02  1.203E+01
7.250785E-02  1.079E+01
7.450785E-02  9.707E+00
7.650785E-02  8.753E+00
7.850785E-02  7.912E+00
8.050785E-02  7.168E+00
8.250785E-02  6.507E+00
8.450785E-02  5.919E+00
8.650785E-02  5.395E+00
8.850785E-02  4.927E+00
9.050785E-02  4.507E+00
9.250785E-02  4.130E+00
9.450785E-02  3.791E+00
9.650785E-02  3.486E+00
9.850785E-02  3.210E+00
1.005079E-01  2.960E+00
1.025079E-01  2.733E+00
1.045079E-01  2.527E+00
1.065079E-01  2.340E+00
1.085079E-01  2.170E+00
1.105079E-01  2.014E+00
1.125079E-01  1.871E+00
1.145079E-01  1.741E+00
1.165079E-01  1.621E+00
1.185079E-01  1.511E+00
1.205079E-01  1.410E+00
1.225079E-01  1.317E+00
1.245079E-01  1.232E+00
1.265079E-01  1.153E+00
1.285079E-01  1.079E+00
1.305079E-01  1.012E+00
1.325079E-01  9.490E-01
1.345079E-01  8.909E-01
1.365079E-01  8.370E-01
1.385079E-01  7.868E-01
1.405079E-01  7.402E-01
1.425079E-01  6.968E-01
1.445079E-01  6.564E-01
1.465079E-01  6.187E-01
1.485079E-01  5.835E-01
1.505079E-01  5.507E-01
1.525079E-01  5.200E-01
1.545079E-01  4.913E-01
1.565079E-01  4.644E-01
1.585079E-01  4.393E-01
1.605079E-01  4.157E-01
1.625079E-01  3.936E-01
1.645079E-01  3.729E-01
1.665079E-01  3.534E-01
1.685079E-01  3.352E-01
1.705079E-01  3.180E-01
1.725079E-01  3.018E-01
1.745079E-01  2.867E-01
1.765079E-01  2.724E-01
1.785079E-01  2.589E-01
1.805079E-01  2.463E-01
1.825079E-01  2.343E-01
1.845079E-01  2.231E-01
1.865079E-01  2.125E-01
1.885079E-01  2.025E-01
1.905079E-01  1.930E-01
1.925079E-01  1.841E-01
1.945079E-01  1.757E-01
1.965079E-01  1.677E-01
1.985079E-01  1.602E-01
2.005079E-01  1.531E-01
2.025079E-01  1.464E-01
2.045079E-01  1.400E-01
2.065079E-01  1.340E-01
2.085079E-01  1.283E-01
2.105079E-01  1.228E-01
2.125079E-01  1.177E-01
2.145079E-01  1.128E-01
2.165079E-01  1.082E-01
2.185079E-01  1.038E-01
2.205079E-01  9.967E-02
2.225079E-01  9.571E-02
2.245079E-01  9.195E-02
2.265079E-01  8.838E-02
2.285079E-01  8.497E-02
2.305079E-01  8.173E-02
2.325079E-01  7.864E-02
2.345079E-01  7.570E-02
2.365079E-01  7.290E-02
2.385079E-01  7.022E-02
2.405079E-01  6.767E-02
2.425079E-01  6.523E-02
2.445079E-01  6.290E-02
2.465079E-01  6.067E-02
2.485079E-01  5.854E-02
2.505079E-01  5.650E-02
2.525079E-01  5.455E-02
2.545079E-01  5.268E-02
2.565079E-01  5.089E-02
2.585079E-01  4.917E-02
2.605079E-01  4.752E-02
2.625079E-01  4.593E-02
2.645079E-01  4.441E-02
2.665079E-01  4.295E-02
2.685079E-01  4.154E-02
2.705079E-01  4.019E-02
2.725079E-01  3.888E-02
2.745079E-01  3.763E-02
2.765079E-01  3.642E-02
2.785079E-01  3.526E-02
2.805079E-01  3.413E-02
2.825079E-01  3.305E-02
2.845079E-01  3.201E-02
2.865079E-01  3.100E-02
2.885079E-01  3.003E-02
2.905079E-01  2.908E-02
2.925079E-01  2.818E-02
2.945079E-01  2.730E-02
2.965079E-01  2.645E-02
2.985079E-01  2.563E-02
3.005079E-01  2.483E-02
3.025079E-01  2.407E-02
3.045079E-01  2.332E-02
3.065079E-01  2.260E-02
3.085079E-01  2.191E-02
3.105079E-01  2.123E-02
3.125079E-01  2.058E-02
3.145079E-01  1.995E-02
3.165079E-01  1.934E-02
3.185079E-01  1.875E-02
3.205079E-01  1.818E-02
3.225079E-01  1.762E-02
3.245079E-01  1.709E-02
3.265079E-01  1.657E-02
3.285079E-01  1.606E-02
3.305079E-01  1.558E-02
3.325079E-01  1.511E-02
3.345079E-01  1.465E-02
3.365079E-01  1.421E-02
3.385079E-01  1.378E-02
3.405079E-01  1.337E-02
3.425079E-01  1.297E-02
3.445079E-01  1.258E-02
3.465079E-01  1.221E-02
3.485079E-01  1.185E-02
3.505079E-01  1.150E-02
3.525079E-01  1.116E-02
3.545079E-01  1.083E-02
3.565079E-01  1.051E-02
3.585079E-01  1.021E-02
3.605079E-01  9.913E-03
3.625079E-01  9.628E-03
3.645079E-01  9.353E-03
3.665079E-01  9.086E-03
3.685079E-01  8.829E-03
3.705079E-01  8.581E-03
3.725079E-01  8.342E-03
3.745079E-01  8.110E-03
3.765079E-01  7.887E-03
3.785079E-01  7.672E-03
3.805079E-01  7.464E-03
3.825079E-01  7.263E-03
3.845079E-01  7.070E-03
3.865079E-01  6.883E-03
3.885079E-01  6.702E-03
3.905079E-01  6.529E-03
3.925079E-01  6.361E-03
3.945079E-01  6.199E-03
3.965079E-01  6.043E-03
3.985079E-01  5.892E-03
4.005079E-01  5.747E-03
4.025079E-01  5.606E-03
4.045079E-01  5.471E-03
4.065079E-01  5.340E-03
4.085079E-01  5.214E-03
4.105079E-01  5.093E-03
4.125079E-01  4.975E-03
4.145079E-01  4.862E-03
4.165079E-01  4.752E-03
4.185079E-01  4.646E-03
4.205079E-01  4.544E-03
4.225079E-01  4.445E-03
4.245079E-01  4.350E-03
4.265079E-01  4.257E-03
4.285079E-01  4.168E-03
4.305079E-01  4.082E-03
4.325079E-01  3.998E-03
4.345079E-01  3.917E-03
4.365079E-01  3.838E-03
4.385079E-01  3.762E-03
4.405079E-01  3.688E-03
4.425079E-01  3.616E-03
4.445079E-01  3.546E-03
4.465079E-01  3.479E-03
4.485079E-01  3.413E-03
4.505079E-01  3.349E-03
4.525079E-01  3.287E-03
4.545079E-01  3.226E-03
4.565079E-01  3.167E-03
4.585079E-01  3.109E-03
4.605079E-01  3.053E-03
4.625079E-01  2.998E-03
4.645079E-01  2.945E-03
4.665079E-01  2.892E-03
4.685079E-01  2.841E-03
4.705079E-01  2.791E-03
4.725079E-01  2.742E-03
4.745079E-01  2.693E-03
4.765079E-01  2.646E-03
4.785079E-01  2.600E-03
4.805079E-01  2.554E-03
4.825079E-01  2.509E-03
4.845079E-01  2.465E-03
4.865079E-01  2.422E-03
4.885079E-01  2.380E-03
4.905079E-01  2.338E-03
4.925079E-01  2.296E-03
4.945079E-01  2.256E-03
4.965079E-01  2.215E-03
4.985079E-01  2.176E-03
5.005079E-01  2.137E-03
5.025079E-01  2.098E-03
5.045079E-01  2.060E-03
5.065079E-01  2.023E-03
5.085079E-01  1.986E-03
5.105079E-01  1.949E-03
5.125079E-01  1.913E-03
5.145079E-01  1.877E-03
5.165079E-01  1.842E-03
5.185079E-01  1.807E-03
5.205079E-01  1.773E-03
5.225079E-01  1.739E-03
5.245079E-01  1.705E-03
5.265079E-01  1.672E-03
5.285079E-01  1.639E-03
5.305079E-01  1.607E-03
5.325079E-01  1.574E-03
5.345079E-01  1.543E-03
5.365079E-01  1.512E-03
5.385079E-01  1.481E-03
5.405079E-01  1.451E-03
5.425079E-01  1.421E-03
5.445079E-01  1.391E-03
5.465079E-01  1.362E-03
5.485079E-01  1.333E-03
5.505079E-01  1.305E-03
5.525079E-01  1.277E-03
5.545079E-01  1.249E-03
5.565079E-01  1.222E-03
5.585079E-01  1.196E-03
5.605079E-01  1.170E-03
5.625079E-01  1.144E-03
5.645079E-01  1.119E-03
5.665079E-01  1.094E-03
5.685079E-01  1.070E-03
5.705079E-01  1.046E-03
5.725079E-01  1.022E-03
5.745079E-01  9.994E-04
5.765079E-01  9.768E-04
5.785079E-01  9.548E-04
5.805079E-01  9.332E-04
5.825079E-01  9.120E-04
5.845079E-01  8.913E-04
5.865079E-01  8.711E-04
5.885079E-01  8.513E-04
5.905079E-01  8.320E-04
5.925079E-01  8.132E-04
5.945079E-01  7.947E-04
5.965079E-01  7.768E-04
5.985079E-01  7.593E-04
6.005079E-01  7.422E-04
6.025079E-01  7.256E-04
6.045079E-01  7.094E-04
6.065079E-01  6.936E-04
6.085079E-01  6.783E-04
6.105079E-01  6.634E-04
6.125079E-01  6.489E-04
6.145079E-01  6.348E-04
6.165079E-01  6.211E-04
6.185079E-01  6.079E-04
6.205079E-01  5.950E-04
6.225079E-01  5.825E-04
6.245079E-01  5.704E-04
6.265079E-01  5.587E-04
6.285079E-01  5.473E-04
6.305079E-01  5.363E-04
6.325079E-01  5.257E-04
6.345079E-01  5.153E-04
6.365079E-01  5.054E-04
6.385079E-01  4.958E-04
6.405079E-01  4.864E-04
6.425079E-01  4.774E-04
6.445079E-01  4.688E-04
6.465079E-01  4.604E-04
6.485079E-01  4.523E-04
6.505079E-01  4.445E-04
6.525079E-01  4.370E-04
6.545079E-01  4.297E-04
6.565079E-01  4.227E-04
6.585079E-01  4.160E-04
6.605079E-01  4.095E-04
6.625079E-01  4.032E-04
6.645079E-01  3.972E-04
6.665079E-01  3.914E-04
6.685079E-01  3.858E-04
6.705079E-01  3.804E-04
6.725079E-01  3.753E-04
6.745079E-01  3.703E-04
6.765079E-01  3.655E-04
6.785079E-01  3.609E-04
6.805079E-01  3.565E-04
6.825079E-01  3.522E-04
6.845079E-01  3.481E-04
6.865079E-01  3.441E-04
6.885079E-01  3.403E-04
6.905079E-01  3.366E-04
6.925079E-01  3.331E-04
6.945079E-01  3.297E-04
6.965079E-01  3.264E-04
6.985079E-01  3.232E-04
7.005079E-01  3.201E-04
7.025079E-01  3.171E-04
7.045079E-01  3.142E-04
7.065079E-01  3.115E-04
7.085079E-01  3.088E-04
7.105079E-01  3.061E-04
7.125079E-01  3.036E-04
7.145079E-01  3.011E-04
7.165079E-01  2.987E-04
7.185079E-01  2.963E-04
7.205079E-01  2.940E-04
7.225079E-01  2.917E-04
7.245079E-01  2.895E-04
7.265079E-01  2.873E-04
7.285079E-01  2.852E-04
7.305079E-01  2.830E-04
7.325079E-01  2.810E-04
7.345079E-01  2.789E-04
7.365079E-01  2.768E-04
7.385079E-01  2.748E-04
7.405079E-01  2.728E-04
7.425079E-01  2.707E-04
7.445079E-01  2.687E-04
7.465079E-01  2.667E-04
7.485079E-01  2.647E-04
7.505079E-01  2.626E-04
7.525079E-01  2.606E-04
7.545079E-01  2.585E-04
7.565079E-01  2.565E-04
7.585079E-01  2.544E-04
7.605079E-01  2.523E-04
7.625079E-01  2.502E-04
7.645079E-01  2.481E-04
7.665079E-01  2.459E-04
7.685079E-01  2.437E-04
7.705079E-01  2.415E-04
7.725079E-01  2.393E-04
7.745079E-01  2.370E-04
7.765079E-01  2.347E-04
7.785079E-01  2.324E-04
7.805079E-01  2.300E-04
7.825079E-01  2.277E-04
7.845079E-01  2.253E-04
7.865079E-01  2.228E-04
7.885079E-01  2.204E-04
7.905079E-01  2.179E-04
7.925079E-01  2.153E-04
7.945079E-01  2.128E-04
7.965079E-01  2.102E-04
7.985079E-01  2.076E-04
8.005079E-01  2.050E-04
8.025079E-01  2.023E-04
8.045079E-01  1.996E-04
8.065079E-01  1.969E-04
8.085079E-01  1.942E-04
8.105079E-01  1.915E-04
8.125079E-01  1.887E-04
8.145079E-01  1.859E-04
8.165079E-01  1.831E-04
8.185079E-01  1.803E-04
8.205079E-01  1.775E-04
8.225079E-01  1.747E-04
8.245079E-01  1.718E-04
8.265079E-01  1.690E-04
8.285079E-01  1.662E-04
8.305079E-01  1.633E-04
8.325079E-01  1.605E-04
8.345079E-01  1.576E-04
8.365079E-01  1.548E-04
8.385079E-01  1.520E-04
8.405079E-01  1.492E-04
8.425079E-01  1.463E-04
8.445079E-01  1.435E-04
8.465079E-01  1.408E-04
8.485079E-01  1.380E-04
8.505079E-01  1.353E-04
8.525079E-01  1.325E-04
8.545079E-01  1.298E-04
8.565079E-01  1.271E-04
8.585079E-01  1.245E-04
8.605079E-01  1.218E-04
8.625079E-01  1.192E-04
8.645079E-01  1.167E-04
8.665079E-01  1.141E-04
8.685079E-01  1.116E-04
8.705079E-01  1.092E-04
8.725079E-01  1.067E-04
8.745079E-01  1.043E-04
8.765079E-01  1.020E-04
8.785079E-01  9.965E-05
8.805079E-01  9.737E-05
8.825079E-01  9.512E-05
8.845079E-01  9.293E-05
8.865079E-01  9.077E-05
8.885079E-01  8.865E-05
8.905079E-01  8.658E-05
8.925079E-01  8.456E-05
8.945079E-01  8.258E-05
8.965079E-01  8.064E-05
8.985079E-01  7.875E-05
9.005079E-01  7.690E-05
9.025079E-01  7.510E-05
9.045079E-01  7.335E-05
9.065079E-01  7.164E-05
9.085079E-01  6.998E-05
9.105079E-01  6.836E-05
9.125079E-01  6.678E-05
9.145079E-01  6.526E-05
9.165079E-01  6.377E-05
9.185079E-01  6.234E-05
9.205079E-01  6.094E-05
9.225079E-01  5.959E-05
9.245079E-01  5.829E-05
9.265079E-01  5.702E-05
9.285079E-01  5.580E-05
9.305079E-01  5.462E-05
9.325079E-01  5.349E-05
9.345079E-01  5.239E-05
9.365079E-01  5.133E-05
9.385079E-01  5.032E-05
9.405079E-01  4.934E-05
9.425079E-01  4.840E-05
9.445079E-01  4.750E-05
9.465079E-01  4.663E-05
9.485079E-01  4.580E-05
9.505079E-01  4.501E-05
9.525079E-01  4.425E-05
9.545079E-01  4.353E-05
9.565079E-01  4.283E-05
9.585079E-01  4.217E-05
9.605079E-01  4.155E-05
9.625079E-01  4.095E-05
9.645079E-01  4.038E-05
9.665079E-01  3.985E-05
9.685079E-01  3.934E-05
9.705079E-01  3.886E-05
9.725079E-01  3.841E-05
9.745079E-01  3.798E-05
9.765079E-01  3.758E-05
9.785079E-01  3.721E-05
9.805079E-01  3.686E-05
9.825079E-01  3.653E-05
9.845079E-01  3.623E-05
9.865079E-01  3.595E-05
9.885079E-01  3.569E-05
9.905079E-01  3.545E-05
9.925079E-01  3.524E-05
9.945079E-01  3.504E-05
9.965079E-01  3.486E-05
9.985079E-01  3.470E-05
1.000508E+00  3.456E-05
1.002508E+00  3.444E-05
1.004508E+00  3.433E-05
1.006508E+00  3.424E-05
1.008508E+00  3.416E-05
1.010508E+00  3.410E-05
1.012508E+00  3.405E-05
1.014508E+00  3.401E-05
1.016508E+00  3.399E-05
1.018508E+00  3.398E-05
1.020508E+00  3.398E-05
1.022508E+00  3.400E-05
1.024508E+00  3.402E-05
1.026508E+00  3.405E-05
1.028508E+00  3.409E-05
1.030508E+00  3.414E-05
1.032508E+00  3.420E-05
1.034508E+00  3.426E-05
1.036508E+00  3.433E-05
1.038508E+00  3.441E-05
1.040508E+00  3.449E-05
1.042508E+00  3.458E-05
1.044508E+00  3.467E-05
1.046508E+00  3.476E-05
1.048508E+00  3.486E-05
1.050508E+00  3.495E-05
1.052508E+00  3.505E-05
1.054508E+00  3.515E-05
1.056508E+00  3.525E-05
1.058508E+00  3.535E-05
1.060508E+00  3.545E-05
1.062508E+00  3.555E-05
1.064508E+00  3.564E-05
1.066508E+00  3.573E-05
1.068508E+00  3.582E-05
1.070508E+00  3.590E-05
1.072508E+00  3.598E-05
1.074508E+00  3.606E-05
1.076508E+00  3.612E-05
1.078508E+00  3.619E-05
1.080508E+00  3.624E-05
1.082508E+00  3.629E-05
1.084508E+00  3.633E-05
1.086508E+00  3.636E-05
1.088508E+00  3.638E-05
1.090508E+00  3.639E-05
1.092508E+00  3.640E-05
1.094508E+00  3.639E-05
1.096508E+00  3.638E-05
1.098508E+00  3.635E-05
1.100508E+00  3.631E-05
1.102508E+00  3.626E-05
1.104508E+00  3.620E-05
1.106508E+00  3.613E-05
1.108508E+00  3.604E-05
1.110508E+00  3.595E-05
1.112508E+00  3.584E-05
1.114508E+00  3.571E-05
1.116508E+00  3.558E-05
1.118508E+00  3.543E-05
1.120508E+00  3.527E-05
1.122508E+00  3.510E-05
1.124508E+00  3.491E-05
1.126508E+00  3.471E-05
1.128508E+00  3.450E-05
1.130508E+00  3.427E-05
1.132508E+00  3.404E-05
1.134508E+00  3.379E-05
1.136508E+00  3.352E-05
1.138508E+00  3.325E-05
1.140508E+00  3.296E-05
1.142508E+00  3.266E-05
1.144508E+00  3.235E-05
1.146508E+00  3.203E-05
1.148508E+00  3.170E-05
1.150508E+00  3.136E-05
1.152508E+00  3.100E-05
1.154508E+00  3.064E-05
1.156508E+00  3.027E-05
1.158508E+00  2.988E-05
1.160508E+00  2.949E-05
1.162508E+00  2.909E-05
1.164508E+00  2.868E-05
1.166508E+00  2.827E-05
1.168508E+00  2.785E-05
1.170508E+00  2.742E-05
1.172508E+00  2.698E-05
1.174508E+00  2.654E-05
1.176508E+00  2.609E-05
1.178508E+00  2.564E-05
1.180508E+00  2.519E-05
1.182508E+00  2.473E-05
1.184508E+00  2.427E-05
1.186508E+00  2.380E-05
1.188508E+00  2.333E-05
1.190508E+00  2.286E-05
1.192508E+00  2.239E-05
1.194508E+00  2.192E-05
1.196508E+00  2.145E-05
1.198508E+00  2.098E-05
1.200508E+00  2.051E-05
1.202508E+00  2.004E-05
1.204508E+00  1.958E-05
1.206508E+00  1.911E-05
1.208508E+00  1.865E-05
1.210508E+00  1.819E-05
1.212508E+00  1.773E-05
1.214508E+00  1.728E-05
1.216508E+00  1.683E-05
1.218508E+00  1.639E-05
1.220508E+00  1.595E-05
1.222508E+00  1.552E-05
1.224508E+00  1.509E-05
1.226508E+00  1.467E-05
1.228508E+00  1.425E-05
1.230508E+00  1.384E-05
1.232508E+00  1.344E-05
1.234508E+00  1.304E-05
1.236508E+00  1.265E-05
1.238508E+00  1.227E-05
1.240508E+00  1.190E-05
1.242508E+00  1.153E-05
1.244508E+00  1.117E-05
1.246508E+00  1.082E-05
1.248508E+00  1.048E-05
1.250508E+00  1.014E-05
1.252508E+00  9.818E-06
1.254508E+00  9.500E-06
1.256508E+00  9.189E-06
1.258508E+00  8.888E-06
1.260508E+00  8.594E-06
1.262508E+00  8.309E-06
1.264508E+00  8.033E-06
1.266508E+00  7.765E-06
1.268508E+00  7.505E-06
1.270508E+00  7.253E-06
1.272508E+00  7.009E-06
1.274508E+00  6.774E-06
1.276508E+00  6.546E-06
1.278508E+00  6.327E-06
1.280508E+00  6.115E-06
1.282508E+00  5.912E-06
1.284508E+00  5.715E-06
1.286508E+00  5.527E-06
1.288508E+00  5.346E-06
1.290508E+00  5.172E-06
1.292508E+00  5.005E-06
1.294508E+00  4.845E-06
1.296508E+00  4.692E-06
1.298508E+00  4.546E-06
1.300508E+00  4.407E-06
1.302508E+00  4.274E-06
1.304508E+00  4.147E-06
1.306508E+00  4.026E-06
1.308508E+00  3.911E-06
1.310508E+00  3.802E-06
1.312508E+00  3.699E-06
1.314508E+00  3.602E-06
1.316508E+00  3.509E-06
1.318508E+00  3.422E-06
1.320508E+00  3.341E-06
1.322508E+00  3.264E-06
1.324508E+00  3.192E-06
1.326508E+00  3.124E-06
1.328508E+00  3.062E-06
1.330508E+00  3.003E-06
1.332508E+00  2.950E-06
1.334508E+00  2.900E-06
1.336508E+00  2.855E-06
1.338508E+00  2.813E-06
1.340508E+00  2.776E-06
1.342508E+00  2.742E-06
1.344508E+00  2.712E-06
1.346508E+00  2.686E-06
1.348508E+00  2.663E-06
1.350508E+00  2.644E-06
1.352508E+00  2.628E-06
1.354508E+00  2.615E-06
1.356508E+00  2.606E-06
1.358508E+00  2.600E-06
1.360508E+00  2.598E-06
1.362508E+00  2.598E-06
1.364508E+00  2.601E-06
1.366508E+00  2.607E-06
1.368508E+00  2.617E-06
1.370508E+00  2.629E-06
1.372508E+00  2.644E-06
1.374508E+00  2.662E-06
1.376508E+00  2.682E-06
1.378508E+00  2.705E-06
1.380508E+00  2.731E-06
1.382508E+00  2.760E-06
1.384508E+00  2.791E-06
1.386508E+00  2.825E-06
1.388508E+00  2.861E-06
1.390508E+00  2.899E-06
1.392508E+00  2.940E-06
1.394508E+00  2.984E-06
1.396508E+00  3.030E-06
1.398508E+00  3.078E-06
1.400508E+00  3.128E-06
1.402508E+00  3.181E-06
1.404508E+00  3.235E-06
1.406508E+00  3.292E-06
1.408508E+00  3.350E-06
1.410508E+00  3.411E-06
1.412508E+00  3.474E-06
1.414508E+00  3.538E-06
1.416508E+00  3.604E-06
1.418508E+00  3.671E-06
1.420508E+00  3.741E-06
1.422508E+00  3.811E-06
1.424508E+00  3.883E-06
1.426508E+00  3.957E-06
1.428508E+00  4.031E-06
1.430508E+00  4.107E-06
1.432508E+00  4.184E-06
1.434508E+00  4.261E-06
1.436508E+00  4.340E-06
1.438508E+00  4.419E-06
1.440508E+00  4.498E-06
1.442508E+00  4.578E-06
1.444508E+00  4.659E-06
1.446508E+00  4.739E-06
1.448508E+00  4.820E-06
1.450508E+00  4.900E-06
1.452508E+00  4.980E-06
1.454508E+00  5.060E-06
1.456508E+00  5.140E-06
1.458508E+00  5.219E-06
1.460508E+00  5.297E-06
1.462508E+00  5.374E-06
1.464508E+00  5.450E-06
1.466508E+00  5.525E-06
1.468508E+00  5.599E-06
1.470508E+00  5.671E-06
1.472508E+00  5.742E-06
1.474508E+00  5.811E-06
1.476508E+00  5.878E-06
1.478508E+00  5.943E-06
1.480508E+00  6.006E-06
1.482508E+00  6.067E-06
1.484508E+00  6.125E-06
1.486508E+00  6.181E-06
1.488508E+00  6.235E-06
1.490508E+00  6.285E-06
1.492508E+00  6.333E-06
1.494508E+00  6.378E-06
1.496508E+00  6.420E-06
1.498508E+00  6.458E-06
1.500508E+00  6.494E-06
1.502508E+00  6.526E-06
1.504508E+00  6.555E-06
1.506508E+00  6.580E-06
1.508508E+00  6.602E-06
1.510508E+00  6.620E-06
1.512508E+00  6.634E-06
1.514508E+00  6.645E-06
1.516508E+00  6.652E-06
1.518508E+00  6.655E-06
1.520508E+00  6.654E-06
1.522508E+00  6.650E-06
1.524508E+00  6.642E-06
1.526508E+00  6.629E-06
1.528508E+00  6.613E-06
1.530508E+00  6.593E-06
1.532508E+00  6.570E-06
1.534508E+00  6.542E-06
1.536508E+00  6.510E-06
1.538508E+00  6.475E-06
1.540508E+00  6.436E-06
1.542508E+00  6.394E-06
1.544508E+00  6.347E-06
1.546508E+00  6.297E-06
1.548508E+00  6.244E-06
1.550508E+00  6.187E-06
1.552508E+00  6.127E-06
1.554508E+00  6.064E-06
1.556508E+00  5.997E-06
1.558508E+00  5.927E-06
1.560508E+00  5.855E-06
1.562508E+00  5.779E-06
1.564508E+00  5.701E-06
1.566508E+00  5.620E-06
1.568508E+00  5.536E-06
1.570508E+00  5.450E-06
1.572508E+00  5.362E-06
1.574508E+00  5.272E-06
1.576508E+00  5.179E-06
1.578508E+00  5.085E-06
1.580508E+00  4.989E-06
1.582508E+00  4.891E-06
1.584508E+00  4.792E-06
1.586508E+00  4.691E-06
1.588508E+00  4.589E-06
1.590508E+00  4.487E-06
1.592508E+00  4.383E-06
1.594508E+00  4.278E-06
1.596508E+00  4.173E-06
1.598508E+00  4.067E-06
1.600508E+00  3.961E-06
1.602508E+00  3.855E-06
1.604508E+00  3.749E-06
1.606508E+00  3.642E-06
1.608508E+00  3.536E-06
1.610508E+00  3.430E-06
1.612508E+00  3.325E-06
1.614508E+00  3.220E-06
1.616508E+00  3.116E-06
1.618508E+00  3.013E-06
1.620508E+00  2.910E-06
1.622508E+00  2.809E-06
1.624508E+00  2.708E-06
1.626508E+00  2.609E-06
1.628508E+00  2.512E-06
1.630508E+00  2.416E-06
1.632508E+00  2.321E-06
1.634508E+00  2.228E-06
1.636508E+00  2.136E-06
1.638508E+00  2.047E-06
1.640508E+00  1.959E-06
1.642508E+00  1.873E-06
1.644508E+00  1.789E-06
1.646508E+00  1.707E-06
1.648508E+00  1.627E-06
1.650508E+00  1.549E-06
1.652508E+00  1.473E-06
1.654508E+00  1.399E-06
1.656508E+00  1.328E-06
1.658508E+00  1.258E-06
1.660508E+00  1.191E-06
1.662508E+00  1.127E-06
1.664508E+00  1.064E-06
1.666508E+00  1.004E-06
1.668508E+00  9.457E-07
1.670508E+00  8.898E-07
1.672508E+00  8.362E-07
1.674508E+00  7.848E-07
1.676508E+00  7.355E-07
1.678508E+00  6.885E-07
1.680508E+00  6.435E-07
1.682508E+00  6.007E-07
1.684508E+00  5.599E-07
1.686508E+00  5.212E-07
1.688508E+00  4.844E-07
1.690508E+00  4.496E-07
1.692508E+00  4.167E-07
1.694508E+00  3.856E-07
1.696508E+00  3.564E-07
1.698508E+00  3.289E-07
1.700508E+00  3.030E-07
1.702508E+00  2.788E-07
1.704508E+00  2.562E-07
1.706508E+00  2.351E-07
1.708508E+00  2.154E-07
1.710508E+00  1.972E-07
1.712508E+00  1.803E-07
1.714508E+00  1.646E-07
1.716508E+00  1.501E-07
1.718508E+00  1.368E-07
1.720508E+00  1.246E-07
1.722508E+00  1.134E-07
1.724508E+00  1.032E-07
1.726508E+00  9.383E-08
1.728508E+00  8.534E-08
1.730508E+00  7.763E-08
1.732508E+00  7.066E-08
1.734508E+00  6.436E-08
1.736508E+00  5.868E-08
1.738508E+00  5.357E-08
1.740508E+00  4.898E-08
1.742508E+00  4.487E-08
1.744508E+00  4.118E-08
1.746508E+00  3.787E-08
1.748508E+00  3.491E-08
1.750508E+00  3.225E-08
1.752508E+00  2.985E-08
1.754508E+00  2.769E-08
1.756508E+00  2.573E-08
1.758508E+00  2.394E-08
1.760508E+00  2.229E-08
1.762508E+00  2.076E-08
1.764508E+00  1.934E-08
1.766508E+00  1.799E-08
1.768508E+00  1.670E-08
1.770508E+00  1.547E-08
1.772508E+00  1.428E-08
1.774508E+00  1.311E-08
1.776508E+00  1.197E-08
1.778508E+00  1.085E-08
1.780508E+00  9.750E-09
1.782508E+00  8.669E-09
1.784508E+00  7.611E-09
1.786508E+00  6.580E-09
1.788508E+00  5.584E-09
1.790508E+00  4.632E-09
1.792508E+00  3.735E-09
1.794508E+00  2.906E-09
1.796508E+00  2.158E-09
1.798508E+00  1.509E-09
1.800508E+00  9.736E-10
1.802508E+00  5.719E-10
1.804508E+00  3.232E-10
1.806508E+00  2.481E-10
1.808508E+00  3.681E-10
1.810508E+00  7.055E-10
1.812508E+00  1.283E-09
1.814508E+00  2.125E-09
1.816508E+00  3.254E-09
1.818508E+00  4.695E-09
1.820508E+00  6.471E-09
1.822508E+00  8.607E-09
1.824508E+00  1.113E-08
1.826508E+00  1.405E-08
1.828508E+00  1.741E-08
1.830508E+00  2.122E-08
1.832508E+00  2.551E-08
1.834508E+00  3.029E-08
1.836508E+00  3.559E-08
1.838508E+00  4.143E-08
1.840508E+00  4.782E-08
1.842508E+00  5.478E-08
1.844508E+00  6.233E-08
1.846508E+00  7.047E-08
1.848508E+00  7.924E-08
1.850508E+00  8.863E-08
1.852508E+00  9.865E-08
1.854508E+00  1.093E-07
1.856508E+00  1.206E-07
1.858508E+00  1.326E-07
1.860508E+00  1.452E-07
1.862508E+00  1.585E-07
1.864508E+00  1.725E-07
1.866508E+00  1.871E-07
1.868508E+00  2.023E-07
1.870508E+00  2.182E-07
1.872508E+00  2.347E-07
1.874508E+00  2.518E-07
1.876508E+00  2.696E-07
1.878508E+00  2.879E-07
1.880508E+00  3.068E-07
1.882508E+00  3.262E-07
1.884508E+00  3.462E-07
1.886508E+00  3.667E-07
1.888508E+00  3.877E-07
1.890508E+00  4.092E-07
1.892508E+00  4.310E-07
1.894508E+00  4.533E-07
1.896508E+00  4.760E-07
1.898508E+00  4.989E-07
1.900508E+00  5.222E-07
1.902508E+00  5.458E-07
1.904508E+00  5.696E-07
1.906508E+00  5.935E-07
1.908508E+00  6.177E-07
1.910508E+00  6.419E-07
1.912508E+00  6.662E-07
1.914508E+00  6.905E-07
1.916508E+00  7.148E-07
1.918508E+00  7.391E-07
1.920508E+00  7.633E-07
1.922508E+00  7.873E-07
1.924508E+00  8.111E-07
1.926508E+00  8.347E-07
1.928508E+00  8.580E-07
1.930508E+00  8.810E-07
1.932508E+00  9.037E-07
1.934508E+00  9.259E-07
1.936508E+00  9.477E-07
1.938508E+00  9.689E-07
1.940508E+00  9.897E-07
1.942508E+00  1.010E-06
1.944508E+00  1.029E-06
1.946508E+00  1.048E-06
1.948508E+00  1.066E-06
1.950508E+00  1.084E-06
1.952508E+00  1.101E-06
1.954508E+00  1.117E-06
1.956508E+00  1.132E-06
1.958508E+00  1.146E-06
1.960508E+00  1.159E-06
1.962508E+00  1.171E-06
1.964508E+00  1.183E-06
1.966508E+00  1.193E-06
1.968508E+00  1.203E-06
1.970508E+00  1.211E-06
1.972508E+00  1.219E-06
1.974508E+00  1.225E-06
1.976508E+00  1.230E-06
1.978508E+00  1.234E-06
1.980508E+00  1.238E-06
1.982508E+00  1.240E-06
1.984508E+00  1.241E-06
1.986508E+00  1.240E-06
1.988508E+00  1.239E-06
1.990508E+00  1.237E-06
1.992508E+00  1.233E-06
1.994508E+00  1.229E-06
1.996508E+00  1.223E-06
1.998508E+00  1.217E-06
2.000508E+00  1.209E-06
2.002508E+00  1.200E-06
2.004508E+00  1.190E-06
2.006508E+00  1.179E-06
2.008508E+00  1.168E-06
2.010508E+00  1.155E-06
2.012508E+00  1.141E-06
2.014508E+00  1.126E-06
2.016508E+00  1.111E-06
2.018508E+00  1.095E-06
2.020508E+00  1.077E-06
2.022508E+00  1.060E-06
2.024508E+00  1.041E-06
2.026508E+00  1.021E-06
2.028508E+00  1.001E-06
2.030508E+00  9.807E-07
2.032508E+00  9.594E-07
2.034508E+00  9.375E-07
2.036508E+00  9.151E-07
2.038508E+00  8.923E-07
2.040508E+00  8.691E-07
2.042508E+00  8.454E-07
2.044508E+00  8.215E-07
2.046508E+00  7.972E-07
2.048508E+00  7.727E-07
2.050508E+00  7.481E-07
2.052508E+00  7.232E-07
2.054508E+00  6.983E-07
2.056508E+00  6.733E-07
2.058508E+00  6.484E-07
2.060508E+00  6.234E-07
2.072508E+00  4.771E-07
2.091910E+00  2.703E-07
2.110747E+00  1.298E-07
2.129041E+00  6.563E-08
2.146813E+00  7.269E-08
2.164082E+00  1.354E-07
2.180867E+00  2.328E-07
2.213056E+00  4.480E-07
2.228493E+00  5.328E-07
2.243513E+00  5.895E-07
2.258132E+00  6.151E-07
2.272362E+00  6.110E-07
2.286218E+00  5.820E-07
2.299713E+00  5.347E-07
2.312859E+00  4.762E-07
2.338151E+00  3.525E-07
2.350320E+00  2.977E-07
2.362185E+00  2.521E-07
2.373755E+00  2.173E-07
2.385042E+00  1.936E-07
2.396053E+00  1.802E-07
2.406798E+00  1.754E-07
2.417285E+00  1.774E-07
2.427522E+00  1.839E-07
2.456814E+00  2.096E-07
2.466129E+00  2.146E-07
2.475231E+00  2.160E-07
2.484125E+00  2.133E-07
2.492819E+00  2.062E-07
2.501319E+00  1.951E-07
2.509630E+00  1.805E-07
2.517757E+00  1.630E-07
2.525707E+00  1.435E-07
2.548539E+00  8.272E-08
2.555827E+00  6.509E-08
2.562961E+00  5.034E-08
2.569945E+00  3.928E-08
2.576784E+00  3.263E-08
2.583481E+00  3.098E-08
2.590041E+00  3.482E-08
2.596467E+00  4.448E-08
2.602762E+00  6.022E-08
2.608931E+00  8.215E-08
2.614977E+00  1.103E-07
2.620902E+00  1.446E-07
2.626711E+00  1.849E-07
2.632406E+00  2.311E-07
2.637990E+00  2.827E-07
2.643466E+00  3.396E-07
2.648836E+00  4.013E-07
2.654104E+00  4.675E-07
2.664343E+00  6.118E-07
2.674201E+00  7.692E-07
2.688316E+00  1.023E-06
2.705970E+00  1.380E-06
2.733993E+00  2.011E-06
2.774898E+00  3.016E-06
2.803419E+00  3.808E-06
2.820933E+00  4.404E-06
2.834569E+00  4.997E-06
2.845069E+00  5.594E-06
2.854861E+00  6.343E-06
2.862225E+00  7.109E-06
2.867494E+00  7.826E-06
2.872558E+00  8.721E-06
2.877428E+00  9.881E-06
2.880570E+00  1.088E-05
2.883634E+00  1.218E-05
2.885137E+00  1.300E-05
2.886621E+00  1.400E-05
2.888086E+00  1.529E-05
2.889533E+00  1.708E-05
2.890963E+00  1.993E-05
2.892374E+00  2.579E-05
2.893769E+00  4.883E-05
2.895146E+00  5.712E-04
2.896506E+00  6.975E-06
2.899178E+00  1.213E-05
2.900489E+00  1.424E-05
2.904331E+00  1.990E-05
2.906816E+00  2.405E-05
2.908037E+00  2.639E-05
2.909244E+00  2.898E-05
2.910436E+00  3.186E-05
2.911615E+00  3.509E-05
2.912780E+00  3.873E-05
2.913931E+00  4.286E-05
2.915070E+00  4.757E-05
2.916195E+00  5.298E-05
2.917307E+00  5.921E-05
2.918407E+00  6.643E-05
2.919495E+00  7.485E-05
2.920570E+00  8.472E-05
2.921633E+00  9.637E-05
2.922684E+00  1.102E-04
2.923723E+00  1.268E-04
2.924751E+00  1.468E-04
2.925768E+00  1.711E-04
2.926773E+00  2.011E-04
2.927767E+00  2.383E-04
2.928750E+00  2.853E-04
2.929723E+00  3.453E-04
2.930685E+00  4.234E-04
2.931637E+00  5.270E-04
2.932578E+00  6.677E-04
2.933509E+00  8.642E-04
2.934430E+00  1.148E-03
2.935342E+00  1.578E-03
2.936244E+00  2.266E-03
2.937136E+00  3.454E-03
2.938019E+00  5.751E-03
2.938892E+00  1.103E-02
2.939756E+00  2.761E-02
2.940612E+00  1.401E-01
2.941458E+00  3.667E+00
2.942296E+00  7.876E-02
2.943124E+00  2.398E-02
2.943945E+00  1.179E-02
2.944757E+00  7.155E-03
2.945560E+00  4.891E-03
2.946356E+00  3.610E-03
2.947143E+00  2.812E-03
2.947922E+00  2.278E-03
2.948694E+00  1.903E-03
2.949458E+00  1.629E-03
2.950214E+00  1.422E-03
2.950962E+00  1.261E-03
2.951703E+00  1.135E-03
2.952437E+00  1.033E-03
2.953163E+00  9.504E-04
2.953883E+00  8.821E-04
2.954595E+00  8.252E-04
2.955998E+00  7.371E-04
2.957375E+00  6.738E-04
2.958725E+00  6.278E-04
2.960701E+00  5.816E-04
2.962622E+00  5.549E-04
2.965099E+00  5.412E-04
2.967485E+00  5.477E-04
2.969785E+00  5.730E-04
2.971455E+00  6.057E-04
2.973081E+00  6.535E-04
2.974141E+00  6.974E-04
2.975182E+00  7.562E-04
2.975695E+00  7.942E-04
2.976204E+00  8.412E-04
2.976709E+00  9.021E-04
2.977209E+00  9.872E-04
2.977705E+00  1.121E-03
2.978197E+00  1.386E-03
2.978684E+00  2.265E-03
2.979167E+00  1.325E+00
2.979646E+00  1.782E-04
2.980121E+00  4.211E-04
2.980591E+00  5.788E-04
2.981058E+00  6.887E-04
2.981521E+00  7.774E-04
2.983776E+00  1.163E-03
2.984652E+00  1.340E-03
2.985514E+00  1.550E-03
2.986361E+00  1.806E-03
2.986779E+00  1.956E-03
2.987194E+00  2.126E-03
2.987605E+00  2.318E-03
2.988014E+00  2.537E-03
2.988418E+00  2.788E-03
2.988820E+00  3.079E-03
2.989218E+00  3.418E-03
2.989613E+00  3.817E-03
2.990005E+00  4.291E-03
2.990394E+00  4.861E-03
2.990779E+00  5.555E-03
2.991162E+00  6.413E-03
2.991541E+00  7.491E-03
2.991918E+00  8.876E-03
2.992291E+00  1.070E-02
2.992662E+00  1.316E-02
2.993029E+00  1.663E-02
2.993394E+00  2.174E-02
2.993756E+00  2.976E-02
2.994115E+00  4.352E-02
2.994471E+00  7.041E-02
2.994824E+00  1.354E-01
2.995175E+00  3.743E-01
2.995523E+00  3.710E+00
2.995868E+00  2.645E+00
2.996211E+00  3.451E-01
2.996551E+00  1.531E-01
2.996888E+00  1.260E-01
2.997223E+00  2.021E-01
2.997555E+00  9.986E-01
2.997885E+00  5.662E+00
2.998212E+00  3.077E-01
2.998536E+00  1.048E-01
2.998859E+00  5.442E-02
2.999179E+00  3.410E-02
2.999496E+00  2.373E-02
2.999811E+00  1.763E-02
3.000124E+00  1.369E-02
3.000434E+00  1.099E-02
3.000742E+00  9.031E-03
3.001048E+00  7.561E-03
3.001351E+00  6.422E-03
3.001652E+00  5.513E-03
3.001951E+00  4.771E-03
3.002248E+00  4.148E-03
3.002543E+00  3.607E-03
3.003126E+00  2.636E-03
3.003700E+00  1.577E-03
3.003984E+00  2.000E-02
3.004266E+00  4.265E-03
3.004546E+00  3.097E-03
3.004824E+00  2.610E-03
3.005100E+00  2.309E-03
3.005374E+00  2.090E-03
3.005646E+00  1.917E-03
3.005916E+00  1.773E-03
3.006451E+00  1.544E-03
3.006978E+00  1.367E-03
3.007497E+00  1.225E-03
3.008263E+00  1.057E-03
3.009013E+00  9.284E-04
3.009747E+00  8.274E-04
3.010466E+00  7.481E-04
3.011171E+00  6.878E-04
3.011633E+00  6.598E-04
3.011862E+00  6.520E-04
3.012089E+00  6.523E-04
3.012314E+00  6.740E-04
3.012538E+00  8.086E-04
3.012761E+00  2.905E-04
3.012982E+00  4.216E-04
3.013202E+00  4.574E-04
3.013420E+00  4.661E-04
3.013852E+00  4.639E-04
3.015524E+00  4.297E-04
3.016328E+00  4.235E-04
3.016917E+00  4.280E-04
3.017496E+00  4.450E-04
3.017875E+00  4.676E-04
3.018063E+00  4.840E-04
3.018250E+00  5.054E-04
3.018435E+00  5.334E-04
3.018620E+00  5.707E-04
3.018803E+00  6.218E-04
3.018985E+00  6.943E-04
3.019166E+00  8.027E-04
3.019346E+00  9.773E-04
3.019524E+00  1.293E-03
3.019702E+00  1.983E-03
3.019879E+00  4.160E-03
3.020054E+00  2.394E-02
3.020228E+00  4.192E-02
3.020402E+00  3.293E-03
3.020574E+00  1.304E-03
3.020745E+00  9.781E-04
3.020915E+00  1.119E-03
3.021084E+00  1.839E-03
3.021252E+00  5.214E-03
3.021419E+00  1.753E-01
3.021585E+00  9.528E-03
3.021750E+00  1.959E-03
3.021914E+00  9.814E-04
3.022077E+00  8.524E-04
3.022239E+00  1.463E-03
3.022400E+00  1.666E-02
3.022560E+00  3.695E-03
3.022719E+00  6.027E-04
3.022878E+00  2.657E-04
3.023035E+00  1.690E-04
3.023191E+00  1.313E-04
3.023347E+00  1.183E-04
3.023501E+00  1.251E-04
3.023655E+00  1.693E-04
3.023807E+00  3.564E-04
3.023959E+00  1.977E-03
3.024110E+00  2.664E-02
3.024260E+00  1.238E-03
3.024409E+00  5.050E-04
3.024557E+00  3.193E-04
3.024705E+00  2.421E-04
3.024851E+00  2.016E-04
3.024997E+00  1.772E-04
3.025142E+00  1.611E-04
3.025286E+00  1.499E-04
3.025429E+00  1.416E-04
3.025571E+00  1.352E-04
3.025853E+00  1.262E-04
3.026270E+00  1.178E-04
3.026816E+00  1.112E-04
3.027611E+00  1.058E-04
3.029124E+00  9.976E-05
3.029367E+00  9.705E-05
3.029487E+00  9.405E-05
3.029606E+00  8.748E-05
3.029725E+00  6.783E-05
3.029844E+00  2.370E-04
3.029962E+00  1.388E-04
3.030079E+00  1.267E-04
3.030195E+00  1.226E-04
3.030426E+00  1.207E-04
3.030768E+00  1.230E-04
3.031104E+00  1.288E-04
3.031435E+00  1.383E-04
3.031653E+00  1.475E-04
3.031869E+00  1.602E-04
3.031976E+00  1.683E-04
3.032082E+00  1.781E-04
3.032188E+00  1.901E-04
3.032293E+00  2.048E-04
3.032398E+00  2.234E-04
3.032502E+00  2.475E-04
3.032606E+00  2.795E-04
3.032709E+00  3.240E-04
3.032811E+00  3.893E-04
3.032914E+00  4.933E-04
3.033015E+00  6.805E-04
3.033116E+00  1.097E-03
3.033217E+00  2.518E-03
3.033316E+00  2.299E-02
3.033416E+00  1.138E-02
3.033515E+00  2.269E-03
3.033613E+00  2.345E-03
3.033711E+00  6.338E-03
3.033809E+00  2.850E-01
3.033906E+00  1.091E-02
3.034002E+00  2.245E-03
3.034098E+00  9.672E-04
3.034194E+00  5.713E-04
3.034289E+00  4.234E-04
3.034383E+00  4.092E-04
3.034477E+00  7.213E-04
3.034571E+00  6.641E-03
3.034664E+00  2.757E-05
3.034757E+00  2.006E-05
3.034849E+00  3.298E-05
3.034940E+00  4.938E-05
3.035032E+00  7.421E-05
3.035123E+00  1.190E-04
3.035213E+00  2.139E-04
3.035303E+00  4.670E-04
3.035392E+00  1.514E-03
3.035481E+00  2.103E-02
3.035570E+00  9.921E-03
3.035658E+00  1.586E-03
3.035746E+00  6.779E-04
3.035833E+00  3.988E-04
3.035920E+00  2.753E-04
3.036007E+00  2.090E-04
3.036093E+00  1.690E-04
3.036178E+00  1.428E-04
3.036263E+00  1.245E-04
3.036348E+00  1.113E-04
3.036433E+00  1.014E-04
3.036517E+00  9.375E-05
3.036600E+00  8.772E-05
3.036683E+00  8.287E-05
3.036848E+00  7.564E-05
3.037012E+00  7.061E-05
3.037254E+00  6.556E-05
3.037572E+00  6.152E-05
3.037961E+00  5.881E-05
3.038712E+00  5.630E-05
3.038859E+00  5.484E-05
3.038931E+00  5.306E-05
3.039003E+00  4.893E-05
3.039075E+00  4.131E-05
3.039147E+00  1.130E-04
3.039218E+00  7.852E-05
3.039289E+00  7.280E-05
3.039359E+00  7.092E-05
3.039500E+00  7.042E-05
3.039707E+00  7.267E-05
3.039913E+00  7.721E-05
3.040115E+00  8.445E-05
3.040248E+00  9.150E-05
3.040315E+00  9.600E-05
3.040446E+00  1.078E-04
3.040511E+00  1.158E-04
3.040577E+00  1.257E-04
3.040641E+00  1.383E-04
3.040706E+00  1.549E-04
3.040770E+00  1.776E-04
3.040834E+00  2.102E-04
3.040898E+00  2.605E-04
3.040961E+00  3.465E-04
3.041024E+00  5.214E-04
3.041087E+00  1.008E-03
3.041149E+00  3.942E-03
3.041212E+00  9.605E-02
3.041274E+00  2.045E-03
3.041335E+00  1.007E-03
3.041397E+00  1.230E-03
3.041458E+00  2.914E-03
3.041519E+00  3.019E-02
3.041580E+00  1.559E-02
3.041640E+00  2.078E-03
3.041700E+00  8.011E-04
3.041760E+00  4.470E-04
3.041820E+00  3.133E-04
3.041879E+00  2.702E-04
3.041938E+00  3.132E-04
3.041997E+00  8.485E-04
3.042056E+00  6.514E-04
3.042114E+00  2.460E-05
3.042172E+00  3.085E-05
3.042230E+00  5.184E-05
3.042288E+00  8.579E-05
3.042345E+00  1.514E-04
3.042402E+00  3.101E-04
3.042459E+00  8.626E-04
3.042516E+00  5.889E-03
3.042572E+00  2.811E-02
3.042628E+00  1.830E-03
3.042684E+00  6.606E-04
3.042740E+00  3.599E-04
3.042795E+00  2.372E-04
3.042850E+00  1.745E-04
3.042905E+00  1.378E-04
3.042960E+00  1.144E-04
3.043015E+00  9.837E-05
3.043069E+00  8.692E-05
3.043123E+00  7.843E-05
3.043177E+00  7.195E-05
3.043230E+00  6.688E-05
3.043284E+00  6.283E-05
3.043390E+00  5.687E-05
3.043495E+00  5.278E-05
3.043651E+00  4.872E-05
3.043857E+00  4.554E-05
3.044109E+00  4.349E-05
3.044550E+00  4.220E-05
3.044693E+00  4.158E-05
3.044741E+00  4.105E-05
3.044788E+00  4.006E-05
3.044835E+00  3.790E-05
3.044882E+00  3.241E-05
3.044929E+00  2.251E-04
3.044975E+00  6.419E-05
3.045021E+00  5.631E-05
3.045068E+00  5.408E-05
3.045114E+00  5.335E-05
3.045205E+00  5.356E-05
3.045341E+00  5.584E-05
3.045475E+00  5.992E-05
3.045563E+00  6.388E-05
3.045651E+00  6.928E-05
3.045695E+00  7.272E-05
3.045782E+00  8.180E-05
3.045825E+00  8.790E-05
3.045868E+00  9.555E-05
3.045911E+00  1.054E-04
3.045953E+00  1.184E-04
3.045996E+00  1.363E-04
3.046038E+00  1.625E-04
3.046080E+00  2.039E-04
3.046122E+00  2.778E-04
3.046164E+00  4.389E-04
3.046206E+00  9.577E-04
3.046247E+00  6.186E-03
3.046289E+00  9.090E-03
3.046330E+00  1.052E-03
3.046371E+00  6.683E-04
3.046412E+00  8.732E-04
3.046453E+00  2.034E-03
3.046493E+00  1.756E-02
3.046534E+00  1.436E-02
3.046574E+00  1.652E-03
3.046614E+00  6.130E-04
3.046654E+00  3.357E-04
3.046694E+00  2.335E-04
3.046734E+00  2.030E-04
3.046773E+00  2.486E-04
3.046813E+00  1.069E-03
3.046852E+00  1.382E-04
3.046891E+00  1.957E-05
3.046930E+00  2.915E-05
3.046969E+00  4.652E-05
3.047007E+00  7.562E-05
3.047046E+00  1.343E-04
3.047084E+00  2.831E-04
3.047122E+00  8.511E-04
3.047160E+00  8.410E-03
3.047198E+00  1.028E-02
3.047236E+00  1.177E-03
3.047274E+00  4.669E-04
3.047311E+00  2.647E-04
3.047349E+00  1.785E-04
3.047386E+00  1.333E-04
3.047423E+00  1.064E-04
3.047460E+00  8.902E-05
3.047497E+00  7.707E-05
3.047534E+00  6.847E-05
3.047570E+00  6.207E-05
3.047607E+00  5.716E-05
3.047643E+00  5.332E-05
3.047679E+00  5.025E-05
3.047751E+00  4.573E-05
3.047822E+00  4.263E-05
3.047929E+00  3.957E-05
3.048068E+00  3.722E-05
3.048240E+00  3.578E-05
3.048640E+00  3.465E-05
3.048706E+00  3.359E-05
3.048738E+00  3.213E-05
3.048770E+00  2.864E-05
3.048802E+00  8.409E-04
3.048834E+00  6.108E-05
3.048866E+00  4.913E-05
3.048898E+00  4.633E-05
3.048930E+00  4.539E-05
3.048993E+00  4.536E-05
3.049087E+00  4.722E-05
3.049179E+00  5.067E-05
3.049241E+00  5.403E-05
3.049301E+00  5.860E-05
3.049332E+00  6.152E-05
3.049362E+00  6.499E-05
3.049392E+00  6.920E-05
3.049422E+00  7.436E-05
3.049452E+00  8.083E-05
3.049482E+00  8.914E-05
3.049511E+00  1.002E-04
3.049541E+00  1.154E-04
3.049570E+00  1.379E-04
3.049600E+00  1.736E-04
3.049629E+00  2.385E-04
3.049658E+00  3.841E-04
3.049687E+00  8.863E-04
3.049716E+00  7.777E-03
3.049745E+00  4.715E-03
3.049774E+00  7.742E-04
3.049803E+00  5.429E-04
3.049831E+00  7.403E-04
3.049860E+00  1.779E-03
3.049888E+00  1.761E-02
3.049916E+00  9.739E-03
3.049945E+00  1.240E-03
3.049973E+00  4.656E-04
3.050001E+00  2.547E-04
3.050029E+00  1.767E-04
3.050056E+00  1.547E-04
3.050084E+00  2.025E-04
3.050112E+00  2.570E-03
3.050139E+00  3.589E-05
3.050167E+00  1.746E-05
3.050194E+00  2.678E-05
3.050221E+00  4.075E-05
3.050249E+00  6.463E-05
3.050276E+00  1.135E-04
3.050303E+00  2.391E-04
3.050330E+00  7.307E-04
3.050356E+00  9.122E-03
3.050383E+00  1.415E-02
3.050410E+00  1.036E-03
3.050436E+00  3.993E-04
3.050463E+00  2.249E-04
3.050489E+00  1.514E-04
3.050516E+00  1.131E-04
3.050542E+00  9.037E-05
3.050568E+00  7.571E-05
3.050594E+00  6.566E-05
3.050620E+00  5.843E-05
3.050646E+00  5.306E-05
3.050672E+00  4.895E-05
3.050697E+00  4.573E-05
3.050748E+00  4.110E-05
3.050799E+00  3.801E-05
3.050850E+00  3.586E-05
3.050925E+00  3.374E-05
3.051024E+00  3.214E-05
3.051170E+00  3.113E-05
3.051408E+00  3.065E-05
3.051454E+00  2.983E-05
3.051477E+00  2.872E-05
3.051501E+00  2.620E-05
3.051524E+00  4.069E-05
3.051547E+00  6.500E-05
3.051570E+00  4.567E-05
3.051592E+00  4.211E-05
3.051615E+00  4.095E-05
3.051638E+00  4.062E-05
3.051683E+00  4.106E-05
3.051750E+00  4.317E-05
3.051817E+00  4.679E-05
3.051861E+00  5.030E-05
3.051905E+00  5.512E-05
3.051948E+00  6.199E-05
3.051970E+00  6.661E-05
3.051991E+00  7.239E-05
3.052013E+00  7.981E-05
3.052034E+00  8.965E-05
3.052056E+00  1.033E-04
3.052077E+00  1.233E-04
3.052098E+00  1.553E-04
3.052120E+00  2.136E-04
3.052141E+00  3.457E-04
3.052162E+00  8.116E-04
3.052183E+00  8.047E-03
3.052204E+00  3.624E-03
3.052225E+00  6.610E-04
3.052246E+00  4.835E-04
3.052266E+00  6.778E-04
3.052287E+00  1.692E-03
3.052308E+00  2.092E-02
3.052328E+00  6.736E-03
3.052349E+00  9.702E-04
3.052369E+00  3.710E-04
3.052389E+00  2.028E-04
3.052410E+00  1.397E-04
3.052430E+00  1.215E-04
3.052450E+00  1.632E-04
3.052470E+00  1.452E-02
3.052490E+00  1.751E-05
3.052510E+00  1.655E-05
3.052528E+00  2.376E-05
3.057547E+00  3.620E-01
3.062508E+00  2.916E-01
3.070698E+00  2.112E-01
3.078708E+00  1.580E-01
3.086544E+00  1.212E-01
3.094210E+00  9.523E-02
3.101711E+00  7.674E-02
3.109052E+00  6.324E-02
3.116238E+00  5.305E-02
3.123273E+00  4.509E-02
3.130161E+00  3.867E-02
3.136906E+00  3.341E-02
3.143512E+00  2.905E-02
3.149983E+00  2.543E-02
3.156322E+00  2.242E-02
3.162534E+00  1.993E-02
3.168621E+00  1.785E-02
3.174587E+00  1.612E-02
3.180435E+00  1.465E-02
3.186168E+00  1.341E-02
3.197301E+00  1.140E-02
3.208009E+00  9.861E-03
3.218314E+00  8.639E-03
3.228235E+00  7.657E-03
3.242437E+00  6.524E-03
3.255878E+00  5.687E-03
3.268610E+00  5.054E-03
3.284568E+00  4.418E-03
3.303023E+00  3.839E-03
3.319988E+00  3.425E-03
3.335618E+00  3.139E-03
3.350051E+00  2.962E-03
3.363405E+00  2.883E-03
3.373382E+00  2.896E-03
3.380485E+00  2.962E-03
3.387284E+00  3.106E-03
3.391655E+00  3.278E-03
3.393794E+00  3.403E-03
3.395903E+00  3.571E-03
3.397983E+00  3.805E-03
3.400033E+00  4.148E-03
3.402055E+00  4.692E-03
3.404049E+00  5.650E-03
3.406015E+00  7.615E-03
3.407955E+00  1.275E-02
3.409868E+00  3.365E-02
3.411755E+00  2.344E-01
3.413616E+00  9.392E-02
3.415452E+00  2.806E-02
3.417264E+00  1.628E-02
3.419052E+00  1.256E-02
3.420815E+00  1.121E-02
3.422556E+00  1.090E-02
3.424273E+00  1.121E-02
3.425968E+00  1.202E-02
3.427641E+00  1.335E-02
3.429292E+00  1.532E-02
3.430922E+00  1.818E-02
3.432530E+00  2.238E-02
3.434118E+00  2.874E-02
3.435686E+00  3.883E-02
3.437234E+00  5.596E-02
3.438762E+00  8.776E-02
3.440271E+00  1.537E-01
3.441761E+00  3.026E-01
3.443232E+00  5.472E-01
3.444685E+00  4.900E-01
3.446120E+00  2.595E-01
3.447537E+00  1.403E-01
3.448936E+00  8.553E-02
3.450319E+00  5.764E-02
3.451685E+00  4.186E-02
3.453034E+00  3.214E-02
3.454366E+00  2.577E-02
3.455683E+00  2.137E-02
3.456984E+00  1.821E-02
3.458269E+00  1.587E-02
3.459539E+00  1.410E-02
3.460793E+00  1.272E-02
3.462033E+00  1.163E-02
3.463259E+00  1.076E-02
3.464470E+00  1.005E-02
3.466849E+00  9.006E-03
3.469174E+00  8.297E-03
3.471446E+00  7.816E-03
3.474757E+00  7.393E-03
3.477957E+00  7.226E-03
3.481052E+00  7.268E-03
3.484045E+00  7.517E-03
3.485986E+00  7.830E-03
3.487885E+00  8.322E-03
3.488819E+00  8.674E-03
3.489743E+00  9.140E-03
3.490658E+00  9.784E-03
3.491562E+00  1.073E-02
3.492458E+00  1.225E-02
3.493343E+00  1.503E-02
3.494219E+00  2.131E-02
3.495086E+00  4.233E-02
3.495944E+00  2.577E-01
3.496793E+00  3.896E-01
3.497634E+00  4.293E-02
3.498465E+00  2.027E-02
3.499288E+00  1.464E-02
3.500103E+00  1.262E-02
3.500909E+00  1.182E-02
3.501706E+00  1.155E-02
3.502496E+00  1.155E-02
3.504052E+00  1.200E-02
3.505576E+00  1.282E-02
3.507070E+00  1.392E-02
3.508535E+00  1.530E-02
3.509970E+00  1.701E-02
3.511378E+00  1.913E-02
3.512758E+00  2.180E-02
3.513438E+00  2.340E-02
3.514112E+00  2.522E-02
3.514779E+00  2.731E-02
3.515440E+00  2.973E-02
3.516094E+00  3.257E-02
3.516742E+00  3.594E-02
3.517384E+00  4.001E-02
3.518020E+00  4.503E-02
3.518650E+00  5.137E-02
3.519274E+00  5.970E-02
3.519892E+00  7.119E-02
3.520504E+00  8.830E-02
3.521111E+00  1.170E-01
3.521712E+00  1.766E-01
3.522307E+00  3.751E-01
3.522897E+00  5.824E+00
3.523481E+00  3.374E+00
3.524060E+00  1.191E-01
3.524634E+00  9.932E-02
3.525203E+00  1.346E-01
3.525766E+00  2.056E-01
3.526324E+00  3.457E-01
3.526877E+00  6.765E-01
3.527426E+00  1.776E+00
3.527969E+00  8.698E+00
3.528507E+00  9.979E+00
3.529041E+00  2.209E+00
3.529570E+00  9.458E-01
3.530094E+00  5.689E-01
3.530613E+00  4.178E-01
3.531128E+00  3.517E-01
3.531639E+00  3.272E-01
3.532145E+00  3.289E-01
3.532646E+00  3.514E-01
3.533143E+00  3.949E-01
3.533636E+00  4.636E-01
3.534124E+00  5.666E-01
3.534609E+00  7.208E-01
3.535089E+00  9.573E-01
3.535565E+00  1.336E+00
3.536037E+00  1.983E+00
3.536504E+00  3.193E+00
3.536968E+00  5.774E+00
3.537428E+00  1.239E+01
3.537884E+00  3.260E+01
3.538336E+00  5.811E+01
3.538785E+00  2.956E+01
3.539229E+00  1.423E+01
3.539670E+00  8.578E+00
3.540107E+00  5.278E+00
3.540541E+00  3.905E+00
3.540971E+00  3.169E+00
3.541397E+00  2.770E+00
3.541820E+00  2.595E+00
3.542239E+00  2.620E+00
3.542655E+00  2.900E+00
3.543067E+00  3.668E+00
3.543476E+00  5.838E+00
3.543882E+00  1.533E+01
3.544285E+00  1.899E+02
3.544684E+00  2.827E+01
3.545080E+00  9.059E+00
3.545472E+00  7.356E+00
3.545862E+00  1.056E+01
3.546248E+00  2.998E+01
3.546632E+00  1.659E+02
3.547012E+00  1.742E+01
3.547389E+00  4.471E+00
3.547764E+00  1.875E+00
3.548135E+00  9.946E-01
3.548503E+00  6.082E-01
3.548869E+00  4.115E-01
3.549231E+00  3.029E-01
3.549591E+00  2.436E-01
3.549948E+00  2.236E-01
3.550302E+00  2.803E-01
3.550654E+00  1.197E+00
3.551002E+00  1.238E+00
3.551348E+00  1.862E-01
3.551692E+00  1.026E-01
3.552032E+00  7.675E-02
3.552370E+00  6.403E-02
3.552706E+00  5.624E-02
3.553039E+00  5.087E-02
3.553369E+00  4.693E-02
3.553697E+00  4.391E-02
3.554022E+00  4.154E-02
3.554666E+00  3.816E-02
3.555299E+00  3.604E-02
3.555923E+00  3.482E-02
3.556538E+00  3.436E-02
3.557144E+00  3.464E-02
3.557741E+00  3.583E-02
3.558037E+00  3.690E-02
3.558330E+00  3.843E-02
3.558621E+00  4.060E-02
3.558909E+00  4.378E-02
3.559196E+00  4.857E-02
3.559481E+00  5.623E-02
3.559763E+00  6.953E-02
3.560044E+00  9.558E-02
3.560322E+00  1.570E-01
3.560599E+00  3.579E-01
3.560873E+00  1.825E+00
3.561146E+00  3.516E+01
3.561416E+00  1.127E+00
3.561685E+00  4.243E-01
3.561952E+00  2.653E-01
3.562217E+00  2.096E-01
3.562480E+00  1.903E-01
3.562741E+00  1.907E-01
3.563000E+00  2.081E-01
3.563258E+00  2.482E-01
3.563513E+00  3.355E-01
3.563767E+00  5.068E+00
3.564020E+00  1.198E+00
3.564270E+00  7.012E+00
3.564519E+00  5.762E+00
3.564766E+00  4.061E-01
3.565011E+00  2.039E-01
3.565254E+00  1.241E+00
3.565496E+00  4.375E-01
3.565736E+00  2.342E-01
3.565975E+00  1.669E-01
3.566212E+00  1.389E-01
3.566447E+00  1.277E-01
3.566681E+00  1.255E-01
3.566913E+00  1.297E-01
3.567144E+00  1.392E-01
3.567373E+00  1.543E-01
3.567600E+00  1.760E-01
3.567826E+00  2.066E-01
3.568051E+00  2.498E-01
3.568274E+00  3.122E-01
3.568495E+00  4.061E-01
3.568715E+00  5.548E-01
3.568934E+00  8.090E-01
3.569151E+00  1.291E+00
3.569366E+00  2.355E+00
3.569580E+00  5.235E+00
3.569793E+00  1.345E+01
3.570005E+00  1.401E+01
3.570215E+00  5.749E+00
3.570423E+00  2.721E+00
3.570631E+00  1.591E+00
3.570837E+00  1.094E+00
3.571041E+00  9.323E-01
3.571244E+00  2.251E+00
3.571446E+00  6.993E-01
3.571647E+00  7.489E-01
3.571846E+00  1.124E+00
3.572044E+00  3.428E+00
3.572241E+00  2.399E+01
3.572437E+00  1.895E+00
3.572631E+00  7.076E-01
3.572824E+00  4.753E-01
3.573016E+00  4.279E-01
3.573207E+00  4.694E-01
3.573396E+00  6.209E-01
3.573584E+00  1.054E+00
3.573771E+00  2.814E+00
3.573957E+00  1.066E+01
3.574142E+00  1.989E+00
3.574325E+00  4.927E-01
3.574508E+00  1.913E-01
3.574689E+00  9.720E-02
3.574869E+00  7.305E-02
3.575048E+00  1.506E-01
3.575226E+00  7.669E+00
3.575403E+00  4.348E-01
3.575578E+00  1.149E-01
3.575753E+00  5.909E-02
3.575926E+00  3.829E-02
3.576099E+00  2.793E-02
3.576270E+00  2.194E-02
3.576441E+00  1.818E-02
3.576610E+00  1.572E-02
3.576778E+00  1.410E-02
3.576946E+00  1.308E-02
3.577112E+00  1.253E-02
3.577277E+00  1.242E-02
3.577605E+00  1.362E-02
3.577767E+00  1.462E-02
3.577928E+00  1.682E-02
3.578088E+00  2.042E-02
3.578248E+00  2.656E-02
3.578406E+00  3.790E-02
3.578564E+00  6.212E-02
3.578720E+00  1.301E-01
3.578876E+00  5.480E-01
3.579031E+00  3.162E+01
3.579184E+00  6.573E-01
3.579337E+00  1.497E-01
3.579489E+00  7.532E-02
3.579640E+00  1.146E-01
3.579790E+00  1.485E-01
3.579940E+00  2.529E-02
3.580088E+00  1.518E-02
3.580236E+00  1.137E-02
3.580382E+00  9.329E-03
3.580528E+00  8.100E-03
3.580673E+00  7.344E-03
3.580818E+00  6.911E-03
3.580961E+00  6.736E-03
3.581103E+00  6.803E-03
3.581245E+00  7.141E-03
3.581386E+00  7.841E-03
3.581526E+00  9.101E-03
3.581665E+00  1.136E-02
3.581804E+00  1.573E-02
3.581942E+00  2.546E-02
3.582078E+00  5.443E-02
3.582215E+00  2.285E-01
3.582350E+00  1.882E+01
3.582485E+00  1.502E-01
3.582618E+00  4.242E-02
3.582751E+00  2.100E-02
3.582884E+00  1.457E-02
3.583015E+00  1.614E-02
3.583146E+00  4.114E-02
3.583276E+00  5.009E-01
3.583406E+00  7.953E-01
3.583534E+00  1.452E-01
3.583662E+00  8.992E-02
3.583790E+00  9.198E-02
3.583916E+00  1.699E-01
3.584042E+00  2.829E-01
3.584167E+00  4.228E-02
3.584292E+00  2.473E-02
3.584416E+00  2.123E-02
3.584539E+00  2.071E-02
3.584661E+00  2.127E-02
3.584783E+00  2.245E-02
3.584904E+00  2.416E-02
3.585024E+00  2.641E-02
3.585144E+00  2.930E-02
3.585263E+00  3.299E-02
3.585382E+00  3.773E-02
3.585500E+00  4.391E-02
3.585617E+00  5.215E-02
3.585733E+00  6.342E-02
3.585849E+00  7.940E-02
3.585965E+00  1.031E-01
3.586079E+00  1.403E-01
3.586193E+00  2.035E-01
3.586307E+00  3.229E-01
3.586420E+00  5.840E-01
3.586532E+00  1.269E+00
3.586644E+00  3.047E+00
3.586755E+00  6.673E+00
3.586865E+00  2.151E+00
3.586975E+00  1.525E+00
3.587085E+00  1.996E+00
3.587193E+00  6.885E+00
3.587302E+00  4.611E+01
3.587409E+00  3.530E+00
3.587516E+00  1.519E+00
3.587623E+00  1.334E+00
3.587729E+00  2.336E+00
3.587834E+00  1.042E+01
3.587939E+00  2.179E+00
3.588043E+00  5.233E-01
3.588147E+00  2.347E-01
3.588250E+00  1.446E-01
3.588353E+00  1.110E-01
3.588455E+00  1.095E-01
3.588557E+00  2.271E-01
3.588658E+00  1.257E-01
3.588758E+00  1.545E-02
3.588858E+00  1.609E-02
3.589057E+00  1.800E-02
3.589156E+00  1.921E-02
3.589254E+00  2.137E-02
3.589351E+00  2.582E-02
3.589448E+00  3.884E-02
3.589545E+00  2.417E-01
3.589641E+00  2.692E-02
3.589737E+00  2.538E-02
3.589832E+00  4.188E-02
3.589926E+00  8.330E-02
3.590020E+00  2.537E-01
3.590114E+00  5.128E+00
3.590207E+00  7.107E-01
3.590300E+00  1.500E-01
3.590392E+00  4.059E-01
3.590484E+00  2.126E-01
3.590576E+00  5.344E-02
3.590667E+00  3.186E-02
3.590757E+00  4.135E-02
3.590847E+00  1.941E-02
3.590937E+00  1.559E-02
3.591026E+00  1.467E-02
3.591114E+00  1.469E-02
3.591203E+00  1.553E-02
3.591291E+00  1.734E-02
3.591378E+00  2.055E-02
3.591465E+00  2.622E-02
3.591551E+00  3.690E-02
3.591638E+00  6.032E-02
3.591723E+00  1.298E-01
3.591809E+00  5.730E-01
3.591893E+00  1.567E+01
3.591978E+00  3.438E-01
3.592062E+00  1.767E-01
3.592146E+00  3.316E-01
3.592229E+00  9.931E+00
3.592312E+00  6.669E-01
3.592394E+00  1.420E-01
3.592476E+00  6.440E-02
3.592558E+00  3.852E-02
3.592639E+00  2.661E-02
3.592720E+00  2.006E-02
3.592801E+00  1.605E-02
3.592881E+00  1.337E-02
3.592960E+00  1.147E-02
3.593040E+00  1.004E-02
3.593119E+00  8.893E-03
3.593197E+00  8.025E-03
3.593276E+00  8.117E-03
3.593353E+00  1.740E-02
3.593431E+00  7.049E-01
3.593508E+00  2.016E-01
3.593585E+00  8.910E-02
3.593661E+00  8.930E-02
3.593737E+00  1.497E-01
3.593813E+00  4.789E-01
3.593888E+00  1.856E-01
3.593963E+00  5.078E-02
3.594038E+00  2.195E-02
3.594112E+00  1.556E-02
3.594186E+00  1.374E-02
3.594260E+00  1.353E-02
3.594333E+00  1.411E-02
3.594406E+00  1.521E-02
3.594479E+00  1.678E-02
3.594551E+00  1.884E-02
3.594623E+00  2.152E-02
3.594695E+00  2.500E-02
3.594766E+00  2.960E-02
3.594837E+00  3.581E-02
3.594908E+00  4.447E-02
3.594978E+00  5.705E-02
3.595048E+00  7.629E-02
3.595118E+00  1.078E-01
3.595187E+00  1.647E-01
3.595256E+00  2.813E-01
3.595325E+00  5.684E-01
3.595393E+00  1.409E+00
3.595461E+00  7.754E+00
3.595529E+00  1.687E+00
3.595597E+00  1.106E+00
3.595664E+00  1.383E+00
3.595731E+00  5.802E+00
3.595797E+00  1.378E+01
3.595864E+00  1.634E+00
3.595930E+00  8.530E-01
3.595995E+00  8.927E-01
3.596061E+00  1.992E+00
3.596126E+00  3.606E+00
3.596191E+00  6.096E-01
3.596255E+00  1.977E-01
3.596319E+00  9.869E-02
3.596383E+00  6.238E-02
3.596447E+00  4.622E-02
3.596511E+00  4.087E-02
3.596574E+00  3.380E-01
3.596637E+00  1.605E-02
3.596699E+00  1.715E-02
3.596762E+00  1.718E-02
3.596824E+00  1.757E-02
3.596885E+00  1.890E-02
3.596947E+00  2.437E-02
3.597008E+00  2.355E+01
3.597069E+00  9.570E-02
3.597130E+00  1.444E-01
3.597190E+00  5.292E-01
3.597250E+00  3.188E+01
3.597310E+00  3.993E-01
3.597370E+00  1.223E-01
3.597429E+00  7.083E-02
3.597489E+00  6.045E-02
3.597547E+00  7.943E-02
3.597606E+00  2.629E-01
3.597664E+00  1.432E+00
3.597723E+00  5.132E-02
3.597781E+00  1.724E-02
3.597838E+00  1.546E-02
3.597896E+00  1.932E-01
3.597953E+00  7.210E-02
3.598010E+00  1.243E-02
3.598066E+00  8.041E-03
3.598123E+00  6.811E-03
3.598179E+00  6.494E-03
3.598235E+00  6.650E-03
3.598291E+00  7.186E-03
3.598346E+00  8.146E-03
3.598401E+00  9.693E-03
3.598456E+00  1.217E-02
3.598511E+00  1.631E-02
3.598566E+00  2.378E-02
3.598620E+00  3.917E-02
3.598674E+00  7.890E-02
3.598728E+00  2.428E-01
3.598782E+00  4.855E+00
3.598835E+00  1.440E+00
3.598888E+00  1.773E-01
3.598941E+00  6.979E-02
3.598994E+00  3.835E-02
3.599047E+00  2.495E-02
3.599099E+00  1.800E-02
3.599151E+00  1.394E-02
3.599203E+00  1.137E-02
3.599255E+00  9.645E-03
3.599306E+00  8.428E-03
3.599358E+00  7.529E-03
3.599409E+00  6.830E-03
3.599510E+00  5.708E-03
3.599561E+00  5.277E-03
3.599611E+00  6.085E-03
3.599661E+00  3.394E-02
3.599711E+00  5.807E-01
3.599760E+00  7.720E-02
3.599810E+00  6.068E-02
3.599859E+00  7.864E-02
3.599908E+00  1.725E-01
3.599957E+00  6.015E-01
3.600005E+00  1.194E-01
3.600054E+00  1.099E-01
3.600102E+00  1.311E-02
3.600150E+00  9.794E-03
3.600198E+00  8.942E-03
3.600246E+00  9.078E-03
3.600293E+00  9.749E-03
3.600340E+00  1.081E-02
3.600388E+00  1.226E-02
3.600435E+00  1.414E-02
3.600481E+00  1.658E-02
3.600528E+00  1.978E-02
3.600574E+00  2.408E-02
3.600620E+00  3.002E-02
3.600666E+00  3.857E-02
3.600712E+00  5.148E-02
3.600758E+00  7.232E-02
3.600803E+00  1.091E-01
3.600848E+00  1.822E-01
3.600893E+00  3.549E-01
3.600938E+00  8.551E-01
3.600983E+00  2.055E+00
3.601028E+00  1.627E+00
3.601072E+00  8.566E-01
3.601116E+00  7.604E-01
3.601160E+00  1.426E+00
3.601204E+00  1.661E+01
3.601248E+00  3.333E+00
3.601291E+00  9.030E-01
3.601335E+00  7.107E-01
3.601378E+00  1.272E+00
3.601421E+00  2.687E+00
3.601464E+00  5.276E-01
3.601507E+00  1.644E-01
3.601549E+00  7.977E-02
3.601591E+00  4.873E-02
3.601634E+00  3.366E-02
3.601676E+00  2.210E-02
3.601718E+00  2.755E-02
3.601759E+00  2.229E-02
3.601801E+00  2.062E-02
3.601842E+00  2.066E-02
3.601883E+00  2.264E-02
3.601925E+00  2.792E-02
3.601965E+00  4.279E-02
3.602006E+00  9.648E-01
3.602047E+00  3.090E-01
3.602087E+00  1.327E+01
3.602128E+00  4.759E-01
3.602168E+00  1.149E-01
3.602208E+00  5.703E-02
3.602248E+00  3.886E-02
3.602287E+00  3.267E-02
3.602327E+00  3.339E-02
3.602366E+00  4.414E-02
3.602406E+00  9.783E-02
3.602445E+00  3.171E+00
3.602484E+00  9.599E-02
3.602523E+00  1.789E-02
3.602561E+00  9.897E-03
3.602600E+00  2.077E-02
3.602638E+00  3.779E-02
3.602676E+00  3.428E-01
3.602714E+00  1.298E-02
3.602752E+00  6.841E-03
3.602790E+00  5.577E-03
3.602828E+00  5.369E-03
3.602865E+00  5.661E-03
3.602903E+00  6.374E-03
3.602940E+00  7.612E-03
3.602977E+00  9.678E-03
3.603014E+00  1.328E-02
3.603051E+00  2.019E-02
3.603088E+00  3.601E-02
3.603124E+00  8.681E-02
3.603161E+00  4.927E-01
3.603197E+00  2.584E+00
3.603233E+00  1.842E-01
3.603269E+00  9.312E-01
3.603305E+00  1.901E-01
3.603341E+00  4.554E-02
3.603377E+00  2.358E-02
3.603412E+00  1.553E-02
3.603448E+00  1.152E-02
3.603483E+00  9.200E-03
3.603518E+00  7.728E-03
3.603553E+00  6.734E-03
3.603588E+00  6.029E-03
3.603623E+00  5.502E-03
3.603726E+00  4.322E-03
3.603761E+00  4.252E-03
3.603795E+00  1.001E-02
3.603829E+00  2.267E+00
3.603863E+00  7.346E-02
3.603897E+00  4.550E-02
3.603930E+00  5.050E-02
3.603964E+00  8.448E-02
3.603997E+00  2.757E-01
3.604031E+00  3.232E-01
3.604064E+00  6.163E-02
3.604097E+00  3.596E-01
3.604130E+00  9.411E-03
3.604163E+00  6.680E-03
3.604195E+00  6.483E-03
3.604228E+00  6.932E-03
3.604260E+00  7.752E-03
3.604293E+00  8.887E-03
3.604325E+00  1.036E-02
3.604357E+00  1.227E-02
3.604389E+00  1.475E-02
3.604421E+00  1.806E-02
3.604453E+00  2.260E-02
3.604485E+00  2.905E-02
3.604516E+00  3.869E-02
3.604548E+00  5.398E-02
3.604579E+00  8.033E-02
3.604610E+00  1.311E-01
3.604642E+00  2.459E-01
3.604673E+00  5.655E-01
3.604704E+00  1.470E+00
3.604734E+00  5.332E+00
3.604765E+00  8.295E-01
3.604796E+00  6.009E-01
3.604826E+00  7.954E-01
3.604857E+00  3.189E+00
3.604887E+00  1.078E+01
3.604917E+00  1.120E+00
3.604947E+00  6.621E-01
3.604977E+00  9.943E-01
3.605007E+00  2.263E+00
3.605037E+00  5.113E-01
3.605067E+00  1.525E-01
3.605096E+00  7.165E-02
3.605126E+00  4.201E-02
3.605155E+00  2.610E-02
3.605184E+00  1.408E+00
3.605214E+00  2.937E-02
3.605243E+00  2.299E-02
3.605272E+00  2.111E-02
3.605300E+00  2.150E-02
3.605329E+00  2.456E-02
3.605358E+00  3.269E-02
3.605387E+00  5.530E-02
3.605415E+00  3.940E-01
3.605443E+00  1.273E+00
3.605472E+00  1.134E+00
3.605500E+00  1.456E-01
3.605528E+00  5.983E-02
3.605556E+00  3.607E-02
3.605584E+00  2.680E-02
3.605612E+00  2.314E-02
3.605640E+00  2.297E-02
3.605667E+00  2.712E-02
3.605695E+00  4.327E-02
3.605722E+00  1.582E-01
3.605750E+00  7.469E-01
3.605777E+00  2.719E-02
3.605804E+00  1.026E-02
3.605831E+00  2.382E-02
3.605858E+00  2.456E-02
3.605885E+00  1.017E-02
3.605912E+00  2.448E-01
3.605939E+00  1.063E-02
3.605965E+00  5.907E-03
3.605992E+00  5.054E-03
3.606019E+00  5.094E-03
3.606045E+00  5.631E-03
3.606071E+00  6.687E-03
3.606097E+00  8.527E-03
3.606124E+00  1.183E-02
3.606150E+00  1.843E-02
3.606176E+00  3.454E-02
3.606201E+00  9.388E-02
3.606227E+00  9.176E-01
3.606253E+00  6.647E-01
3.606279E+00  9.799E-02
3.606304E+00  9.557E-02
3.606330E+00  3.729E+02
3.606355E+00  8.326E-02
3.606380E+00  2.742E-02
3.606406E+00  1.552E-02
3.606431E+00  1.076E-02
3.606456E+00  8.306E-03
3.606481E+00  6.852E-03
3.606506E+00  5.916E-03
3.606530E+00  5.278E-03
3.606555E+00  4.818E-03
3.606604E+00  4.153E-03
3.606629E+00  3.847E-03
3.606653E+00  3.626E-03
3.606678E+00  5.500E-03
3.606702E+00  1.951E-01
3.606726E+00  7.718E-02
3.606750E+00  3.795E-02
3.606774E+00  3.824E-02
3.606798E+00  5.587E-02
3.606822E+00  1.366E-01
3.606846E+00  5.217E-01
3.606870E+00  9.329E-02
3.606893E+00  4.655E-02
3.606917E+00  1.085E-01
3.606940E+00  7.002E-03
3.606964E+00  5.302E-03
3.606987E+00  5.442E-03
3.607010E+00  6.077E-03
3.607034E+00  7.021E-03
3.607057E+00  8.264E-03
3.607080E+00  9.865E-03
3.607103E+00  1.194E-02
3.607126E+00  1.469E-02
3.607148E+00  1.843E-02
3.607171E+00  2.371E-02
3.607194E+00  3.151E-02
3.607217E+00  4.372E-02
3.607239E+00  6.437E-02
3.607262E+00  1.032E-01
3.607284E+00  1.876E-01
3.607306E+00  4.130E-01
3.607329E+00  1.101E+00
3.607351E+00  1.928E+00
3.607373E+00  8.809E-01
3.607395E+00  5.564E-01
3.607417E+00  6.158E-01
3.607439E+00  1.673E+00
3.607461E+00  2.819E+01
3.607483E+00  1.362E+00
3.607504E+00  6.478E-01
3.607526E+00  8.745E-01
3.607548E+00  1.992E+00
3.607569E+00  4.916E-01
3.607591E+00  1.432E-01
3.607612E+00  6.558E-02
3.607634E+00  3.696E-02
3.607655E+00  2.035E-02
3.607676E+00  1.561E-01
3.607697E+00  3.017E-02
3.607718E+00  2.318E-02
3.607739E+00  2.112E-02
3.607760E+00  2.162E-02
3.607781E+00  2.515E-02
3.607802E+00  3.483E-02
3.607823E+00  6.332E-02
3.607843E+00  2.246E-01
3.607864E+00  5.107E+00
3.607885E+00  4.561E-01
3.607905E+00  9.844E-02
3.607925E+00  4.611E-02
3.607946E+00  2.933E-02
3.607966E+00  2.223E-02
3.607986E+00  1.912E-02
3.608007E+00  1.843E-02
3.608027E+00  2.032E-02
3.608047E+00  2.764E-02
3.608067E+00  6.016E-02
3.608084E+00  5.976E-01
3.609798E+00  7.752E-01
3.613163E+00  6.738E-01
3.616444E+00  5.943E-01
3.621447E+00  4.961E-01
3.626357E+00  4.177E-01
3.631081E+00  3.549E-01
3.635627E+00  3.050E-01
3.640004E+00  2.663E-01
3.644221E+00  2.369E-01
3.648285E+00  2.155E-01
3.652204E+00  2.008E-01
3.655984E+00  1.921E-01
3.659632E+00  1.897E-01
3.661993E+00  1.922E-01
3.664301E+00  1.992E-01
3.666555E+00  2.124E-01
3.667663E+00  2.224E-01
3.668759E+00  2.353E-01
3.669842E+00  2.523E-01
3.670913E+00  2.744E-01
3.671972E+00  3.036E-01
3.673019E+00  3.423E-01
3.674054E+00  3.937E-01
3.675078E+00  4.617E-01
3.676091E+00  5.491E-01
3.678083E+00  7.598E-01
3.679062E+00  8.324E-01
3.680031E+00  8.347E-01
3.680990E+00  7.648E-01
3.682876E+00  5.541E-01
3.683803E+00  4.679E-01
3.684721E+00  4.030E-01
3.685629E+00  3.566E-01
3.686528E+00  3.247E-01
3.687417E+00  3.042E-01
3.688296E+00  2.927E-01
3.689167E+00  2.891E-01
3.690028E+00  2.927E-01
3.690880E+00  3.037E-01
3.691723E+00  3.230E-01
3.692558E+00  3.523E-01
3.693384E+00  3.949E-01
3.694201E+00  4.560E-01
3.695010E+00  5.446E-01
3.695811E+00  6.763E-01
3.696604E+00  8.797E-01
3.697389E+00  1.211E+00
3.698165E+00  1.789E+00
3.698934E+00  2.882E+00
3.699695E+00  5.091E+00
3.700449E+00  1.013E+01
3.701195E+00  4.766E+01
3.701933E+00  1.008E+01
3.702664E+00  3.946E+00
3.703388E+00  2.217E+00
3.704105E+00  1.442E+00
3.704815E+00  1.026E+00
3.705518E+00  7.775E-01
3.706214E+00  6.180E-01
3.706903E+00  5.101E-01
3.707586E+00  4.340E-01
3.708262E+00  3.788E-01
3.708931E+00  3.379E-01
3.709594E+00  3.072E-01
3.710251E+00  2.840E-01
3.710901E+00  2.666E-01
3.711546E+00  2.539E-01
3.712184E+00  2.450E-01
3.712816E+00  2.395E-01
3.713442E+00  2.371E-01
3.714062E+00  2.377E-01
3.714677E+00  2.414E-01
3.715285E+00  2.486E-01
3.715888E+00  2.597E-01
3.716486E+00  2.754E-01
3.717078E+00  2.969E-01
3.717664E+00  3.260E-01
3.718245E+00  3.651E-01
3.718821E+00  4.179E-01
3.719391E+00  4.899E-01
3.719957E+00  5.894E-01
3.720517E+00  7.287E-01
3.721072E+00  9.252E-01
3.721622E+00  1.199E+00
3.722167E+00  1.562E+00
3.722708E+00  1.976E+00
3.723243E+00  2.299E+00
3.723774E+00  2.345E+00
3.724300E+00  2.100E+00
3.724821E+00  1.733E+00
3.725337E+00  1.395E+00
3.725850E+00  1.148E+00
3.726357E+00  1.041E+00
3.726860E+00  2.106E+00
3.727359E+00  1.420E+00
3.727854E+00  6.365E-01
3.728344E+00  5.184E-01
3.728830E+00  4.607E-01
3.729311E+00  4.249E-01
3.729789E+00  4.021E-01
3.730262E+00  3.894E-01
3.730732E+00  3.856E-01
3.731197E+00  3.911E-01
3.731658E+00  4.076E-01
3.732116E+00  4.390E-01
3.732570E+00  4.932E-01
3.733019E+00  5.864E-01
3.733465E+00  7.565E-01
3.733908E+00  1.108E+00
3.734346E+00  2.023E+00
3.734781E+00  5.914E+00
3.735212E+00  6.708E+01
3.735640E+00  9.247E+00
3.736064E+00  2.122E+00
3.736485E+00  9.550E-01
3.736902E+00  5.821E-01
3.737316E+00  4.244E-01
3.737726E+00  3.484E-01
3.738133E+00  3.116E-01
3.738537E+00  2.981E-01
3.738938E+00  3.037E-01
3.739335E+00  3.346E-01
3.739729E+00  4.271E-01
3.740120E+00  8.397E-01
3.740507E+00  1.025E+01
3.740892E+00  1.180E+00
3.741273E+00  5.511E-01
3.741652E+00  4.828E-01
3.742027E+00  5.070E-01
3.742400E+00  5.774E-01
3.742769E+00  6.959E-01
3.743136E+00  8.869E-01
3.743500E+00  1.210E+00
3.743861E+00  1.812E+00
3.744219E+00  3.115E+00
3.744574E+00  6.587E+00
3.744926E+00  1.840E+01
3.745276E+00  4.880E+01
3.745623E+00  4.370E+01
3.745968E+00  1.273E+01
3.746309E+00  4.297E+00
3.746648E+00  1.605E+00
3.746985E+00  8.019E-01
3.747319E+00  5.255E-01
3.747650E+00  4.023E-01
3.747979E+00  3.326E-01
3.748305E+00  2.861E-01
3.748629E+00  2.524E-01
3.748951E+00  2.267E-01
3.749270E+00  2.067E-01
3.749586E+00  1.911E-01
3.749901E+00  1.790E-01
3.750213E+00  1.697E-01
3.750522E+00  1.629E-01
3.750830E+00  1.583E-01
3.751135E+00  1.561E-01
3.751437E+00  1.563E-01
3.751738E+00  1.597E-01
3.752036E+00  1.680E-01
3.752332E+00  1.857E-01
3.752626E+00  2.270E-01
3.752918E+00  3.618E-01
3.753208E+00  1.512E+00
3.753495E+00  3.344E+00
3.753781E+00  4.853E-01
3.754064E+00  3.027E-01
3.754345E+00  2.722E-01
3.754625E+00  2.819E-01
3.754902E+00  3.185E-01
3.755177E+00  3.981E-01
3.755451E+00  6.204E-01
3.755722E+00  2.176E+00
3.755992E+00  2.301E+00
3.756259E+00  8.598E-01
3.756525E+00  8.179E-01
3.756789E+00  9.624E-01
3.757051E+00  1.195E+00
3.757311E+00  1.456E+00
3.757569E+00  1.629E+00
3.757826E+00  1.585E+00
3.758080E+00  1.347E+00
3.758333E+00  1.053E+00
3.758584E+00  8.028E-01
3.758834E+00  6.188E-01
3.759081E+00  4.928E-01
3.759327E+00  4.123E-01
3.759571E+00  3.706E-01
3.759814E+00  3.734E-01
3.760055E+00  4.652E-01
3.760294E+00  1.011E+00
3.760532E+00  6.864E-01
3.760768E+00  2.203E-01
3.761002E+00  6.731E-01
3.761235E+00  2.857E+00
3.761466E+00  1.863E+01
3.761696E+00  5.063E+00
3.761924E+00  1.819E+00
3.762151E+00  4.286E+00
3.762376E+00  7.705E-01
3.762600E+00  4.971E-01
3.762822E+00  3.874E-01
3.763042E+00  3.013E-01
3.763261E+00  2.602E-01
3.763479E+00  2.392E-01
3.763695E+00  2.398E-01
3.763910E+00  2.823E-01
3.764124E+00  4.643E-01
3.764336E+00  1.435E+00
3.764546E+00  3.300E+00
3.764755E+00  1.083E+00
3.764963E+00  5.380E-01
3.765170E+00  3.723E-01
3.765375E+00  3.093E-01
3.765579E+00  2.828E-01
3.765781E+00  2.629E-01
3.765983E+00  2.463E-01
3.766183E+00  2.378E-01
3.766381E+00  2.398E-01
3.766579E+00  2.563E-01
3.766775E+00  2.992E-01
3.766970E+00  4.064E-01
3.767163E+00  7.292E-01
3.767355E+00  1.872E+00
3.767547E+00  1.543E+00
3.767737E+00  5.393E-01
3.767925E+00  2.866E-01
3.768113E+00  2.025E-01
3.768299E+00  1.664E-01
3.768484E+00  1.484E-01
3.768668E+00  1.388E-01
3.768851E+00  1.337E-01
3.769033E+00  1.317E-01
3.769214E+00  1.323E-01
3.769393E+00  1.357E-01
3.769572E+00  1.432E-01
3.769749E+00  1.591E-01
3.769925E+00  1.944E-01
3.770100E+00  2.587E-01
3.770274E+00  1.998E+00
3.770447E+00  1.294E+00
3.770619E+00  3.420E-01
3.770790E+00  2.367E-01
3.770959E+00  2.153E-01
3.771128E+00  2.191E-01
3.771296E+00  2.384E-01
3.771463E+00  2.744E-01
3.771628E+00  3.352E-01
3.771793E+00  4.396E-01
3.771957E+00  6.297E-01
3.772119E+00  1.034E+00
3.772281E+00  5.842E+00
3.772442E+00  5.192E+00
3.772602E+00  6.728E+00
3.772761E+00  7.752E+00
3.772918E+00  1.190E+01
3.773075E+00  3.713E+01
3.773231E+00  9.837E+00
3.773387E+00  6.752E+00
3.773541E+00  4.067E+00
3.773694E+00  2.189E+00
3.773846E+00  1.174E+00
3.773998E+00  6.577E-01
3.774149E+00  3.884E-01
3.774298E+00  2.406E-01
3.774447E+00  1.555E-01
3.774595E+00  1.042E-01
3.774742E+00  7.229E-02
3.774888E+00  5.195E-02
3.775034E+00  3.894E-02
3.775178E+00  3.092E-02
3.775322E+00  2.673E-02
3.775465E+00  2.617E-02
3.775607E+00  3.028E-02
3.775748E+00  4.264E-02
3.775889E+00  7.452E-02
3.776029E+00  1.694E-01
3.776167E+00  6.025E-01
3.776305E+00  8.063E+00
3.776443E+00  2.983E+00
3.776579E+00  5.984E+00
3.776715E+00  5.583E-01
3.776850E+00  3.237E-01
3.776984E+00  2.676E-01
3.777118E+00  2.923E-01
3.777250E+00  5.452E-01
3.777382E+00  7.164E-01
3.777513E+00  2.552E-01
3.777644E+00  2.265E-01
3.777774E+00  2.512E-01
3.777903E+00  2.891E-01
3.778031E+00  3.229E-01
3.778158E+00  3.378E-01
3.778285E+00  3.295E-01
3.778537E+00  2.827E-01
3.778662E+00  2.698E-01
3.778786E+00  2.832E-01
3.778909E+00  3.653E-01
3.779032E+00  7.517E-01
3.779154E+00  6.692E+00
3.779276E+00  2.299E+00
3.779396E+00  1.971E+00
3.779516E+00  1.037E+00
3.779636E+00  6.369E-01
3.779755E+00  4.914E-01
3.779873E+00  4.639E-01
3.779990E+00  5.984E-01
3.780107E+00  2.224E+00
3.780223E+00  1.143E+00
3.780339E+00  3.269E-01
3.780454E+00  3.008E-01
3.780569E+00  3.756E-01
3.780682E+00  5.048E-01
3.780795E+00  7.286E-01
3.780908E+00  5.115E-01
3.781020E+00  2.855E-01
3.781131E+00  2.209E-01
3.781242E+00  1.969E-01
3.781352E+00  1.918E-01
3.781462E+00  2.076E-01
3.781571E+00  2.952E-01
3.781679E+00  1.942E-01
3.781787E+00  2.386E-01
3.781895E+00  3.985E-01
3.782002E+00  1.334E+00
3.782108E+00  1.933E+00
3.782213E+00  3.145E-01
3.782318E+00  1.609E-01
3.782423E+00  1.320E-01
3.782527E+00  1.332E-01
3.782631E+00  1.549E-01
3.782734E+00  2.171E-01
3.782836E+00  4.394E-01
3.782938E+00  1.682E+00
3.783039E+00  9.325E-01
3.783140E+00  3.834E-01
3.783240E+00  2.387E-01
3.783340E+00  1.914E-01
3.783439E+00  1.780E-01
3.783538E+00  1.812E-01
3.783637E+00  1.984E-01
3.783734E+00  2.362E-01
3.783832E+00  3.228E-01
3.783928E+00  6.015E-01
3.784025E+00  2.491E+00
3.784121E+00  1.221E+00
3.784216E+00  4.884E-01
3.784311E+00  4.458E-01
3.784405E+00  3.200E-01
3.784499E+00  3.163E-01
3.784593E+00  1.839E+00
3.784686E+00  1.753E+00
3.784778E+00  6.144E-01
3.784870E+00  7.993E-01
3.784962E+00  1.941E+00
3.785053E+00  4.437E+00
3.785144E+00  1.394E+00
3.785234E+00  1.406E+00
3.785324E+00  2.092E+00
3.785413E+00  1.435E+00
3.785502E+00  7.361E-01
3.785590E+00  4.646E-01
3.785679E+00  3.765E-01
3.785766E+00  4.012E-01
3.785853E+00  7.202E-01
3.785940E+00  8.523E+00
3.786026E+00  6.134E-01
3.786112E+00  2.121E-01
3.786198E+00  1.559E-01
3.786283E+00  1.553E-01
3.786368E+00  1.529E-01
3.786452E+00  1.549E-01
3.786536E+00  2.347E-01
3.786619E+00  9.020E-01
3.786702E+00  7.971E+00
3.786785E+00  3.662E-01
3.786867E+00  1.348E-01
3.786949E+00  8.593E-02
3.787030E+00  7.288E-02
3.787112E+00  7.589E-02
3.787192E+00  9.627E-02
3.787273E+00  1.555E-01
3.787353E+00  3.614E-01
3.787432E+00  1.817E+00
3.787511E+00  1.145E+01
3.787590E+00  2.060E+00
3.787668E+00  1.439E+00
3.787747E+00  4.685E-01
3.787824E+00  3.995E-01
3.787902E+00  2.866E-01
3.787979E+00  2.135E-01
3.788055E+00  2.126E-01
3.788131E+00  2.268E-01
3.788207E+00  2.433E-01
3.788283E+00  2.507E-01
3.788358E+00  2.429E-01
3.788433E+00  2.236E-01
3.788507E+00  2.013E-01
3.788581E+00  1.825E-01
3.788655E+00  1.702E-01
3.788729E+00  1.664E-01
3.788802E+00  1.749E-01
3.788875E+00  2.072E-01
3.788947E+00  3.060E-01
3.789019E+00  7.127E-01
3.789091E+00  5.243E+00
3.789162E+00  2.381E+00
3.789234E+00  1.010E+00
3.789304E+00  4.908E-01
3.789375E+00  3.463E-01
3.789445E+00  3.055E-01
3.789515E+00  3.162E-01
3.789584E+00  3.835E-01
3.789654E+00  6.007E-01
3.789722E+00  1.745E+00
3.789791E+00  2.082E+00
3.789859E+00  5.693E-01
3.789927E+00  7.856E-01
3.789995E+00  5.397E-01
3.790062E+00  2.102E-01
3.790129E+00  1.223E-01
3.790196E+00  9.242E-02
3.790263E+00  8.125E-02
3.790329E+00  8.080E-02
3.790395E+00  1.003E-01
3.790460E+00  2.321E-01
3.790526E+00  3.031E+00
3.790590E+00  5.116E-01
3.790655E+00  2.188E-01
3.790720E+00  1.785E-01
3.790784E+00  1.844E-01
3.790848E+00  2.273E-01
3.790911E+00  3.527E-01
3.790974E+00  8.440E-01
3.791038E+00  6.298E+00
3.791100E+00  2.487E+00
3.791163E+00  6.759E-01
3.791225E+00  6.181E-01
3.791287E+00  1.279E+00
3.791348E+00  9.733E-01
3.791410E+00  4.654E-01
3.791471E+00  3.080E-01
3.791532E+00  2.508E-01
3.791592E+00  2.311E-01
3.791653E+00  2.328E-01
3.791713E+00  2.549E-01
3.791773E+00  3.093E-01
3.791832E+00  4.423E-01
3.791891E+00  8.854E-01
3.791950E+00  3.515E+00
3.792009E+00  4.684E+00
3.792068E+00  1.667E+00
3.792126E+00  7.889E-01
3.792184E+00  4.358E-01
3.792242E+00  2.741E-01
3.792299E+00  2.452E-01
3.792357E+00  2.624E-01
3.792414E+00  3.236E-01
3.792471E+00  4.220E-01
3.792527E+00  6.515E-01
3.792584E+00  1.288E+00
3.792640E+00  2.607E+00
3.792695E+00  1.723E+00
3.792751E+00  7.621E-01
3.792806E+00  4.338E-01
3.792862E+00  3.090E-01
3.792917E+00  2.594E-01
3.792971E+00  2.472E-01
3.793026E+00  2.585E-01
3.793080E+00  2.821E-01
3.793134E+00  3.021E-01
3.793188E+00  3.176E-01
3.793241E+00  3.501E-01
3.793295E+00  4.181E-01
3.793348E+00  6.622E-01
3.793401E+00  1.256E+01
3.793453E+00  4.778E-01
3.793506E+00  1.238E-01
3.793558E+00  7.091E-02
3.793610E+00  5.510E-02
3.793662E+00  5.088E-02
3.793713E+00  5.378E-02
3.793765E+00  6.549E-02
3.793816E+00  9.564E-02
3.793867E+00  1.821E-01
3.793918E+00  5.488E-01
3.793968E+00  5.234E+00
3.794019E+00  3.373E+00
3.794069E+00  1.710E+00
3.794119E+00  5.425E-01
3.794169E+00  5.148E-01
3.794218E+00  6.352E-01
3.794267E+00  2.512E-01
3.794317E+00  1.893E-01
3.794365E+00  1.819E-01
3.794414E+00  1.858E-01
3.794463E+00  1.876E-01
3.794511E+00  1.820E-01
3.794607E+00  1.582E-01
3.794655E+00  1.489E-01
3.794703E+00  1.450E-01
3.794750E+00  1.484E-01
3.794797E+00  1.635E-01
3.794844E+00  2.028E-01
3.794891E+00  3.122E-01
3.794938E+00  7.594E-01
3.794984E+00  6.136E+00
3.795030E+00  1.881E+00
3.795077E+00  5.735E-01
3.795122E+00  3.114E-01
3.795168E+00  2.397E-01
3.795214E+00  2.284E-01
3.795259E+00  2.597E-01
3.795304E+00  3.661E-01
3.795349E+00  7.453E-01
3.795394E+00  2.432E+00
3.795439E+00  1.019E+00
3.795483E+00  4.622E-01
3.795528E+00  6.823E-01
3.795572E+00  6.820E-01
3.795616E+00  2.749E-01
3.795659E+00  1.574E-01
3.795703E+00  1.377E-01
3.795747E+00  2.674E-01
3.795790E+00  1.619E+01
3.795833E+00  5.437E-01
3.795876E+00  2.923E-01
3.795919E+00  1.483E-01
3.795961E+00  1.162E-01
3.796004E+00  1.050E-01
3.796046E+00  1.018E-01
3.796088E+00  1.049E-01
3.796130E+00  1.195E-01
3.796172E+00  1.821E-01
3.796214E+00  9.729E-01
3.796255E+00  3.186E-01
3.796296E+00  2.968E-01
3.796338E+00  5.711E-01
3.796379E+00  2.099E+00
3.796420E+00  2.489E+00
3.796460E+00  7.998E-01
3.796501E+00  4.291E-01
3.796541E+00  3.144E-01
3.796581E+00  2.762E-01
3.796622E+00  2.787E-01
3.796661E+00  3.328E-01
3.796701E+00  5.961E-01
3.796741E+00  3.155E+00
3.796780E+00  3.616E-01
3.796820E+00  4.824E-01
3.796859E+00  1.575E+00
3.796898E+00  3.974E+00
3.796937E+00  6.889E-01
3.796976E+00  2.556E-01
3.797014E+00  1.988E-01
3.797053E+00  2.093E-01
3.797091E+00  2.241E-01
3.797129E+00  2.739E-01
3.797167E+00  3.544E-01
3.797205E+00  5.094E-01
3.797243E+00  9.053E-01
3.797281E+00  2.208E+00
3.797318E+00  2.612E+00
3.797355E+00  9.695E-01
3.797393E+00  4.675E-01
3.797430E+00  3.010E-01
3.797467E+00  2.347E-01
3.797504E+00  2.106E-01
3.797540E+00  2.125E-01
3.797577E+00  2.376E-01
3.797613E+00  2.881E-01
3.797649E+00  3.662E-01
3.797686E+00  4.891E-01
3.797722E+00  8.117E-01
3.797757E+00  4.845E+00
3.797793E+00  8.687E-01
3.797829E+00  2.093E-01
3.797864E+00  1.175E-01
3.797900E+00  1.316E-01
3.797935E+00  5.750E-02
3.797970E+00  5.128E-02
3.798005E+00  5.004E-02
3.798040E+00  5.385E-02
3.798074E+00  6.546E-02
3.798109E+00  9.436E-02
3.798144E+00  1.762E-01
3.798178E+00  5.151E-01
3.798212E+00  4.261E+00
3.798246E+00  4.214E+00
3.798280E+00  9.210E-01
3.798314E+00  6.752E-01
3.798348E+00  1.130E+00
3.798381E+00  5.185E-01
3.798415E+00  2.408E-01
3.798448E+00  1.866E-01
3.798482E+00  1.729E-01
3.798548E+00  1.616E-01
3.798613E+00  1.438E-01
3.798646E+00  1.379E-01
3.798679E+00  1.369E-01
3.798711E+00  1.433E-01
3.798743E+00  1.625E-01
3.798776E+00  2.105E-01
3.798808E+00  3.514E-01
3.798840E+00  1.056E+00
3.798872E+00  1.022E+01
3.798903E+00  1.001E+00
3.798935E+00  3.607E-01
3.798967E+00  2.298E-01
3.798998E+00  1.983E-01
3.799029E+00  2.093E-01
3.799061E+00  2.650E-01
3.799092E+00  4.386E-01
3.799123E+00  1.209E+00
3.799154E+00  1.394E+00
3.799184E+00  4.258E-01
3.799215E+00  3.158E-01
3.799246E+00  5.370E-01
3.799276E+00  7.450E-01
3.799307E+00  3.480E-01
3.799337E+00  3.217E-01
3.799367E+00  6.148E+00
3.799397E+00  6.113E-01
3.799427E+00  2.240E-01
3.799457E+00  1.650E-01
3.799487E+00  2.039E-01
3.799516E+00  1.154E-01
3.799546E+00  9.819E-02
3.799575E+00  9.394E-02
3.799605E+00  9.395E-02
3.799634E+00  9.754E-02
3.799663E+00  1.063E-01
3.799692E+00  1.268E-01
3.799721E+00  1.649E-01
3.799750E+00  2.823E-01
3.799779E+00  6.170E-01
3.799807E+00  3.212E+00
3.799836E+00  2.351E+00
3.799864E+00  6.326E-01
3.799893E+00  3.346E-01
3.799921E+00  2.420E-01
3.799949E+00  2.073E-01
3.799977E+00  2.003E-01
3.800005E+00  2.227E-01
3.800033E+00  3.568E-01
3.800061E+00  2.743E-01
3.800089E+00  1.669E-01
3.800116E+00  1.981E-01
3.800144E+00  2.507E-01
3.800171E+00  6.502E-01
3.800198E+00  3.333E+00
3.800226E+00  1.590E+00
3.800253E+00  4.045E-01
3.800280E+00  2.743E-01
3.800307E+00  3.659E-01
3.800334E+00  2.251E-01
3.800361E+00  2.716E-01
3.800387E+00  3.572E-01
3.800414E+00  5.335E-01
3.800440E+00  1.031E+00
3.800467E+00  2.759E+00
3.800493E+00  2.032E+00
3.800520E+00  7.033E-01
3.800546E+00  3.620E-01
3.800572E+00  2.449E-01
3.800598E+00  1.972E-01
3.800624E+00  1.810E-01
3.800650E+00  1.865E-01
3.800675E+00  2.164E-01
3.800701E+00  2.868E-01
3.800727E+00  4.513E-01
3.800752E+00  1.035E+00
3.800778E+00  1.010E+01
3.800803E+00  6.280E-01
3.800828E+00  2.440E-01
3.800854E+00  1.511E-01
3.800879E+00  1.015E-01
3.800904E+00  7.346E-02
3.800929E+00  7.322E-02
3.800953E+00  5.528E-02
3.800978E+00  5.212E-02
3.801003E+00  5.398E-02
3.801028E+00  6.220E-02
3.801052E+00  8.301E-02
3.801077E+00  1.385E-01
3.801101E+00  3.375E-01
3.801125E+00  2.042E+00
3.801150E+00  6.477E+00
3.801174E+00  1.275E+00
3.801198E+00  9.289E-01
3.801222E+00  1.644E+00
3.801246E+00  6.411E-01
3.801270E+00  2.793E-01
3.801293E+00  1.996E-01
3.801317E+00  1.741E-01
3.801341E+00  1.623E-01
3.801388E+00  1.437E-01
3.801411E+00  1.367E-01
3.801434E+00  1.337E-01
3.801458E+00  1.367E-01
3.801481E+00  1.494E-01
3.801504E+00  1.819E-01
3.801527E+00  2.701E-01
3.801550E+00  6.187E-01
3.801573E+00  5.028E+00
3.801596E+00  1.734E+00
3.801618E+00  4.097E-01
3.801641E+00  2.325E-01
3.801664E+00  1.904E-01
3.801686E+00  1.944E-01
3.801709E+00  2.356E-01
3.801731E+00  3.539E-01
3.801753E+00  8.408E-01
3.801776E+00  1.195E+00
3.801798E+00  3.732E-01
3.801820E+00  2.353E-01
3.801842E+00  2.977E-01
3.801864E+00  6.388E-01
3.801886E+00  6.286E-01
3.801908E+00  6.075E-01
3.801930E+00  6.278E+00
3.801951E+00  3.945E-01
3.801973E+00  1.958E-01
3.801994E+00  1.478E-01
3.802016E+00  1.490E-01
3.802037E+00  1.650E-01
3.802059E+00  1.031E-01
3.802080E+00  9.502E-02
3.802101E+00  9.461E-02
3.802123E+00  9.839E-02
3.802144E+00  1.073E-01
3.802165E+00  1.252E-01
3.802186E+00  1.670E-01
3.802207E+00  2.840E-01
3.802228E+00  8.232E-01
3.802248E+00  5.616E+00
3.802269E+00  1.240E+00
3.802290E+00  4.005E-01
3.802310E+00  2.326E-01
3.802331E+00  1.747E-01
3.802351E+00  1.500E-01
3.802372E+00  1.394E-01
3.802392E+00  1.372E-01
3.802413E+00  1.433E-01
3.802433E+00  1.272E-01
3.802453E+00  1.297E-01
3.802473E+00  1.421E-01
3.802493E+00  2.553E-01
3.802513E+00  4.031E-01
3.802529E+00  6.040E-01
3.812509E+00  6.412E-01
3.862509E+00  4.696E-01
4.012509E+00  5.159E-01
4.112509E+00  5.155E-01
4.312509E+00  4.722E-01
4.662509E+00  3.872E-01
4.912508E+00  3.351E-01
5.212508E+00  2.838E-01
5.512508E+00  2.428E-01
5.762508E+00  2.141E-01
6.162508E+00  1.768E-01
6.562508E+00  1.482E-01
6.862508E+00  1.302E-01
7.362508E+00  1.064E-01
7.812508E+00  8.997E-02
8.212508E+00  7.767E-02
8.862508E+00  6.222E-02
9.462508E+00  5.156E-02
9.862508E+00  4.557E-02
1.036817E+01  3.926E-02
1.089976E+01  3.382E-02
1.145860E+01  2.913E-02
1.204610E+01  2.510E-02
1.266372E+01  2.162E-02
1.331301E+01  1.862E-02
1.399558E+01  1.604E-02
1.471315E+01  1.382E-02
1.546752E+01  1.191E-02
1.626056E+01  1.026E-02
1.709426E+01  8.835E-03
1.797070E+01  7.611E-03
1.889208E+01  6.556E-03
1.986070E+01  5.648E-03
2.087899E+01  4.865E-03
2.194948E+01  4.191E-03
2.307486E+01  3.611E-03
2.425794E+01  3.110E-03
2.550167E+01  2.679E-03
2.680918E+01  2.308E-03
2.818372E+01  1.988E-03
2.962873E+01  1.713E-03
3.114784E+01  1.476E-03
3.274482E+01  1.271E-03
3.442370E+01  1.095E-03
3.618864E+01  9.433E-04
3.804408E+01  8.126E-04
3.999465E+01  7.000E-04
