# photon energy(Ry), cross section(Mb)
7.300242E-02  1.057E+01
7.500242E-02  1.022E+01
7.700242E-02  9.876E+00
7.900242E-02  9.550E+00
8.100242E-02  9.239E+00
8.300242E-02  8.941E+00
8.500242E-02  8.656E+00
8.700242E-02  8.383E+00
8.900242E-02  8.123E+00
9.100242E-02  7.873E+00
9.300242E-02  7.635E+00
9.500242E-02  7.406E+00
9.700242E-02  7.187E+00
9.900242E-02  6.978E+00
1.010024E-01  6.777E+00
1.030024E-01  6.585E+00
1.050024E-01  6.401E+00
1.070024E-01  6.224E+00
1.090024E-01  6.055E+00
1.110024E-01  5.892E+00
1.130024E-01  5.737E+00
1.150024E-01  5.587E+00
1.170024E-01  5.443E+00
1.190024E-01  5.305E+00
1.210024E-01  5.173E+00
1.230024E-01  5.045E+00
1.250024E-01  4.923E+00
1.270024E-01  4.805E+00
1.290024E-01  4.691E+00
1.310024E-01  4.582E+00
1.330024E-01  4.477E+00
1.350024E-01  4.376E+00
1.370024E-01  4.278E+00
1.390024E-01  4.184E+00
1.410024E-01  4.093E+00
1.430024E-01  4.006E+00
1.450024E-01  3.921E+00
1.470024E-01  3.839E+00
1.490024E-01  3.760E+00
1.510024E-01  3.684E+00
1.530024E-01  3.610E+00
1.550024E-01  3.539E+00
1.570024E-01  3.469E+00
1.590024E-01  3.402E+00
1.610024E-01  3.337E+00
1.630024E-01  3.274E+00
1.650024E-01  3.213E+00
1.670024E-01  3.153E+00
1.690024E-01  3.095E+00
1.710024E-01  3.039E+00
1.730024E-01  2.985E+00
1.750024E-01  2.932E+00
1.770024E-01  2.880E+00
1.790024E-01  2.830E+00
1.810024E-01  2.781E+00
1.830024E-01  2.733E+00
1.850024E-01  2.686E+00
1.870024E-01  2.641E+00
1.890024E-01  2.596E+00
1.910024E-01  2.553E+00
1.930024E-01  2.511E+00
1.950024E-01  2.469E+00
1.970024E-01  2.429E+00
1.990024E-01  2.390E+00
2.010024E-01  2.351E+00
2.030024E-01  2.313E+00
2.050024E-01  2.276E+00
2.070024E-01  2.240E+00
2.090024E-01  2.205E+00
2.110024E-01  2.170E+00
2.130024E-01  2.136E+00
2.150024E-01  2.103E+00
2.170024E-01  2.071E+00
2.190024E-01  2.039E+00
2.210024E-01  2.008E+00
2.230024E-01  1.977E+00
2.250024E-01  1.947E+00
2.270024E-01  1.918E+00
2.290024E-01  1.889E+00
2.310024E-01  1.861E+00
2.330024E-01  1.834E+00
2.350024E-01  1.807E+00
2.370024E-01  1.780E+00
2.390024E-01  1.754E+00
2.410024E-01  1.729E+00
2.430024E-01  1.704E+00
2.450024E-01  1.679E+00
2.470024E-01  1.655E+00
2.490024E-01  1.632E+00
2.510024E-01  1.609E+00
2.530024E-01  1.587E+00
2.550024E-01  1.564E+00
2.570024E-01  1.543E+00
2.590024E-01  1.522E+00
2.610024E-01  1.501E+00
2.630024E-01  1.481E+00
2.650024E-01  1.461E+00
2.670024E-01  1.441E+00
2.690024E-01  1.422E+00
2.710024E-01  1.403E+00
2.730024E-01  1.385E+00
2.750024E-01  1.367E+00
2.770024E-01  1.350E+00
2.790024E-01  1.332E+00
2.810024E-01  1.316E+00
2.830024E-01  1.299E+00
2.850024E-01  1.283E+00
2.870024E-01  1.267E+00
2.890024E-01  1.252E+00
2.910024E-01  1.236E+00
2.930024E-01  1.222E+00
2.950024E-01  1.207E+00
2.970024E-01  1.193E+00
2.990024E-01  1.179E+00
3.010024E-01  1.165E+00
3.030024E-01  1.152E+00
3.050024E-01  1.139E+00
3.070024E-01  1.126E+00
3.090024E-01  1.113E+00
3.110024E-01  1.101E+00
3.130024E-01  1.089E+00
3.150024E-01  1.077E+00
3.170024E-01  1.065E+00
3.190024E-01  1.054E+00
3.210024E-01  1.042E+00
3.230024E-01  1.031E+00
3.250024E-01  1.021E+00
3.270024E-01  1.010E+00
3.290024E-01  9.996E-01
3.310024E-01  9.893E-01
3.330024E-01  9.793E-01
3.350024E-01  9.694E-01
3.370024E-01  9.597E-01
3.390024E-01  9.502E-01
3.410024E-01  9.408E-01
3.430024E-01  9.316E-01
3.450024E-01  9.225E-01
3.470024E-01  9.136E-01
3.490024E-01  9.048E-01
3.510024E-01  8.962E-01
3.530024E-01  8.877E-01
3.550024E-01  8.793E-01
3.570024E-01  8.710E-01
3.590024E-01  8.629E-01
3.610024E-01  8.548E-01
3.630024E-01  8.469E-01
3.650024E-01  8.391E-01
3.670024E-01  8.314E-01
3.690024E-01  8.238E-01
3.710024E-01  8.163E-01
3.730024E-01  8.088E-01
3.750024E-01  8.015E-01
3.770024E-01  7.943E-01
3.790024E-01  7.871E-01
3.810024E-01  7.801E-01
3.830024E-01  7.731E-01
3.850024E-01  7.662E-01
3.870024E-01  7.593E-01
3.890024E-01  7.526E-01
3.910024E-01  7.459E-01
3.930024E-01  7.393E-01
3.950024E-01  7.327E-01
3.970024E-01  7.263E-01
3.990024E-01  7.199E-01
4.010024E-01  7.135E-01
4.030024E-01  7.072E-01
4.050024E-01  7.010E-01
4.070024E-01  6.949E-01
4.090024E-01  6.888E-01
4.110024E-01  6.827E-01
4.130024E-01  6.767E-01
4.150024E-01  6.708E-01
4.170024E-01  6.650E-01
4.190024E-01  6.591E-01
4.210024E-01  6.534E-01
4.230024E-01  6.477E-01
4.250024E-01  6.421E-01
4.270024E-01  6.365E-01
4.290024E-01  6.309E-01
4.310024E-01  6.255E-01
4.330024E-01  6.200E-01
4.350024E-01  6.147E-01
4.370024E-01  6.093E-01
4.390024E-01  6.041E-01
4.410024E-01  5.988E-01
4.430024E-01  5.937E-01
4.450024E-01  5.886E-01
4.470024E-01  5.835E-01
4.490024E-01  5.785E-01
4.510024E-01  5.736E-01
4.530024E-01  5.686E-01
4.550024E-01  5.638E-01
4.570024E-01  5.590E-01
4.590024E-01  5.543E-01
4.610024E-01  5.496E-01
4.630024E-01  5.449E-01
4.650024E-01  5.403E-01
4.670024E-01  5.358E-01
4.690024E-01  5.313E-01
4.710024E-01  5.269E-01
4.730024E-01  5.225E-01
4.750024E-01  5.182E-01
4.770024E-01  5.139E-01
4.790024E-01  5.097E-01
4.810024E-01  5.055E-01
4.830024E-01  5.014E-01
4.850024E-01  4.973E-01
4.870024E-01  4.933E-01
4.890024E-01  4.893E-01
4.910024E-01  4.854E-01
4.930024E-01  4.815E-01
4.950024E-01  4.777E-01
4.970024E-01  4.739E-01
4.990024E-01  4.702E-01
5.010024E-01  4.665E-01
5.030024E-01  4.629E-01
5.050024E-01  4.593E-01
5.070024E-01  4.558E-01
5.090024E-01  4.523E-01
5.110024E-01  4.489E-01
5.130024E-01  4.455E-01
5.150024E-01  4.422E-01
5.170024E-01  4.389E-01
5.190024E-01  4.356E-01
5.210024E-01  4.324E-01
5.230024E-01  4.293E-01
5.250024E-01  4.262E-01
5.270024E-01  4.231E-01
5.290024E-01  4.201E-01
5.310024E-01  4.171E-01
5.330024E-01  4.141E-01
5.350024E-01  4.112E-01
5.370024E-01  4.084E-01
5.390024E-01  4.056E-01
5.410024E-01  4.028E-01
5.430024E-01  4.000E-01
5.450024E-01  3.973E-01
5.470024E-01  3.947E-01
5.490024E-01  3.920E-01
5.510024E-01  3.895E-01
5.530024E-01  3.869E-01
5.550024E-01  3.844E-01
5.570024E-01  3.819E-01
5.590024E-01  3.794E-01
5.610024E-01  3.770E-01
5.630024E-01  3.746E-01
5.650024E-01  3.722E-01
5.670024E-01  3.699E-01
5.690024E-01  3.676E-01
5.710024E-01  3.653E-01
5.730024E-01  3.631E-01
5.750024E-01  3.608E-01
5.770024E-01  3.586E-01
5.790024E-01  3.565E-01
5.810024E-01  3.543E-01
5.830024E-01  3.522E-01
5.850024E-01  3.501E-01
5.870024E-01  3.480E-01
5.890024E-01  3.460E-01
5.910024E-01  3.439E-01
5.930024E-01  3.419E-01
5.950024E-01  3.399E-01
5.970024E-01  3.380E-01
5.990024E-01  3.360E-01
6.010024E-01  3.341E-01
6.030024E-01  3.322E-01
6.050024E-01  3.303E-01
6.070024E-01  3.284E-01
6.090024E-01  3.265E-01
6.110024E-01  3.247E-01
6.130024E-01  3.228E-01
6.150024E-01  3.210E-01
6.170024E-01  3.192E-01
6.190024E-01  3.174E-01
6.210024E-01  3.156E-01
6.230024E-01  3.139E-01
6.250024E-01  3.121E-01
6.270024E-01  3.104E-01
6.290024E-01  3.086E-01
6.310024E-01  3.069E-01
6.330024E-01  3.052E-01
6.350024E-01  3.035E-01
6.370024E-01  3.018E-01
6.390024E-01  3.001E-01
6.410024E-01  2.985E-01
6.430024E-01  2.968E-01
6.450024E-01  2.951E-01
6.470024E-01  2.935E-01
6.490024E-01  2.919E-01
6.510024E-01  2.902E-01
6.530024E-01  2.886E-01
6.550024E-01  2.870E-01
6.570024E-01  2.854E-01
6.590024E-01  2.838E-01
6.610024E-01  2.822E-01
6.630024E-01  2.806E-01
6.650024E-01  2.790E-01
6.670024E-01  2.775E-01
6.690024E-01  2.759E-01
6.710024E-01  2.743E-01
6.730024E-01  2.728E-01
6.750024E-01  2.712E-01
6.770024E-01  2.697E-01
6.790024E-01  2.682E-01
6.810024E-01  2.667E-01
6.830024E-01  2.651E-01
6.850024E-01  2.636E-01
6.870024E-01  2.621E-01
6.890024E-01  2.606E-01
6.910024E-01  2.591E-01
6.930024E-01  2.576E-01
6.950024E-01  2.562E-01
6.970024E-01  2.547E-01
6.990024E-01  2.532E-01
7.010024E-01  2.518E-01
7.030024E-01  2.503E-01
7.050024E-01  2.489E-01
7.070024E-01  2.474E-01
7.090024E-01  2.460E-01
7.110024E-01  2.446E-01
7.130024E-01  2.432E-01
7.150024E-01  2.418E-01
7.170024E-01  2.404E-01
7.190024E-01  2.390E-01
7.210024E-01  2.376E-01
7.230024E-01  2.362E-01
7.250024E-01  2.349E-01
7.270024E-01  2.335E-01
7.290024E-01  2.322E-01
7.310024E-01  2.308E-01
7.330024E-01  2.295E-01
7.350024E-01  2.282E-01
7.370024E-01  2.268E-01
7.390024E-01  2.255E-01
7.410024E-01  2.242E-01
7.430024E-01  2.230E-01
7.450024E-01  2.217E-01
7.470024E-01  2.204E-01
7.490024E-01  2.192E-01
7.510024E-01  2.179E-01
7.530024E-01  2.167E-01
7.550024E-01  2.154E-01
7.570024E-01  2.142E-01
7.590024E-01  2.130E-01
7.610024E-01  2.118E-01
7.630024E-01  2.106E-01
7.650024E-01  2.094E-01
7.670024E-01  2.083E-01
7.690024E-01  2.071E-01
7.710024E-01  2.060E-01
7.730024E-01  2.048E-01
7.750024E-01  2.037E-01
7.770024E-01  2.026E-01
7.790024E-01  2.015E-01
7.810024E-01  2.004E-01
7.830024E-01  1.993E-01
7.850024E-01  1.982E-01
7.870024E-01  1.972E-01
7.890024E-01  1.961E-01
7.910024E-01  1.951E-01
7.930024E-01  1.941E-01
7.950024E-01  1.930E-01
7.970024E-01  1.920E-01
7.990024E-01  1.910E-01
8.010024E-01  1.900E-01
8.030024E-01  1.891E-01
8.050024E-01  1.881E-01
8.070024E-01  1.871E-01
8.090024E-01  1.862E-01
8.110024E-01  1.853E-01
8.130024E-01  1.843E-01
8.150024E-01  1.834E-01
8.170024E-01  1.825E-01
8.190024E-01  1.816E-01
8.210024E-01  1.807E-01
8.230024E-01  1.799E-01
8.250024E-01  1.790E-01
8.270024E-01  1.781E-01
8.290024E-01  1.773E-01
8.310024E-01  1.765E-01
8.330024E-01  1.756E-01
8.350024E-01  1.748E-01
8.370024E-01  1.740E-01
8.390024E-01  1.732E-01
8.410024E-01  1.724E-01
8.430024E-01  1.716E-01
8.450024E-01  1.709E-01
8.470024E-01  1.701E-01
8.490024E-01  1.694E-01
8.510024E-01  1.686E-01
8.530024E-01  1.679E-01
8.550024E-01  1.671E-01
8.570024E-01  1.664E-01
8.590024E-01  1.657E-01
8.610024E-01  1.650E-01
8.630024E-01  1.643E-01
8.650024E-01  1.636E-01
8.670024E-01  1.629E-01
8.690024E-01  1.622E-01
8.710024E-01  1.616E-01
8.730024E-01  1.609E-01
8.750024E-01  1.602E-01
8.770024E-01  1.596E-01
8.790024E-01  1.589E-01
8.810024E-01  1.583E-01
8.830024E-01  1.577E-01
8.850024E-01  1.570E-01
8.870024E-01  1.564E-01
8.890024E-01  1.558E-01
8.910024E-01  1.552E-01
8.930024E-01  1.546E-01
8.950024E-01  1.540E-01
8.970024E-01  1.534E-01
8.990024E-01  1.528E-01
9.010024E-01  1.522E-01
9.030024E-01  1.516E-01
9.050024E-01  1.510E-01
9.070024E-01  1.504E-01
9.090024E-01  1.499E-01
9.110024E-01  1.493E-01
9.130024E-01  1.487E-01
9.150024E-01  1.482E-01
9.170024E-01  1.476E-01
9.190024E-01  1.470E-01
9.210024E-01  1.465E-01
9.230024E-01  1.459E-01
9.250024E-01  1.454E-01
9.270024E-01  1.448E-01
9.290024E-01  1.443E-01
9.310024E-01  1.437E-01
9.330024E-01  1.432E-01
9.350024E-01  1.427E-01
9.370024E-01  1.421E-01
9.390024E-01  1.416E-01
9.410024E-01  1.411E-01
9.430024E-01  1.405E-01
9.450024E-01  1.400E-01
9.470024E-01  1.395E-01
9.490024E-01  1.390E-01
9.510024E-01  1.384E-01
9.530024E-01  1.379E-01
9.550024E-01  1.374E-01
9.570024E-01  1.369E-01
9.590024E-01  1.364E-01
9.610024E-01  1.359E-01
9.630024E-01  1.353E-01
9.650024E-01  1.348E-01
9.670024E-01  1.343E-01
9.690024E-01  1.338E-01
9.710024E-01  1.333E-01
9.730024E-01  1.328E-01
9.750024E-01  1.323E-01
9.770024E-01  1.318E-01
9.790024E-01  1.312E-01
9.810024E-01  1.307E-01
9.830024E-01  1.302E-01
9.850024E-01  1.297E-01
9.870024E-01  1.292E-01
9.890024E-01  1.287E-01
9.910024E-01  1.282E-01
9.930024E-01  1.277E-01
9.950024E-01  1.272E-01
9.970024E-01  1.267E-01
9.990024E-01  1.262E-01
1.001002E+00  1.257E-01
1.003002E+00  1.252E-01
1.005002E+00  1.247E-01
1.007002E+00  1.242E-01
1.009002E+00  1.237E-01
1.011002E+00  1.232E-01
1.013002E+00  1.227E-01
1.015002E+00  1.222E-01
1.017002E+00  1.217E-01
1.019002E+00  1.212E-01
1.021002E+00  1.207E-01
1.023002E+00  1.202E-01
1.025002E+00  1.197E-01
1.027002E+00  1.192E-01
1.029002E+00  1.187E-01
1.031002E+00  1.182E-01
1.033002E+00  1.177E-01
1.035002E+00  1.172E-01
1.037002E+00  1.168E-01
1.039002E+00  1.163E-01
1.041002E+00  1.158E-01
1.043002E+00  1.153E-01
1.045002E+00  1.148E-01
1.047002E+00  1.143E-01
1.049002E+00  1.138E-01
1.051002E+00  1.134E-01
1.053002E+00  1.129E-01
1.055002E+00  1.124E-01
1.057002E+00  1.119E-01
1.059002E+00  1.115E-01
1.061002E+00  1.110E-01
1.063002E+00  1.105E-01
1.065002E+00  1.101E-01
1.067002E+00  1.096E-01
1.069002E+00  1.091E-01
1.071002E+00  1.087E-01
1.073002E+00  1.082E-01
1.075002E+00  1.077E-01
1.077002E+00  1.073E-01
1.079002E+00  1.068E-01
1.081002E+00  1.064E-01
1.083002E+00  1.059E-01
1.085002E+00  1.055E-01
1.087002E+00  1.050E-01
1.089002E+00  1.046E-01
1.091002E+00  1.042E-01
1.093002E+00  1.037E-01
1.095002E+00  1.033E-01
1.097002E+00  1.029E-01
1.099002E+00  1.024E-01
1.101002E+00  1.020E-01
1.103002E+00  1.016E-01
1.105002E+00  1.012E-01
1.107002E+00  1.007E-01
1.109002E+00  1.003E-01
1.111002E+00  9.992E-02
1.113002E+00  9.951E-02
1.115002E+00  9.910E-02
1.117002E+00  9.870E-02
1.119002E+00  9.830E-02
1.121002E+00  9.790E-02
1.123002E+00  9.751E-02
1.125002E+00  9.712E-02
1.127002E+00  9.673E-02
1.129002E+00  9.634E-02
1.131002E+00  9.596E-02
1.133002E+00  9.558E-02
1.135002E+00  9.521E-02
1.137002E+00  9.484E-02
1.139002E+00  9.447E-02
1.141002E+00  9.410E-02
1.143002E+00  9.374E-02
1.145002E+00  9.338E-02
1.147002E+00  9.302E-02
1.149002E+00  9.267E-02
1.151002E+00  9.232E-02
1.153002E+00  9.197E-02
1.155002E+00  9.163E-02
1.157002E+00  9.129E-02
1.159002E+00  9.095E-02
1.161002E+00  9.062E-02
1.163002E+00  9.029E-02
1.165002E+00  8.996E-02
1.167002E+00  8.964E-02
1.169002E+00  8.932E-02
1.171002E+00  8.900E-02
1.173002E+00  8.868E-02
1.175002E+00  8.837E-02
1.177002E+00  8.806E-02
1.179002E+00  8.776E-02
1.181002E+00  8.745E-02
1.183002E+00  8.716E-02
1.185002E+00  8.686E-02
1.187002E+00  8.657E-02
1.189002E+00  8.627E-02
1.191002E+00  8.599E-02
1.193002E+00  8.570E-02
1.195002E+00  8.542E-02
1.197002E+00  8.514E-02
1.199002E+00  8.486E-02
1.201002E+00  8.459E-02
1.203002E+00  8.432E-02
1.205002E+00  8.405E-02
1.207002E+00  8.379E-02
1.209002E+00  8.352E-02
1.211002E+00  8.326E-02
1.213002E+00  8.301E-02
1.215002E+00  8.275E-02
1.217002E+00  8.250E-02
1.219002E+00  8.225E-02
1.221002E+00  8.200E-02
1.223002E+00  8.175E-02
1.225002E+00  8.151E-02
1.227002E+00  8.127E-02
1.229002E+00  8.103E-02
1.231002E+00  8.079E-02
1.233002E+00  8.056E-02
1.235002E+00  8.032E-02
1.237002E+00  8.009E-02
1.239002E+00  7.986E-02
1.241002E+00  7.964E-02
1.243002E+00  7.941E-02
1.245002E+00  7.919E-02
1.247002E+00  7.897E-02
1.249002E+00  7.875E-02
1.251002E+00  7.853E-02
1.253002E+00  7.831E-02
1.255002E+00  7.810E-02
1.257002E+00  7.788E-02
1.259002E+00  7.767E-02
1.261002E+00  7.746E-02
1.263002E+00  7.725E-02
1.265002E+00  7.704E-02
1.267002E+00  7.683E-02
1.269002E+00  7.663E-02
1.271002E+00  7.642E-02
1.273002E+00  7.622E-02
1.275002E+00  7.602E-02
1.277002E+00  7.582E-02
1.279002E+00  7.562E-02
1.281002E+00  7.542E-02
1.283002E+00  7.522E-02
1.285002E+00  7.502E-02
1.287002E+00  7.482E-02
1.289002E+00  7.463E-02
1.291002E+00  7.443E-02
1.293002E+00  7.424E-02
1.295002E+00  7.404E-02
1.297002E+00  7.385E-02
1.299002E+00  7.366E-02
1.301002E+00  7.346E-02
1.303002E+00  7.327E-02
1.305002E+00  7.308E-02
1.307002E+00  7.289E-02
1.309002E+00  7.270E-02
1.311002E+00  7.251E-02
1.313002E+00  7.232E-02
1.315002E+00  7.213E-02
1.317002E+00  7.194E-02
1.319002E+00  7.175E-02
1.321002E+00  7.156E-02
1.323002E+00  7.137E-02
1.325002E+00  7.118E-02
1.327002E+00  7.099E-02
1.329002E+00  7.080E-02
1.331002E+00  7.061E-02
1.333002E+00  7.043E-02
1.335002E+00  7.024E-02
1.337002E+00  7.005E-02
1.339002E+00  6.986E-02
1.341002E+00  6.967E-02
1.343002E+00  6.948E-02
1.345002E+00  6.929E-02
1.347002E+00  6.911E-02
1.349002E+00  6.892E-02
1.351002E+00  6.873E-02
1.353002E+00  6.854E-02
1.355002E+00  6.835E-02
1.357002E+00  6.816E-02
1.359002E+00  6.797E-02
1.361002E+00  6.778E-02
1.363002E+00  6.759E-02
1.365002E+00  6.740E-02
1.367002E+00  6.721E-02
1.369002E+00  6.702E-02
1.371002E+00  6.683E-02
1.373002E+00  6.664E-02
1.375002E+00  6.645E-02
1.377002E+00  6.626E-02
1.379002E+00  6.606E-02
1.381002E+00  6.587E-02
1.383002E+00  6.568E-02
1.385002E+00  6.549E-02
1.387002E+00  6.530E-02
1.389002E+00  6.511E-02
1.391002E+00  6.491E-02
1.393002E+00  6.472E-02
1.395002E+00  6.453E-02
1.397002E+00  6.434E-02
1.399002E+00  6.414E-02
1.401002E+00  6.395E-02
1.403002E+00  6.376E-02
1.405002E+00  6.356E-02
1.407002E+00  6.337E-02
1.409002E+00  6.318E-02
1.411002E+00  6.298E-02
1.413002E+00  6.279E-02
1.415002E+00  6.260E-02
1.417002E+00  6.240E-02
1.419002E+00  6.221E-02
1.421002E+00  6.202E-02
1.423002E+00  6.182E-02
1.425002E+00  6.163E-02
1.427002E+00  6.144E-02
1.429002E+00  6.124E-02
1.431002E+00  6.105E-02
1.433002E+00  6.086E-02
1.435002E+00  6.067E-02
1.437002E+00  6.048E-02
1.439002E+00  6.028E-02
1.441002E+00  6.009E-02
1.443002E+00  5.990E-02
1.445002E+00  5.971E-02
1.447002E+00  5.952E-02
1.449002E+00  5.933E-02
1.451002E+00  5.914E-02
1.453002E+00  5.895E-02
1.455002E+00  5.876E-02
1.457002E+00  5.857E-02
1.459002E+00  5.838E-02
1.461002E+00  5.819E-02
1.463002E+00  5.801E-02
1.465002E+00  5.782E-02
1.467002E+00  5.763E-02
1.469002E+00  5.745E-02
1.471002E+00  5.726E-02
1.473002E+00  5.708E-02
1.475002E+00  5.689E-02
1.477002E+00  5.671E-02
1.479002E+00  5.653E-02
1.481002E+00  5.634E-02
1.483002E+00  5.616E-02
1.485002E+00  5.598E-02
1.487002E+00  5.580E-02
1.489002E+00  5.562E-02
1.491002E+00  5.544E-02
1.493002E+00  5.527E-02
1.495002E+00  5.509E-02
1.497002E+00  5.491E-02
1.499002E+00  5.474E-02
1.501002E+00  5.456E-02
1.503002E+00  5.439E-02
1.505002E+00  5.422E-02
1.507002E+00  5.405E-02
1.509002E+00  5.388E-02
1.511002E+00  5.371E-02
1.513002E+00  5.354E-02
1.515002E+00  5.337E-02
1.517002E+00  5.320E-02
1.519002E+00  5.304E-02
1.521002E+00  5.287E-02
1.523002E+00  5.271E-02
1.525002E+00  5.255E-02
1.527002E+00  5.239E-02
1.529002E+00  5.223E-02
1.531002E+00  5.207E-02
1.533002E+00  5.191E-02
1.535002E+00  5.175E-02
1.537002E+00  5.160E-02
1.539002E+00  5.144E-02
1.541002E+00  5.129E-02
1.543002E+00  5.114E-02
1.545002E+00  5.099E-02
1.547002E+00  5.084E-02
1.549002E+00  5.069E-02
1.551002E+00  5.054E-02
1.553002E+00  5.039E-02
1.555002E+00  5.025E-02
1.557002E+00  5.010E-02
1.559002E+00  4.996E-02
1.561002E+00  4.982E-02
1.563002E+00  4.968E-02
1.565002E+00  4.954E-02
1.567002E+00  4.940E-02
1.569002E+00  4.926E-02
1.571002E+00  4.913E-02
1.573002E+00  4.899E-02
1.575002E+00  4.886E-02
1.577002E+00  4.873E-02
1.579002E+00  4.860E-02
1.581002E+00  4.847E-02
1.583002E+00  4.834E-02
1.585002E+00  4.821E-02
1.587002E+00  4.809E-02
1.589002E+00  4.796E-02
1.591002E+00  4.784E-02
1.593002E+00  4.771E-02
1.595002E+00  4.759E-02
1.597002E+00  4.747E-02
1.599002E+00  4.735E-02
1.601002E+00  4.723E-02
1.603002E+00  4.712E-02
1.605002E+00  4.700E-02
1.607002E+00  4.689E-02
1.609002E+00  4.677E-02
1.611002E+00  4.666E-02
1.613002E+00  4.655E-02
1.615002E+00  4.644E-02
1.617002E+00  4.633E-02
1.619002E+00  4.622E-02
1.621002E+00  4.611E-02
1.623002E+00  4.601E-02
1.625002E+00  4.590E-02
1.627002E+00  4.580E-02
1.629002E+00  4.569E-02
1.631002E+00  4.559E-02
1.633002E+00  4.549E-02
1.635002E+00  4.539E-02
1.637002E+00  4.529E-02
1.639002E+00  4.519E-02
1.641002E+00  4.509E-02
1.643002E+00  4.500E-02
1.645002E+00  4.490E-02
1.647002E+00  4.481E-02
1.649002E+00  4.471E-02
1.651002E+00  4.462E-02
1.653002E+00  4.453E-02
1.655002E+00  4.443E-02
1.657002E+00  4.434E-02
1.659002E+00  4.425E-02
1.661002E+00  4.416E-02
1.663002E+00  4.407E-02
1.665002E+00  4.398E-02
1.667002E+00  4.390E-02
1.669002E+00  4.381E-02
1.671002E+00  4.372E-02
1.673002E+00  4.364E-02
1.675002E+00  4.355E-02
1.677002E+00  4.347E-02
1.679002E+00  4.338E-02
1.681002E+00  4.330E-02
1.683002E+00  4.322E-02
1.685002E+00  4.314E-02
1.687002E+00  4.305E-02
1.689002E+00  4.297E-02
1.691002E+00  4.289E-02
1.693002E+00  4.281E-02
1.695002E+00  4.273E-02
1.697002E+00  4.265E-02
1.699002E+00  4.257E-02
1.701002E+00  4.249E-02
1.703002E+00  4.241E-02
1.705002E+00  4.233E-02
1.707002E+00  4.226E-02
1.709002E+00  4.218E-02
1.711002E+00  4.210E-02
1.713002E+00  4.202E-02
1.715002E+00  4.195E-02
1.717002E+00  4.187E-02
1.719002E+00  4.180E-02
1.721002E+00  4.172E-02
1.723002E+00  4.164E-02
1.725002E+00  4.157E-02
1.727002E+00  4.149E-02
1.729002E+00  4.142E-02
1.731002E+00  4.134E-02
1.733002E+00  4.127E-02
1.735002E+00  4.119E-02
1.737002E+00  4.112E-02
1.739002E+00  4.104E-02
1.741002E+00  4.097E-02
1.743002E+00  4.089E-02
1.745002E+00  4.082E-02
1.747002E+00  4.074E-02
1.749002E+00  4.067E-02
1.751002E+00  4.059E-02
1.753002E+00  4.052E-02
1.755002E+00  4.044E-02
1.757002E+00  4.037E-02
1.759002E+00  4.029E-02
1.761002E+00  4.022E-02
1.763002E+00  4.014E-02
1.765002E+00  4.007E-02
1.767002E+00  3.999E-02
1.769002E+00  3.992E-02
1.771002E+00  3.984E-02
1.773002E+00  3.977E-02
1.775002E+00  3.969E-02
1.777002E+00  3.961E-02
1.779002E+00  3.954E-02
1.781002E+00  3.946E-02
1.783002E+00  3.939E-02
1.785002E+00  3.931E-02
1.787002E+00  3.923E-02
1.789002E+00  3.916E-02
1.791002E+00  3.908E-02
1.793002E+00  3.900E-02
1.795002E+00  3.893E-02
1.797002E+00  3.885E-02
1.799002E+00  3.877E-02
1.801002E+00  3.869E-02
1.803002E+00  3.862E-02
1.805002E+00  3.854E-02
1.807002E+00  3.846E-02
1.809002E+00  3.838E-02
1.811002E+00  3.830E-02
1.813002E+00  3.823E-02
1.815002E+00  3.815E-02
1.817002E+00  3.807E-02
1.819002E+00  3.799E-02
1.821002E+00  3.791E-02
1.823002E+00  3.783E-02
1.825002E+00  3.775E-02
1.827002E+00  3.767E-02
1.829002E+00  3.759E-02
1.831002E+00  3.751E-02
1.833002E+00  3.743E-02
1.835002E+00  3.735E-02
1.837002E+00  3.727E-02
1.839002E+00  3.719E-02
1.841002E+00  3.711E-02
1.843002E+00  3.703E-02
1.845002E+00  3.694E-02
1.847002E+00  3.686E-02
1.849002E+00  3.678E-02
1.851002E+00  3.670E-02
1.853002E+00  3.662E-02
1.855002E+00  3.653E-02
1.857002E+00  3.645E-02
1.859002E+00  3.637E-02
1.861002E+00  3.629E-02
1.863002E+00  3.621E-02
1.865002E+00  3.612E-02
1.867002E+00  3.604E-02
1.869002E+00  3.596E-02
1.871002E+00  3.588E-02
1.873002E+00  3.579E-02
1.875002E+00  3.571E-02
1.877002E+00  3.563E-02
1.879002E+00  3.554E-02
1.881002E+00  3.546E-02
1.883002E+00  3.538E-02
1.885002E+00  3.529E-02
1.887002E+00  3.521E-02
1.889002E+00  3.513E-02
1.891002E+00  3.505E-02
1.893002E+00  3.496E-02
1.895002E+00  3.488E-02
1.897002E+00  3.480E-02
1.899002E+00  3.471E-02
1.901002E+00  3.463E-02
1.903002E+00  3.455E-02
1.905002E+00  3.447E-02
1.907002E+00  3.438E-02
1.909002E+00  3.430E-02
1.911002E+00  3.422E-02
1.913002E+00  3.414E-02
1.915002E+00  3.406E-02
1.917002E+00  3.397E-02
1.919002E+00  3.389E-02
1.921002E+00  3.381E-02
1.923002E+00  3.373E-02
1.925002E+00  3.365E-02
1.927002E+00  3.357E-02
1.929002E+00  3.349E-02
1.931002E+00  3.341E-02
1.933002E+00  3.333E-02
1.935002E+00  3.325E-02
1.937002E+00  3.317E-02
1.939002E+00  3.309E-02
1.941002E+00  3.301E-02
1.943002E+00  3.293E-02
1.945002E+00  3.285E-02
1.947002E+00  3.277E-02
1.949002E+00  3.269E-02
1.951002E+00  3.262E-02
1.953002E+00  3.254E-02
1.955002E+00  3.246E-02
1.957002E+00  3.238E-02
1.959002E+00  3.231E-02
1.961002E+00  3.223E-02
1.963002E+00  3.216E-02
1.965002E+00  3.208E-02
1.967002E+00  3.201E-02
1.969002E+00  3.193E-02
1.971002E+00  3.186E-02
1.973002E+00  3.178E-02
1.975002E+00  3.171E-02
1.977002E+00  3.164E-02
1.979002E+00  3.156E-02
1.981002E+00  3.149E-02
1.983002E+00  3.142E-02
1.985002E+00  3.135E-02
1.987002E+00  3.128E-02
1.989002E+00  3.121E-02
1.991002E+00  3.114E-02
1.993002E+00  3.107E-02
1.995002E+00  3.100E-02
1.997002E+00  3.093E-02
1.999002E+00  3.086E-02
2.001002E+00  3.079E-02
2.003002E+00  3.073E-02
2.005002E+00  3.066E-02
2.007002E+00  3.059E-02
2.009002E+00  3.053E-02
2.011002E+00  3.046E-02
2.013002E+00  3.040E-02
2.015002E+00  3.033E-02
2.017002E+00  3.027E-02
2.019002E+00  3.021E-02
2.021002E+00  3.014E-02
2.023002E+00  3.008E-02
2.025002E+00  3.002E-02
2.027002E+00  2.996E-02
2.029002E+00  2.990E-02
2.031002E+00  2.984E-02
2.033002E+00  2.978E-02
2.035002E+00  2.972E-02
2.037002E+00  2.966E-02
2.039002E+00  2.960E-02
2.041002E+00  2.955E-02
2.043002E+00  2.949E-02
2.045002E+00  2.943E-02
2.047002E+00  2.938E-02
2.049002E+00  2.932E-02
2.051002E+00  2.927E-02
2.053002E+00  2.921E-02
2.055002E+00  2.916E-02
2.057002E+00  2.910E-02
2.059002E+00  2.905E-02
2.061002E+00  2.900E-02
2.063002E+00  2.895E-02
2.065002E+00  2.890E-02
2.067002E+00  2.885E-02
2.069002E+00  2.880E-02
2.071002E+00  2.875E-02
2.083002E+00  2.846E-02
2.102404E+00  2.804E-02
2.207680E+00  2.637E-02
2.372679E+00  2.468E-02
2.427779E+00  2.460E-02
2.457774E+00  2.503E-02
2.476624E+00  2.571E-02
2.494620E+00  2.700E-02
2.503314E+00  2.807E-02
2.511814E+00  2.964E-02
2.520124E+00  3.213E-02
2.528252E+00  3.647E-02
2.536202E+00  4.567E-02
2.543978E+00  7.550E-02
2.551587E+00  8.480E-01
2.559034E+00  4.188E-03
2.566321E+00  2.327E-03
2.573455E+00  6.458E-03
2.580439E+00  9.116E-03
2.587278E+00  1.086E-02
2.593975E+00  1.208E-02
2.600535E+00  1.298E-02
2.613257E+00  1.420E-02
2.631397E+00  1.529E-02
2.659331E+00  1.631E-02
2.765959E+00  1.891E-02
2.800212E+00  2.026E-02
2.824146E+00  2.179E-02
2.840649E+00  2.344E-02
2.853523E+00  2.543E-02
2.863451E+00  2.779E-02
2.870916E+00  3.049E-02
2.876256E+00  3.334E-02
2.879699E+00  3.587E-02
2.883053E+00  3.922E-02
2.884697E+00  4.132E-02
2.886320E+00  4.384E-02
2.887922E+00  4.688E-02
2.889504E+00  5.065E-02
2.891065E+00  5.545E-02
2.892607E+00  6.172E-02
2.894129E+00  7.028E-02
2.895631E+00  8.255E-02
2.897115E+00  1.015E-01
2.898581E+00  1.337E-01
2.900028E+00  1.982E-01
2.901457E+00  3.701E-01
2.902869E+00  1.279E+00
2.904263E+00  5.432E+01
2.905640E+00  4.803E-01
2.907001E+00  9.144E-02
2.908345E+00  2.746E-02
2.909672E+00  9.714E-03
2.910984E+00  3.896E-03
2.912280E+00  2.291E-03
2.913560E+00  4.687E-03
2.914825E+00  5.492E-01
2.916075E+00  2.818E-02
2.917311E+00  1.344E-02
2.918532E+00  1.120E-02
2.919738E+00  1.086E-02
2.920931E+00  1.110E-02
2.922109E+00  1.156E-02
2.926690E+00  1.399E-02
2.938262E+00  2.079E-02
2.944004E+00  2.473E-02
2.948513E+00  2.849E-02
2.952790E+00  3.300E-02
2.956055E+00  3.740E-02
2.959189E+00  4.282E-02
2.961457E+00  4.781E-02
2.963658E+00  5.388E-02
2.965795E+00  6.143E-02
2.967869E+00  7.104E-02
2.969219E+00  7.903E-02
2.970543E+00  8.878E-02
2.971842E+00  1.010E-01
2.972482E+00  1.084E-01
2.973116E+00  1.171E-01
2.973744E+00  1.277E-01
2.974366E+00  1.418E-01
2.974983E+00  1.672E-01
2.975593E+00  8.050E-01
2.976198E+00  1.288E-01
2.976798E+00  1.606E-01
2.977980E+00  2.076E-01
2.978563E+00  2.341E-01
2.979140E+00  2.650E-01
2.979712E+00  3.018E-01
2.980279E+00  3.467E-01
2.980841E+00  4.025E-01
2.981398E+00  4.730E-01
2.981950E+00  5.642E-01
2.982497E+00  6.852E-01
2.983039E+00  8.507E-01
2.983576E+00  1.086E+00
2.984108E+00  1.435E+00
2.984635E+00  1.986E+00
2.985158E+00  2.931E+00
2.985676E+00  4.755E+00
2.986190E+00  9.004E+00
2.986699E+00  2.301E+01
2.987204E+00  1.389E+02
2.987704E+00  6.428E+02
2.988200E+00  3.951E+01
2.988691E+00  1.307E+01
2.989179E+00  6.562E+00
2.989662E+00  4.020E+00
2.990140E+00  2.779E+00
2.990615E+00  2.094E+00
2.991086E+00  1.693E+00
2.991553E+00  1.465E+00
2.992015E+00  1.366E+00
2.992474E+00  1.410E+00
2.992929E+00  1.733E+00
2.993380E+00  3.209E+00
2.993827E+00  6.380E+01
2.994271E+00  1.365E+00
2.994711E+00  7.123E-02
2.995147E+00  7.835E-04
2.995579E+00  5.248E-03
2.996008E+00  1.500E-02
2.996433E+00  2.227E-02
2.996855E+00  2.682E-02
2.997274E+00  2.935E-02
2.997689E+00  3.052E-02
2.998100E+00  3.079E-02
2.998508E+00  3.048E-02
2.999314E+00  2.891E-02
3.002036E+00  2.166E-02
3.003524E+00  1.836E-02
3.004609E+00  1.643E-02
3.006017E+00  1.448E-02
3.007045E+00  1.342E-02
3.008050E+00  1.266E-02
3.009353E+00  1.210E-02
3.010306E+00  1.202E-02
3.011237E+00  1.225E-02
3.012147E+00  1.291E-02
3.012743E+00  1.366E-02
3.013330E+00  1.480E-02
3.013620E+00  1.559E-02
3.013909E+00  1.659E-02
3.014195E+00  1.789E-02
3.014479E+00  1.967E-02
3.014761E+00  2.229E-02
3.015041E+00  2.664E-02
3.015319E+00  3.574E-02
3.015595E+00  6.905E-02
3.015869E+00  1.626E+01
3.016141E+00  1.435E-06
3.016411E+00  4.858E-03
3.016679E+00  9.311E-03
3.016945E+00  1.279E-02
3.017472E+00  1.894E-02
3.017733E+00  2.217E-02
3.017992E+00  2.577E-02
3.018249E+00  2.993E-02
3.018504E+00  3.489E-02
3.018757E+00  4.092E-02
3.019009E+00  4.846E-02
3.019259E+00  5.808E-02
3.019507E+00  7.067E-02
3.019754E+00  8.764E-02
3.019999E+00  1.113E-01
3.020242E+00  1.455E-01
3.020483E+00  1.977E-01
3.020723E+00  2.829E-01
3.020961E+00  4.354E-01
3.021198E+00  7.482E-01
3.021432E+00  1.553E+00
3.021666E+00  4.810E+00
3.021898E+00  7.020E+01
3.022128E+00  2.159E+01
3.022356E+00  3.523E+00
3.022583E+00  1.424E+00
3.022809E+00  7.862E-01
3.023033E+00  5.112E-01
3.023256E+00  3.691E-01
3.023477E+00  2.877E-01
3.023696E+00  2.390E-01
3.023914E+00  2.108E-01
3.024131E+00  1.986E-01
3.024346E+00  2.034E-01
3.024560E+00  2.376E-01
3.024773E+00  3.605E-01
3.024984E+00  1.248E+00
3.025193E+00  2.398E+00
3.025402E+00  5.870E-02
3.025609E+00  4.120E-03
3.025814E+00  2.542E-06
3.026019E+00  1.120E-03
3.026221E+00  2.595E-03
3.026423E+00  3.739E-03
3.026623E+00  4.524E-03
3.026822E+00  5.028E-03
3.027020E+00  5.329E-03
3.027217E+00  5.486E-03
3.027412E+00  5.543E-03
3.027799E+00  5.469E-03
3.028370E+00  5.131E-03
3.030373E+00  3.618E-03
3.031579E+00  2.843E-03
3.032734E+00  2.200E-03
3.033529E+00  1.815E-03
3.033841E+00  1.692E-03
3.033996E+00  1.646E-03
3.034149E+00  1.617E-03
3.034302E+00  1.625E-03
3.034454E+00  1.716E-03
3.034604E+00  2.087E-03
3.034754E+00  5.384E-03
3.034904E+00  8.853E-05
3.035052E+00  2.079E-04
3.035199E+00  3.296E-04
3.035346E+00  3.545E-04
3.035491E+00  3.390E-04
3.035636E+00  3.041E-04
3.035780E+00  2.596E-04
3.036207E+00  1.134E-04
3.036348E+00  7.037E-05
3.036488E+00  3.481E-05
3.036627E+00  1.001E-05
3.036765E+00  2.368E-08
3.036903E+00  1.002E-05
3.037039E+00  4.673E-05
3.037175E+00  1.191E-04
3.037310E+00  2.392E-04
3.037445E+00  4.234E-04
3.037579E+00  6.947E-04
3.037711E+00  1.085E-03
3.037844E+00  1.641E-03
3.037975E+00  2.431E-03
3.038106E+00  3.556E-03
3.038236E+00  5.175E-03
3.038365E+00  7.541E-03
3.038493E+00  1.107E-02
3.038621E+00  1.651E-02
3.038748E+00  2.520E-02
3.038875E+00  3.988E-02
3.039000E+00  6.661E-02
3.039125E+00  1.208E-01
3.039250E+00  2.515E-01
3.039373E+00  6.813E-01
3.039496E+00  3.723E+00
3.039619E+00  8.765E+01
3.039740E+00  2.437E+00
3.039861E+00  8.088E-01
3.039981E+00  4.351E-01
3.040101E+00  2.915E-01
3.040220E+00  2.233E-01
3.040338E+00  1.891E-01
3.040456E+00  1.753E-01
3.040573E+00  1.799E-01
3.040690E+00  2.136E-01
3.040805E+00  3.347E-01
3.041035E+00  2.128E+00
3.041149E+00  6.222E-02
3.041262E+00  5.603E-03
3.041375E+00  7.549E-05
3.041487E+00  5.931E-04
3.041599E+00  1.866E-03
3.041710E+00  3.004E-03
3.041820E+00  3.879E-03
3.041930E+00  4.521E-03
3.042039E+00  4.980E-03
3.042148E+00  5.300E-03
3.042256E+00  5.518E-03
3.042363E+00  5.658E-03
3.042577E+00  5.781E-03
3.042893E+00  5.738E-03
3.043408E+00  5.413E-03
3.045343E+00  3.787E-03
3.045617E+00  3.628E-03
3.045797E+00  3.619E-03
3.045887E+00  3.704E-03
3.045976E+00  3.969E-03
3.046065E+00  4.944E-03
3.046153E+00  2.802E-02
3.046240E+00  5.738E-04
3.046328E+00  1.393E-03
3.046415E+00  1.631E-03
3.046501E+00  1.697E-03
3.046587E+00  1.692E-03
3.046673E+00  1.648E-03
3.046843E+00  1.499E-03
3.047011E+00  1.303E-03
3.047261E+00  9.588E-04
3.047588E+00  4.594E-04
3.047669E+00  3.387E-04
3.047749E+00  2.260E-04
3.047829E+00  1.269E-04
3.047909E+00  4.933E-05
3.047988E+00  4.910E-06
3.048067E+00  1.075E-05
3.048145E+00  9.249E-05
3.048224E+00  2.893E-04
3.048301E+00  6.622E-04
3.048379E+00  1.309E-03
3.048456E+00  2.394E-03
3.048533E+00  4.196E-03
3.048609E+00  7.226E-03
3.048685E+00  1.247E-02
3.048761E+00  2.201E-02
3.048836E+00  4.073E-02
3.048911E+00  8.210E-02
3.048985E+00  1.937E-01
3.049060E+00  6.405E-01
3.049133E+00  6.657E+00
3.049207E+00  8.074E+00
3.049280E+00  1.068E+00
3.049353E+00  4.541E-01
3.049426E+00  2.749E-01
3.049498E+00  1.991E-01
3.049570E+00  1.622E-01
3.049641E+00  1.452E-01
3.049712E+00  1.425E-01
3.049783E+00  1.569E-01
3.049854E+00  2.080E-01
3.049924E+00  4.222E-01
3.049994E+00  9.624E+00
3.050064E+00  2.318E-01
3.050133E+00  1.646E-02
3.050202E+00  9.400E-04
3.050271E+00  1.677E-04
3.050339E+00  1.338E-03
3.050407E+00  2.579E-03
3.050475E+00  3.586E-03
3.050542E+00  4.349E-03
3.050609E+00  4.914E-03
3.050676E+00  5.326E-03
3.050743E+00  5.624E-03
3.050809E+00  5.835E-03
3.050941E+00  6.077E-03
3.051136E+00  6.171E-03
3.051392E+00  6.058E-03
3.052014E+00  5.432E-03
3.052609E+00  4.806E-03
3.052782E+00  4.732E-03
3.052839E+00  4.759E-03
3.052897E+00  4.849E-03
3.052953E+00  5.072E-03
3.053010E+00  5.672E-03
3.053066E+00  8.253E-03
3.053123E+00  1.218E-02
3.053179E+00  1.345E-03
3.053234E+00  2.129E-03
3.053290E+00  2.400E-03
3.053345E+00  2.498E-03
3.053400E+00  2.516E-03
3.053455E+00  2.491E-03
3.053563E+00  2.364E-03
3.053671E+00  2.177E-03
3.053832E+00  1.823E-03
3.053990E+00  1.400E-03
3.054146E+00  9.224E-04
3.054300E+00  4.267E-04
3.054351E+00  2.742E-04
3.054402E+00  1.412E-04
3.054453E+00  4.221E-05
3.054503E+00  5.254E-08
3.054553E+00  5.116E-05
3.054603E+00  2.550E-04
3.054653E+00  7.116E-04
3.054703E+00  1.595E-03
3.054752E+00  3.223E-03
3.054801E+00  6.210E-03
3.054850E+00  1.184E-02
3.054899E+00  2.307E-02
3.054948E+00  4.782E-02
3.054996E+00  1.125E-01
3.055044E+00  3.471E-01
3.055092E+00  2.370E+00
3.055140E+00  1.965E+01
3.055188E+00  1.148E+00
3.055235E+00  4.335E-01
3.055283E+00  2.518E-01
3.055330E+00  1.789E-01
3.055376E+00  1.441E-01
3.055423E+00  1.275E-01
3.055470E+00  1.234E-01
3.055516E+00  1.324E-01
3.055562E+00  1.663E-01
3.055608E+00  2.894E-01
3.055654E+00  1.744E+00
3.055699E+00  5.303E-01
3.055745E+00  2.581E-02
3.055790E+00  1.710E-03
3.055835E+00  6.527E-05
3.055880E+00  1.155E-03
3.055925E+00  2.433E-03
3.055969E+00  3.491E-03
3.056014E+00  4.302E-03
3.056058E+00  4.909E-03
3.056102E+00  5.359E-03
3.056146E+00  5.690E-03
3.056189E+00  5.932E-03
3.056276E+00  6.226E-03
3.056405E+00  6.386E-03
3.056575E+00  6.342E-03
3.056947E+00  5.898E-03
3.057346E+00  5.375E-03
3.057463E+00  5.340E-03
3.057502E+00  5.385E-03
3.057540E+00  5.495E-03
3.057579E+00  5.745E-03
3.057617E+00  6.369E-03
3.057655E+00  8.745E-03
3.057693E+00  4.866E-01
3.057731E+00  1.399E-03
3.057768E+00  2.457E-03
3.057806E+00  2.827E-03
3.057843E+00  2.976E-03
3.057881E+00  3.027E-03
3.057918E+00  3.024E-03
3.057991E+00  2.930E-03
3.058101E+00  2.666E-03
3.058210E+00  2.308E-03
3.058317E+00  1.872E-03
3.058388E+00  1.539E-03
3.058458E+00  1.176E-03
3.058563E+00  5.966E-04
3.058598E+00  4.085E-04
3.058632E+00  2.361E-04
3.058666E+00  9.468E-05
3.058701E+00  9.649E-06
3.058735E+00  2.294E-05
3.058769E+00  2.061E-04
3.058803E+00  6.848E-04
3.058836E+00  1.690E-03
3.058870E+00  3.667E-03
3.058904E+00  7.545E-03
3.058937E+00  1.545E-02
3.058970E+00  3.295E-02
3.059004E+00  7.802E-02
3.059037E+00  2.326E-01
3.059070E+00  1.311E+00
3.059102E+00  7.222E+01
3.059135E+00  1.265E+00
3.059168E+00  4.287E-01
3.059200E+00  2.403E-01
3.059232E+00  1.681E-01
3.059265E+00  1.340E-01
3.059297E+00  1.176E-01
3.059329E+00  1.126E-01
3.059361E+00  1.187E-01
3.059393E+00  1.441E-01
3.059424E+00  2.299E-01
3.059456E+00  8.776E-01
3.059487E+00  1.298E+00
3.059519E+00  3.738E-02
3.059550E+00  2.607E-03
3.059581E+00  1.483E-05
3.059612E+00  1.011E-03
3.059643E+00  2.312E-03
3.059674E+00  3.407E-03
3.059705E+00  4.253E-03
3.059735E+00  4.889E-03
3.059766E+00  5.364E-03
3.059796E+00  5.717E-03
3.059826E+00  5.977E-03
3.059887E+00  6.305E-03
3.059976E+00  6.505E-03
3.060094E+00  6.504E-03
3.060326E+00  6.182E-03
3.060606E+00  5.715E-03
3.060689E+00  5.682E-03
3.060743E+00  5.805E-03
3.060770E+00  5.994E-03
3.060797E+00  6.423E-03
3.060824E+00  7.665E-03
3.060851E+00  1.775E-02
3.060878E+00  3.715E-04
3.060904E+00  2.366E-03
3.060931E+00  2.990E-03
3.060957E+00  3.239E-03
3.060984E+00  3.342E-03
3.061010E+00  3.371E-03
3.061062E+00  3.318E-03
3.061140E+00  3.093E-03
3.061217E+00  2.765E-03
3.061294E+00  2.355E-03
3.061369E+00  1.861E-03
3.061419E+00  1.485E-03
3.061469E+00  1.075E-03
3.061494E+00  8.619E-04
3.061518E+00  6.474E-04
3.061543E+00  4.388E-04
3.061567E+00  2.473E-04
3.061592E+00  9.211E-05
3.061616E+00  5.306E-06
3.061640E+00  4.243E-05
3.061665E+00  3.019E-04
3.061689E+00  9.650E-04
3.061713E+00  2.383E-03
3.061737E+00  5.284E-03
3.061761E+00  1.132E-02
3.061784E+00  2.477E-02
3.061808E+00  5.901E-02
3.061832E+00  1.717E-01
3.061855E+00  8.531E-01
3.061879E+00  2.015E+02
3.061902E+00  1.452E+00
3.061926E+00  4.377E-01
3.061949E+00  2.366E-01
3.061972E+00  1.627E-01
3.061995E+00  1.284E-01
3.062018E+00  1.118E-01
3.062041E+00  1.060E-01
3.062064E+00  1.103E-01
3.062087E+00  1.306E-01
3.062110E+00  1.962E-01
3.062132E+00  5.837E-01
3.062155E+00  4.219E+00
3.062178E+00  5.281E-02
3.062200E+00  3.728E-03
3.062222E+00  1.607E-07
3.062245E+00  8.752E-04
3.062267E+00  2.191E-03
3.062289E+00  3.319E-03
3.062311E+00  4.194E-03
3.062333E+00  4.855E-03
3.062355E+00  5.351E-03
3.062377E+00  5.721E-03
3.062399E+00  5.996E-03
3.062443E+00  6.349E-03
3.062486E+00  6.529E-03
3.062572E+00  6.616E-03
3.062719E+00  6.414E-03
3.062965E+00  5.911E-03
3.063023E+00  5.906E-03
3.068041E+00  9.144E-01
3.073003E+00  7.914E-01
3.081193E+00  6.387E-01
3.089203E+00  5.309E-01
3.097038E+00  4.518E-01
3.104704E+00  3.921E-01
3.112205E+00  3.458E-01
3.119547E+00  3.090E-01
3.126733E+00  2.793E-01
3.133767E+00  2.550E-01
3.140655E+00  2.347E-01
3.154006E+00  2.034E-01
3.166817E+00  1.803E-01
3.179116E+00  1.625E-01
3.196662E+00  1.421E-01
3.213201E+00  1.269E-01
3.233815E+00  1.123E-01
3.252932E+00  1.020E-01
3.274936E+00  9.323E-02
3.295062E+00  8.815E-02
3.309951E+00  8.710E-02
3.320473E+00  8.893E-02
3.327201E+00  9.215E-02
3.333710E+00  9.796E-02
3.336887E+00  1.023E-01
3.340012E+00  1.081E-01
3.343087E+00  1.159E-01
3.346113E+00  1.265E-01
3.349091E+00  1.413E-01
3.352022E+00  1.624E-01
3.354908E+00  1.941E-01
3.357749E+00  2.438E-01
3.360545E+00  3.281E-01
3.363299E+00  4.852E-01
3.366010E+00  8.193E-01
3.368680E+00  1.641E+00
3.371309E+00  3.347E+00
3.373899E+00  3.016E+00
3.376450E+00  1.403E+00
3.378963E+00  7.091E-01
3.381438E+00  4.232E-01
3.383877E+00  2.861E-01
3.386279E+00  2.112E-01
3.388647E+00  1.661E-01
3.390980E+00  1.370E-01
3.393279E+00  1.171E-01
3.395545E+00  1.029E-01
3.397778E+00  9.232E-02
3.399979E+00  8.425E-02
3.402149E+00  7.792E-02
3.404289E+00  7.284E-02
3.408477E+00  6.522E-02
3.412550E+00  5.978E-02
3.418449E+00  5.400E-02
3.425947E+00  4.869E-02
3.444613E+00  3.858E-02
3.449257E+00  3.495E-02
3.450765E+00  3.365E-02
3.452255E+00  3.363E-02
3.453726E+00  4.358E-02
3.455179E+00  1.053E-01
3.456614E+00  1.124E-01
3.458031E+00  8.220E-02
3.459431E+00  6.839E-02
3.460813E+00  6.160E-02
3.462179E+00  5.779E-02
3.463528E+00  5.548E-02
3.464861E+00  5.402E-02
3.467478E+00  5.260E-02
3.471288E+00  5.264E-02
3.474964E+00  5.450E-02
3.478513E+00  5.816E-02
3.480811E+00  6.178E-02
3.483057E+00  6.660E-02
3.485252E+00  7.294E-02
3.487397E+00  8.124E-02
3.489495E+00  9.216E-02
3.490526E+00  9.888E-02
3.491546E+00  1.066E-01
3.492555E+00  1.156E-01
3.493552E+00  1.260E-01
3.494539E+00  1.382E-01
3.495515E+00  1.525E-01
3.496480E+00  1.693E-01
3.497435E+00  1.892E-01
3.498379E+00  2.129E-01
3.499314E+00  2.415E-01
3.500238E+00  2.761E-01
3.501152E+00  3.185E-01
3.502057E+00  3.709E-01
3.502952E+00  4.365E-01
3.503838E+00  5.198E-01
3.504714E+00  6.272E-01
3.505581E+00  7.684E-01
3.506439E+00  9.580E-01
3.507288E+00  1.219E+00
3.508128E+00  1.591E+00
3.508960E+00  2.139E+00
3.509783E+00  2.987E+00
3.510597E+00  4.371E+00
3.511403E+00  6.784E+00
3.512201E+00  1.128E+01
3.512991E+00  1.979E+01
3.513773E+00  3.240E+01
3.514546E+00  3.808E+01
3.515312E+00  1.000E+02
3.516071E+00  1.222E+01
3.516821E+00  8.359E+00
3.517565E+00  5.881E+00
3.518301E+00  4.337E+00
3.519029E+00  3.337E+00
3.519751E+00  2.659E+00
3.520465E+00  2.181E+00
3.521172E+00  1.831E+00
3.521872E+00  1.568E+00
3.522566E+00  1.364E+00
3.523253E+00  1.204E+00
3.523933E+00  1.075E+00
3.524606E+00  9.705E-01
3.525273E+00  8.838E-01
3.525934E+00  8.114E-01
3.526588E+00  7.502E-01
3.527879E+00  6.534E-01
3.529144E+00  5.812E-01
3.530386E+00  5.261E-01
3.532206E+00  4.657E-01
3.533976E+00  4.237E-01
3.535697E+00  3.947E-01
3.537920E+00  3.708E-01
3.540064E+00  3.606E-01
3.542133E+00  3.629E-01
3.543638E+00  3.739E-01
3.545103E+00  3.953E-01
3.546059E+00  4.176E-01
3.546999E+00  4.493E-01
3.547923E+00  4.952E-01
3.548379E+00  5.261E-01
3.548831E+00  5.647E-01
3.549279E+00  6.137E-01
3.549724E+00  6.778E-01
3.550165E+00  7.642E-01
3.550602E+00  8.859E-01
3.551035E+00  1.067E+00
3.551465E+00  1.359E+00
3.551891E+00  1.879E+00
3.552314E+00  2.962E+00
3.552734E+00  5.784E+00
3.553149E+00  1.476E+01
3.553562E+00  1.820E+01
3.553971E+00  6.568E+00
3.554377E+00  2.961E+00
3.554779E+00  1.849E+00
3.555178E+00  1.521E+00
3.555574E+00  1.827E+00
3.555967E+00  1.067E+01
3.556357E+00  3.102E+00
3.556743E+00  1.026E+00
3.557126E+00  8.670E-01
3.557507E+00  8.731E-01
3.557884E+00  9.318E-01
3.558258E+00  1.024E+00
3.558629E+00  1.150E+00
3.558998E+00  1.314E+00
3.559363E+00  1.529E+00
3.559726E+00  1.812E+00
3.560086E+00  2.193E+00
3.560443E+00  2.719E+00
3.560797E+00  3.471E+00
3.561148E+00  4.587E+00
3.561497E+00  6.325E+00
3.561843E+00  9.166E+00
3.562186E+00  1.397E+01
3.562527E+00  2.172E+01
3.562865E+00  3.034E+01
3.563200E+00  3.056E+01
3.563533E+00  2.194E+01
3.563864E+00  1.400E+01
3.564191E+00  9.134E+00
3.564517E+00  6.377E+00
3.564840E+00  4.873E+00
3.565160E+00  4.297E+00
3.565478E+00  5.176E+00
3.565794E+00  1.488E+01
3.566107E+00  3.347E+02
3.566418E+00  9.397E+00
3.566727E+00  3.460E+00
3.567033E+00  2.061E+00
3.567337E+00  1.472E+00
3.567639E+00  1.147E+00
3.567939E+00  9.395E-01
3.568236E+00  7.942E-01
3.568531E+00  6.862E-01
3.568824E+00  6.027E-01
3.569115E+00  5.361E-01
3.569404E+00  4.818E-01
3.569691E+00  4.368E-01
3.569975E+00  3.990E-01
3.570258E+00  3.668E-01
3.570538E+00  3.391E-01
3.571093E+00  2.942E-01
3.571640E+00  2.596E-01
3.572180E+00  2.325E-01
3.572711E+00  2.107E-01
3.573495E+00  1.856E-01
3.574262E+00  1.670E-01
3.575260E+00  1.493E-01
3.576231E+00  1.378E-01
3.577176E+00  1.312E-01
3.577867E+00  1.296E-01
3.578545E+00  1.317E-01
3.578990E+00  1.362E-01
3.579210E+00  1.400E-01
3.579428E+00  1.452E-01
3.579645E+00  1.526E-01
3.579861E+00  1.636E-01
3.580075E+00  1.818E-01
3.580288E+00  2.177E-01
3.580499E+00  3.271E-01
3.580709E+00  2.860E+00
3.580918E+00  1.762E-01
3.581125E+00  1.301E-01
3.581331E+00  1.562E-01
3.581536E+00  1.918E-01
3.581739E+00  2.419E-01
3.581941E+00  3.215E-01
3.582142E+00  4.658E-01
3.582341E+00  7.774E-01
3.582539E+00  1.626E+00
3.582736E+00  4.076E+00
3.582931E+00  3.589E+00
3.583126E+00  1.359E+00
3.583319E+00  6.731E-01
3.583511E+00  4.472E-01
3.583701E+00  3.804E-01
3.583891E+00  4.179E-01
3.584079E+00  6.622E-01
3.584266E+00  2.568E+00
3.584452E+00  9.829E+00
3.584636E+00  4.409E-01
3.584820E+00  1.298E-01
3.585002E+00  6.768E-02
3.585183E+00  4.811E-02
3.585364E+00  4.078E-02
3.585543E+00  3.812E-02
3.585720E+00  3.765E-02
3.585897E+00  3.845E-02
3.586073E+00  4.017E-02
3.586247E+00  4.273E-02
3.586421E+00  4.621E-02
3.586593E+00  5.082E-02
3.586765E+00  5.689E-02
3.586935E+00  6.499E-02
3.587105E+00  7.595E-02
3.587273E+00  9.110E-02
3.587440E+00  1.126E-01
3.587606E+00  1.439E-01
3.587772E+00  1.914E-01
3.587936E+00  2.664E-01
3.588099E+00  3.903E-01
3.588261E+00  6.047E-01
3.588423E+00  9.813E-01
3.588742E+00  2.161E+00
3.588901E+00  2.159E+00
3.589058E+00  1.712E+00
3.589215E+00  1.303E+00
3.589370E+00  1.062E+00
3.589525E+00  9.792E-01
3.589679E+00  1.089E+00
3.589832E+00  1.664E+00
3.589984E+00  5.026E+00
3.590135E+00  7.566E+01
3.590285E+00  3.757E+00
3.590434E+00  1.105E+00
3.590583E+00  5.762E-01
3.590730E+00  3.840E-01
3.590877E+00  2.912E-01
3.591023E+00  2.382E-01
3.591168E+00  2.043E-01
3.591312E+00  1.810E-01
3.591455E+00  1.640E-01
3.591598E+00  1.511E-01
3.591740E+00  1.410E-01
3.591881E+00  1.329E-01
3.592160E+00  1.209E-01
3.592436E+00  1.130E-01
3.592573E+00  1.105E-01
3.592709E+00  1.092E-01
3.592844E+00  1.107E-01
3.592979E+00  1.210E-01
3.593113E+00  1.934E-01
3.593246E+00  1.427E+02
3.593378E+00  2.062E-01
3.593510E+00  1.268E-01
3.593641E+00  1.101E-01
3.593771E+00  1.035E-01
3.593900E+00  1.001E-01
3.594157E+00  9.702E-02
3.594537E+00  9.634E-02
3.594910E+00  9.876E-02
3.595277E+00  1.046E-01
3.595519E+00  1.113E-01
3.595758E+00  1.216E-01
3.595876E+00  1.287E-01
3.595994E+00  1.377E-01
3.596111E+00  1.493E-01
3.596228E+00  1.644E-01
3.596344E+00  1.848E-01
3.596459E+00  2.132E-01
3.596574E+00  2.544E-01
3.596688E+00  3.173E-01
3.596801E+00  4.210E-01
3.596914E+00  6.101E-01
3.597027E+00  1.012E+00
3.597138E+00  2.103E+00
3.597249E+00  6.602E+00
3.597360E+00  1.895E+01
3.597470E+00  5.420E+00
3.597579E+00  1.973E+00
3.597688E+00  1.073E+00
3.597796E+00  7.482E-01
3.597904E+00  6.297E-01
3.598011E+00  6.329E-01
3.598117E+00  7.858E-01
3.598223E+00  1.358E+00
3.598329E+00  4.721E+00
3.598434E+00  6.343E+00
3.598538E+00  8.249E-01
3.598642E+00  2.540E-01
3.598745E+00  1.195E-01
3.598847E+00  7.250E-02
3.598950E+00  5.222E-02
3.599051E+00  4.233E-02
3.599152E+00  3.716E-02
3.599253E+00  3.442E-02
3.599353E+00  3.308E-02
3.599453E+00  3.265E-02
3.599552E+00  3.290E-02
3.599650E+00  3.374E-02
3.599748E+00  3.520E-02
3.599846E+00  3.739E-02
3.599943E+00  4.051E-02
3.600039E+00  4.490E-02
3.600136E+00  5.113E-02
3.600231E+00  6.010E-02
3.600326E+00  7.334E-02
3.600421E+00  9.354E-02
3.600515E+00  1.257E-01
3.600609E+00  1.795E-01
3.600702E+00  2.756E-01
3.600795E+00  4.581E-01
3.600887E+00  8.135E-01
3.600979E+00  1.383E+00
3.601070E+00  1.698E+00
3.601161E+00  1.361E+00
3.601252E+00  9.428E-01
3.601342E+00  6.845E-01
3.601431E+00  5.486E-01
3.601520E+00  4.941E-01
3.601609E+00  5.142E-01
3.601697E+00  6.583E-01
3.601785E+00  1.194E+00
3.601873E+00  4.632E+00
3.601959E+00  2.863E+01
3.602046E+00  2.255E+00
3.602132E+00  7.682E-01
3.602218E+00  4.209E-01
3.602303E+00  2.865E-01
3.602388E+00  2.197E-01
3.602473E+00  1.811E-01
3.602557E+00  1.565E-01
3.602640E+00  1.396E-01
3.602723E+00  1.274E-01
3.602806E+00  1.183E-01
3.602889E+00  1.115E-01
3.602971E+00  1.063E-01
3.603052E+00  1.029E-01
3.603134E+00  1.018E-01
3.603215E+00  1.090E-01
3.603295E+00  4.326E-01
3.603375E+00  1.087E-01
3.603455E+00  8.711E-02
3.603534E+00  8.352E-02
3.603692E+00  8.057E-02
3.604003E+00  7.826E-02
3.604308E+00  7.889E-02
3.604533E+00  8.154E-02
3.604755E+00  8.696E-02
3.604901E+00  9.302E-02
3.605046E+00  1.023E-01
3.605118E+00  1.089E-01
3.605189E+00  1.173E-01
3.605261E+00  1.283E-01
3.605331E+00  1.430E-01
3.605402E+00  1.634E-01
3.605472E+00  1.927E-01
3.605542E+00  2.373E-01
3.605612E+00  3.098E-01
3.605681E+00  4.402E-01
3.605750E+00  7.109E-01
3.605819E+00  1.421E+00
3.605888E+00  4.224E+00
3.605956E+00  1.570E+01
3.606024E+00  4.884E+00
3.606091E+00  1.606E+00
3.606158E+00  8.212E-01
3.606225E+00  5.423E-01
3.606292E+00  4.275E-01
3.606358E+00  3.905E-01
3.606424E+00  4.133E-01
3.606490E+00  5.241E-01
3.606555E+00  8.770E-01
3.606620E+00  2.532E+00
3.606685E+00  6.957E+00
3.606750E+00  1.023E+00
3.606814E+00  2.980E-01
3.606878E+00  1.376E-01
3.606942E+00  8.237E-02
3.607005E+00  5.831E-02
3.607068E+00  4.620E-02
3.607131E+00  3.950E-02
3.607194E+00  3.556E-02
3.607256E+00  3.317E-02
3.607318E+00  3.172E-02
3.607380E+00  3.091E-02
3.607441E+00  3.057E-02
3.607503E+00  3.063E-02
3.607564E+00  3.109E-02
3.607624E+00  3.198E-02
3.607685E+00  3.340E-02
3.607745E+00  3.553E-02
3.607805E+00  3.864E-02
3.607865E+00  4.319E-02
3.607924E+00  4.992E-02
3.607983E+00  6.012E-02
3.608042E+00  7.609E-02
3.608101E+00  1.022E-01
3.608159E+00  1.476E-01
3.608217E+00  2.319E-01
3.608275E+00  4.016E-01
3.608333E+00  7.563E-01
3.608390E+00  1.340E+00
3.608447E+00  1.538E+00
3.608504E+00  1.111E+00
3.608561E+00  7.368E-01
3.608617E+00  5.310E-01
3.608674E+00  4.271E-01
3.608730E+00  3.855E-01
3.608785E+00  3.981E-01
3.608841E+00  4.934E-01
3.608896E+00  8.161E-01
3.608951E+00  2.359E+00
3.609006E+00  2.617E+01
3.609060E+00  3.429E+00
3.609115E+00  9.123E-01
3.609169E+00  4.521E-01
3.609223E+00  2.920E-01
3.609276E+00  2.172E-01
3.609330E+00  1.757E-01
3.609383E+00  1.502E-01
3.609436E+00  1.336E-01
3.609489E+00  1.230E-01
3.609541E+00  1.221E-01
3.609594E+00  3.396E-01
3.609646E+00  9.479E-02
3.609698E+00  9.030E-02
3.609801E+00  8.431E-02
3.609954E+00  7.844E-02
3.610105E+00  7.507E-02
3.610304E+00  7.336E-02
3.610451E+00  7.398E-02
3.610597E+00  7.655E-02
3.610693E+00  7.978E-02
3.610788E+00  8.483E-02
3.610835E+00  8.833E-02
3.610882E+00  9.273E-02
3.610929E+00  9.833E-02
3.610976E+00  1.055E-01
3.611022E+00  1.150E-01
3.611069E+00  1.278E-01
3.611115E+00  1.457E-01
3.611161E+00  1.715E-01
3.611207E+00  2.111E-01
3.611252E+00  2.763E-01
3.611298E+00  3.953E-01
3.611343E+00  6.484E-01
3.611388E+00  1.340E+00
3.611433E+00  4.276E+00
3.611478E+00  1.330E+01
3.611522E+00  3.475E+00
3.611567E+00  1.228E+00
3.611611E+00  6.570E-01
3.611655E+00  4.481E-01
3.611699E+00  3.625E-01
3.611742E+00  3.387E-01
3.611786E+00  3.659E-01
3.611829E+00  4.730E-01
3.611873E+00  8.072E-01
3.611916E+00  2.368E+00
3.611958E+00  6.250E+00
3.612001E+00  9.744E-01
3.612044E+00  2.932E-01
3.612086E+00  1.383E-01
3.612128E+00  8.398E-02
3.612170E+00  5.985E-02
3.612212E+00  4.747E-02
3.612254E+00  4.046E-02
3.612295E+00  3.620E-02
3.612337E+00  3.349E-02
3.612378E+00  3.172E-02
3.612419E+00  3.056E-02
3.612460E+00  2.984E-02
3.612541E+00  2.936E-02
3.612582E+00  2.956E-02
3.612622E+00  3.010E-02
3.612662E+00  3.104E-02
3.612702E+00  3.253E-02
3.612742E+00  3.477E-02
3.612782E+00  3.811E-02
3.612822E+00  4.312E-02
3.612861E+00  5.078E-02
3.612900E+00  6.282E-02
3.612939E+00  8.254E-02
3.612978E+00  1.167E-01
3.613017E+00  1.800E-01
3.613056E+00  3.078E-01
3.613094E+00  5.836E-01
3.613133E+00  1.111E+00
3.613171E+00  1.463E+00
3.613209E+00  1.108E+00
3.613247E+00  7.194E-01
3.613285E+00  5.038E-01
3.613323E+00  3.946E-01
3.613360E+00  3.460E-01
3.613397E+00  3.433E-01
3.613435E+00  3.984E-01
3.613472E+00  5.829E-01
3.613509E+00  1.273E+00
3.613546E+00  7.042E+00
3.613582E+00  8.836E+00
3.613619E+00  1.386E+00
3.613655E+00  5.687E-01
3.613692E+00  3.356E-01
3.613728E+00  2.379E-01
3.613764E+00  1.895E-01
3.613800E+00  7.347E-01
3.613836E+00  1.299E-01
3.613871E+00  1.173E-01
3.613907E+00  1.077E-01
3.613942E+00  1.004E-01
3.613978E+00  9.467E-02
3.614048E+00  8.636E-02
3.614117E+00  8.080E-02
3.614221E+00  7.554E-02
3.614323E+00  7.271E-02
3.614425E+00  7.168E-02
3.614525E+00  7.238E-02
3.614624E+00  7.517E-02
3.614690E+00  7.869E-02
3.614755E+00  8.430E-02
3.614787E+00  8.824E-02
3.614820E+00  9.328E-02
3.614852E+00  9.979E-02
3.614884E+00  1.084E-01
3.614916E+00  1.200E-01
3.614948E+00  1.361E-01
3.614979E+00  1.596E-01
3.615011E+00  1.955E-01
3.615042E+00  2.546E-01
3.615074E+00  3.624E-01
3.615105E+00  5.919E-01
3.615136E+00  1.219E+00
3.615167E+00  3.883E+00
3.615198E+00  1.206E+01
3.615229E+00  3.151E+00
3.615260E+00  1.117E+00
3.615290E+00  6.005E-01
3.615321E+00  4.120E-01
3.615351E+00  3.356E-01
3.615382E+00  3.158E-01
3.615412E+00  3.437E-01
3.615442E+00  4.479E-01
3.615472E+00  7.715E-01
3.615502E+00  2.285E+00
3.615531E+00  5.876E+00
3.615561E+00  9.387E-01
3.615591E+00  2.874E-01
3.615620E+00  1.373E-01
3.615650E+00  8.402E-02
3.615679E+00  6.018E-02
3.615708E+00  4.784E-02
3.615737E+00  4.077E-02
3.615766E+00  3.642E-02
3.615795E+00  3.361E-02
3.615824E+00  3.172E-02
3.615853E+00  3.042E-02
3.615881E+00  2.954E-02
3.615938E+00  2.865E-02
3.615995E+00  2.877E-02
3.616023E+00  2.924E-02
3.616051E+00  3.010E-02
3.616079E+00  3.147E-02
3.616106E+00  3.356E-02
3.616134E+00  3.673E-02
3.616162E+00  4.154E-02
3.616189E+00  4.901E-02
3.616217E+00  6.094E-02
3.616244E+00  8.083E-02
3.616272E+00  1.160E-01
3.616299E+00  1.829E-01
3.616326E+00  3.219E-01
3.616353E+00  6.269E-01
3.616380E+00  1.164E+00
3.616407E+00  1.345E+00
3.616433E+00  9.403E-01
3.616460E+00  6.130E-01
3.616487E+00  4.397E-01
3.616513E+00  3.533E-01
3.616539E+00  3.177E-01
3.616566E+00  3.238E-01
3.616592E+00  3.881E-01
3.616618E+00  5.923E-01
3.616644E+00  1.383E+00
3.616670E+00  8.744E+00
3.616696E+00  6.506E+00
3.616722E+00  1.217E+00
3.616748E+00  5.307E-01
3.616773E+00  4.505E-01
3.616799E+00  2.212E-01
3.616824E+00  1.753E-01
3.616850E+00  1.471E-01
3.616875E+00  1.285E-01
3.616900E+00  1.154E-01
3.616925E+00  1.059E-01
3.616950E+00  9.863E-02
3.616975E+00  9.298E-02
3.617025E+00  8.486E-02
3.617074E+00  7.945E-02
3.617148E+00  7.440E-02
3.617221E+00  7.175E-02
3.617293E+00  7.093E-02
3.617364E+00  7.193E-02
3.617435E+00  7.522E-02
3.617482E+00  7.933E-02
3.617528E+00  8.592E-02
3.617551E+00  9.063E-02
3.617574E+00  9.674E-02
3.617597E+00  1.048E-01
3.617620E+00  1.157E-01
3.617643E+00  1.308E-01
3.617666E+00  1.528E-01
3.617689E+00  1.865E-01
3.617711E+00  2.418E-01
3.617734E+00  3.425E-01
3.617756E+00  5.562E-01
3.617779E+00  1.137E+00
3.617801E+00  3.582E+00
3.617823E+00  1.136E+01
3.617845E+00  3.014E+00
3.617868E+00  1.063E+00
3.617890E+00  5.701E-01
3.617912E+00  3.913E-01
3.617934E+00  3.191E-01
3.617956E+00  3.007E-01
3.617977E+00  3.278E-01
3.617999E+00  4.274E-01
3.618021E+00  7.348E-01
3.618042E+00  2.157E+00
3.618064E+00  5.762E+00
3.618085E+00  9.377E-01
3.618107E+00  2.868E-01
3.618128E+00  1.371E-01
3.618149E+00  8.411E-02
3.618171E+00  6.033E-02
3.618192E+00  4.798E-02
3.618213E+00  4.088E-02
3.618234E+00  3.650E-02
3.618255E+00  3.363E-02
3.618276E+00  3.168E-02
3.618296E+00  3.032E-02
3.618317E+00  2.936E-02
3.618359E+00  2.828E-02
3.618400E+00  2.808E-02
3.618420E+00  2.833E-02
3.618440E+00  2.888E-02
3.618461E+00  2.983E-02
3.618481E+00  3.133E-02
3.618501E+00  3.364E-02
3.618521E+00  3.717E-02
3.618541E+00  4.261E-02
3.618561E+00  5.122E-02
3.618579E+00  6.298E-02
3.620293E+00  6.416E-01
3.626939E+00  5.744E-01
3.636852E+00  4.976E-01
3.647599E+00  4.342E-01
3.654716E+00  4.041E-01
3.658780E+00  3.975E-01
3.661408E+00  4.053E-01
3.662698E+00  4.169E-01
3.663974E+00  4.378E-01
3.665234E+00  4.744E-01
3.666479E+00  5.387E-01
3.667709E+00  6.555E-01
3.668925E+00  8.786E-01
3.670126E+00  1.329E+00
3.671314E+00  2.227E+00
3.672488E+00  3.487E+00
3.673648E+00  3.672E+00
3.674795E+00  2.708E+00
3.675929E+00  1.891E+00
3.677050E+00  1.404E+00
3.678158E+00  1.116E+00
3.679253E+00  9.373E-01
3.680336E+00  8.189E-01
3.681407E+00  7.369E-01
3.682466E+00  6.777E-01
3.683513E+00  6.338E-01
3.684549E+00  6.005E-01
3.686585E+00  5.556E-01
3.688577E+00  5.302E-01
3.690526E+00  5.191E-01
3.692432E+00  5.211E-01
3.694298E+00  5.371E-01
3.696124E+00  5.701E-01
3.697911E+00  6.226E-01
3.701375E+00  7.528E-01
3.702218E+00  7.710E-01
3.703052E+00  7.758E-01
3.703878E+00  7.667E-01
3.704696E+00  7.460E-01
3.708660E+00  5.946E-01
3.710943E+00  5.284E-01
3.713159E+00  4.849E-01
3.715310E+00  4.569E-01
3.718080E+00  4.346E-01
3.721396E+00  4.225E-01
3.724557E+00  4.231E-01
3.727572E+00  4.364E-01
3.729886E+00  4.587E-01
3.731567E+00  4.854E-01
3.733202E+00  5.247E-01
3.734268E+00  5.614E-01
3.735315E+00  6.101E-01
3.736344E+00  6.765E-01
3.736852E+00  7.189E-01
3.737355E+00  7.696E-01
3.737854E+00  8.309E-01
3.738348E+00  9.060E-01
3.738838E+00  9.996E-01
3.739324E+00  1.119E+00
3.739806E+00  1.276E+00
3.740283E+00  1.491E+00
3.740757E+00  1.810E+00
3.741226E+00  2.361E+00
3.741692E+00  3.694E+00
3.742153E+00  1.228E+01
3.742610E+00  5.540E+01
3.743064E+00  8.450E+00
3.743514E+00  7.141E+00
3.744402E+00  8.530E+00
3.744841E+00  8.342E+00
3.745276E+00  7.168E+00
3.745707E+00  5.639E+00
3.746135E+00  4.289E+00
3.746559E+00  3.270E+00
3.746979E+00  2.542E+00
3.747397E+00  2.027E+00
3.747810E+00  1.658E+00
3.748221E+00  1.391E+00
3.748628E+00  1.194E+00
3.749032E+00  1.047E+00
3.749432E+00  9.355E-01
3.749829E+00  8.509E-01
3.750223E+00  7.870E-01
3.750614E+00  7.394E-01
3.751002E+00  7.053E-01
3.751386E+00  6.828E-01
3.751768E+00  6.708E-01
3.752146E+00  6.688E-01
3.752522E+00  6.768E-01
3.752894E+00  6.949E-01
3.753264E+00  7.234E-01
3.753630E+00  7.619E-01
3.754713E+00  9.085E-01
3.755068E+00  9.441E-01
3.755421E+00  9.579E-01
3.755771E+00  9.465E-01
3.756118E+00  9.135E-01
3.757143E+00  7.722E-01
3.757479E+00  7.334E-01
3.757813E+00  7.036E-01
3.758145E+00  6.837E-01
3.758474E+00  6.739E-01
3.758800E+00  6.749E-01
3.759124E+00  6.883E-01
3.759445E+00  7.174E-01
3.759764E+00  7.691E-01
3.760081E+00  8.580E-01
3.760395E+00  1.017E+00
3.760707E+00  1.334E+00
3.761017E+00  2.089E+00
3.761324E+00  4.571E+00
3.761629E+00  2.107E+01
3.761932E+00  1.054E+02
3.762232E+00  1.367E+01
3.762531E+00  5.668E+00
3.762827E+00  3.576E+00
3.763121E+00  2.697E+00
3.763413E+00  2.216E+00
3.763702E+00  1.898E+00
3.763990E+00  1.660E+00
3.764275E+00  1.467E+00
3.764559E+00  1.305E+00
3.764840E+00  1.165E+00
3.765119E+00  1.045E+00
3.765397E+00  9.417E-01
3.765672E+00  8.530E-01
3.765945E+00  7.769E-01
3.766217E+00  7.117E-01
3.766486E+00  6.556E-01
3.766754E+00  6.074E-01
3.767283E+00  5.295E-01
3.767805E+00  4.704E-01
3.768320E+00  4.248E-01
3.769079E+00  3.736E-01
3.769822E+00  3.362E-01
3.770789E+00  2.996E-01
3.771961E+00  2.660E-01
3.773974E+00  2.166E-01
3.774618E+00  1.967E-01
3.775250E+00  1.734E-01
3.775458E+00  1.727E-01
3.775664E+00  2.097E-01
3.775870E+00  5.584E-01
3.776073E+00  4.656E+00
3.776276E+00  1.448E+00
3.776477E+00  7.109E-01
3.776677E+00  5.107E-01
3.776876E+00  4.243E-01
3.777073E+00  3.773E-01
3.777269E+00  3.482E-01
3.777464E+00  3.286E-01
3.777658E+00  3.147E-01
3.778041E+00  2.965E-01
3.778607E+00  2.822E-01
3.779163E+00  2.769E-01
3.779708E+00  2.795E-01
3.780066E+00  2.871E-01
3.780420E+00  3.025E-01
3.780595E+00  3.151E-01
3.780769E+00  3.328E-01
3.780942E+00  3.583E-01
3.781113E+00  3.961E-01
3.781284E+00  4.548E-01
3.781454E+00  5.503E-01
3.781623E+00  7.162E-01
3.781790E+00  1.026E+00
3.781957E+00  1.640E+00
3.782123E+00  2.804E+00
3.782288E+00  4.250E+00
3.782451E+00  4.609E+00
3.782614E+00  4.145E+00
3.782776E+00  4.018E+00
3.782936E+00  4.664E+00
3.783096E+00  4.884E+00
3.783255E+00  2.036E+00
3.783413E+00  7.257E-01
3.783570E+00  4.224E-01
3.783726E+00  3.561E-01
3.783881E+00  3.551E-01
3.784035E+00  3.800E-01
3.784189E+00  4.217E-01
3.784341E+00  4.814E-01
3.784493E+00  5.653E-01
3.784643E+00  6.861E-01
3.784793E+00  8.668E-01
3.784942E+00  1.152E+00
3.785090E+00  1.632E+00
3.785237E+00  2.505E+00
3.785383E+00  4.216E+00
3.785528E+00  7.435E+00
3.785673E+00  1.049E+01
3.785817E+00  8.332E+00
3.785960E+00  4.865E+00
3.786102E+00  2.895E+00
3.786243E+00  1.885E+00
3.786383E+00  1.334E+00
3.786523E+00  1.010E+00
3.786662E+00  8.067E-01
3.786800E+00  6.725E-01
3.786937E+00  5.804E-01
3.787074E+00  5.150E-01
3.787209E+00  4.671E-01
3.787344E+00  4.310E-01
3.787479E+00  4.030E-01
3.787612E+00  3.806E-01
3.787877E+00  3.463E-01
3.788268E+00  3.085E-01
3.788906E+00  2.531E-01
3.789032E+00  2.396E-01
3.789156E+00  2.237E-01
3.789281E+00  2.040E-01
3.789404E+00  1.799E-01
3.789527E+00  1.701E-01
3.789649E+00  9.918E-01
3.789770E+00  2.458E+00
3.789891E+00  7.530E-01
3.790011E+00  5.276E-01
3.790130E+00  4.452E-01
3.790249E+00  4.030E-01
3.790367E+00  3.775E-01
3.790485E+00  3.606E-01
3.790718E+00  3.397E-01
3.791063E+00  3.247E-01
3.791403E+00  3.204E-01
3.791737E+00  3.253E-01
3.791957E+00  3.359E-01
3.792066E+00  3.449E-01
3.792174E+00  3.583E-01
3.792282E+00  3.789E-01
3.792389E+00  4.127E-01
3.792496E+00  4.730E-01
3.792602E+00  5.869E-01
3.792708E+00  7.841E-01
3.792813E+00  9.962E-01
3.792918E+00  1.080E+00
3.793022E+00  1.099E+00
3.793125E+00  1.147E+00
3.793228E+00  1.212E+00
3.793330E+00  1.263E+00
3.793432E+00  1.398E+00
3.793534E+00  1.761E+00
3.793635E+00  2.565E+00
3.793735E+00  4.345E+00
3.793835E+00  8.036E+00
3.793934E+00  1.068E+01
3.794033E+00  6.975E+00
3.794131E+00  3.784E+00
3.794229E+00  2.292E+00
3.794326E+00  1.576E+00
3.794423E+00  1.198E+00
3.794519E+00  9.810E-01
3.794615E+00  8.515E-01
3.794711E+00  7.738E-01
3.794805E+00  7.299E-01
3.794900E+00  7.101E-01
3.794994E+00  7.073E-01
3.795087E+00  7.125E-01
3.795180E+00  7.066E-01
3.795273E+00  6.561E-01
3.795365E+00  5.422E-01
3.795456E+00  4.098E-01
3.795548E+00  3.176E-01
3.795638E+00  2.738E-01
3.795728E+00  2.616E-01
3.795818E+00  2.671E-01
3.795908E+00  2.829E-01
3.795997E+00  3.062E-01
3.796085E+00  3.363E-01
3.796173E+00  3.740E-01
3.796261E+00  4.211E-01
3.796348E+00  4.804E-01
3.796435E+00  5.557E-01
3.796521E+00  6.521E-01
3.796607E+00  7.764E-01
3.796692E+00  9.361E-01
3.796777E+00  1.139E+00
3.796862E+00  1.388E+00
3.797030E+00  1.973E+00
3.797114E+00  2.225E+00
3.797197E+00  2.372E+00
3.797279E+00  2.379E+00
3.797362E+00  2.261E+00
3.797444E+00  2.062E+00
3.797687E+00  1.356E+00
3.797767E+00  1.144E+00
3.797847E+00  9.567E-01
3.797927E+00  7.976E-01
3.798006E+00  6.687E-01
3.798085E+00  5.686E-01
3.798163E+00  4.935E-01
3.798241E+00  4.383E-01
3.798319E+00  3.981E-01
3.798396E+00  3.686E-01
3.798473E+00  3.468E-01
3.798550E+00  3.302E-01
3.798702E+00  3.073E-01
3.798927E+00  2.868E-01
3.799150E+00  2.749E-01
3.799223E+00  2.769E-01
3.799296E+00  4.843E-01
3.799369E+00  3.676E-01
3.799442E+00  2.933E-01
3.799514E+00  2.811E-01
3.799657E+00  2.739E-01
3.799940E+00  2.730E-01
3.800217E+00  2.817E-01
3.800422E+00  2.967E-01
3.800557E+00  3.134E-01
3.800691E+00  3.391E-01
3.800757E+00  3.571E-01
3.800823E+00  3.802E-01
3.800889E+00  4.103E-01
3.800955E+00  4.504E-01
3.801020E+00  5.053E-01
3.801085E+00  5.835E-01
3.801150E+00  6.998E-01
3.801214E+00  8.832E-01
3.801278E+00  1.189E+00
3.801342E+00  1.699E+00
3.801406E+00  2.500E+00
3.801469E+00  3.719E+00
3.801532E+00  4.815E+00
3.801595E+00  4.374E+00
3.801657E+00  3.218E+00
3.801719E+00  2.329E+00
3.801781E+00  1.695E+00
3.801843E+00  1.266E+00
3.801904E+00  9.894E-01
3.801966E+00  8.122E-01
3.802026E+00  6.969E-01
3.802087E+00  6.208E-01
3.802147E+00  5.708E-01
3.802207E+00  5.396E-01
3.802267E+00  5.229E-01
3.802327E+00  5.189E-01
3.802386E+00  5.273E-01
3.802445E+00  5.487E-01
3.802504E+00  5.840E-01
3.802562E+00  6.305E-01
3.802621E+00  6.705E-01
3.802679E+00  6.587E-01
3.802736E+00  5.608E-01
3.802794E+00  4.286E-01
3.802851E+00  3.304E-01
3.802908E+00  2.762E-01
3.802965E+00  2.514E-01
3.803022E+00  2.435E-01
3.803078E+00  2.457E-01
3.803134E+00  2.546E-01
3.803190E+00  2.690E-01
3.803246E+00  2.889E-01
3.803301E+00  3.148E-01
3.803356E+00  3.480E-01
3.803411E+00  3.905E-01
3.803466E+00  4.447E-01
3.803520E+00  5.139E-01
3.803575E+00  6.020E-01
3.803629E+00  7.124E-01
3.803682E+00  8.472E-01
3.803736E+00  1.004E+00
3.803842E+00  1.327E+00
3.803895E+00  1.444E+00
3.803948E+00  1.503E+00
3.804000E+00  1.499E+00
3.804053E+00  1.447E+00
3.804156E+00  1.275E+00
3.804412E+00  8.348E-01
3.804513E+00  6.501E-01
3.804563E+00  5.648E-01
3.804613E+00  4.918E-01
3.804663E+00  4.333E-01
3.804713E+00  3.885E-01
3.804762E+00  3.550E-01
3.804811E+00  3.302E-01
3.804860E+00  3.116E-01
3.804909E+00  2.976E-01
3.805006E+00  2.785E-01
3.805102E+00  2.667E-01
3.805150E+00  2.628E-01
3.805197E+00  2.727E-01
3.805245E+00  2.541E-01
3.805479E+00  2.475E-01
3.805708E+00  2.498E-01
3.805844E+00  2.571E-01
3.805978E+00  2.717E-01
3.806066E+00  2.884E-01
3.806110E+00  3.000E-01
3.806154E+00  3.146E-01
3.806198E+00  3.335E-01
3.806241E+00  3.581E-01
3.806284E+00  3.907E-01
3.806328E+00  4.352E-01
3.806370E+00  4.976E-01
3.806413E+00  5.881E-01
3.806456E+00  7.249E-01
3.806498E+00  9.410E-01
3.806541E+00  1.295E+00
3.806583E+00  1.872E+00
3.806625E+00  2.678E+00
3.806667E+00  3.305E+00
3.806708E+00  3.056E+00
3.806750E+00  2.333E+00
3.806791E+00  1.797E+00
3.806832E+00  1.487E+00
3.806873E+00  1.249E+00
3.806914E+00  1.025E+00
3.806955E+00  8.411E-01
3.806995E+00  7.103E-01
3.807036E+00  6.219E-01
3.807076E+00  5.636E-01
3.807116E+00  5.267E-01
3.807156E+00  5.061E-01
3.807196E+00  4.991E-01
3.807235E+00  5.054E-01
3.807275E+00  5.264E-01
3.807314E+00  5.650E-01
3.807354E+00  6.246E-01
3.807393E+00  7.006E-01
3.807431E+00  7.577E-01
3.807470E+00  7.192E-01
3.807509E+00  5.750E-01
3.807547E+00  4.268E-01
3.807586E+00  3.303E-01
3.807624E+00  2.777E-01
3.807662E+00  2.514E-01
3.807700E+00  2.400E-01
3.807738E+00  2.375E-01
3.807775E+00  2.413E-01
3.807813E+00  2.500E-01
3.807850E+00  2.634E-01
3.807887E+00  2.818E-01
3.807924E+00  3.063E-01
3.807961E+00  3.383E-01
3.807998E+00  3.797E-01
3.808035E+00  4.333E-01
3.808071E+00  5.021E-01
3.808108E+00  5.896E-01
3.808144E+00  6.979E-01
3.808180E+00  8.262E-01
3.808252E+00  1.105E+00
3.808288E+00  1.215E+00
3.808323E+00  1.278E+00
3.808359E+00  1.288E+00
3.808394E+00  1.252E+00
3.808429E+00  1.190E+00
3.808534E+00  9.738E-01
3.808672E+00  7.296E-01
3.808775E+00  5.230E-01
3.808809E+00  4.616E-01
3.808842E+00  4.105E-01
3.808876E+00  3.701E-01
3.808909E+00  3.391E-01
3.808943E+00  3.155E-01
3.808976E+00  2.976E-01
3.809009E+00  2.837E-01
3.809042E+00  2.727E-01
3.809075E+00  2.660E-01
3.809108E+00  1.662E+00
3.809141E+00  2.730E-01
3.809173E+00  2.585E-01
3.809238E+00  2.483E-01
3.809366E+00  2.403E-01
3.809493E+00  2.399E-01
3.809617E+00  2.476E-01
3.809710E+00  2.619E-01
3.809771E+00  2.788E-01
3.809801E+00  2.908E-01
3.809831E+00  3.062E-01
3.809862E+00  3.264E-01
3.809892E+00  3.532E-01
3.809922E+00  3.896E-01
3.809951E+00  4.404E-01
3.809981E+00  5.137E-01
3.810011E+00  6.236E-01
3.810040E+00  7.957E-01
3.810070E+00  1.075E+00
3.810099E+00  1.521E+00
3.810128E+00  2.106E+00
3.810157E+00  2.517E+00
3.810187E+00  2.554E+00
3.810215E+00  2.199E+00
3.810244E+00  1.746E+00
3.810273E+00  1.445E+00
3.810359E+00  9.336E-01
3.810387E+00  7.809E-01
3.810415E+00  6.694E-01
3.810444E+00  5.941E-01
3.810472E+00  5.457E-01
3.810500E+00  5.173E-01
3.810528E+00  5.051E-01
3.810555E+00  5.079E-01
3.810583E+00  5.269E-01
3.810611E+00  5.655E-01
3.810638E+00  6.287E-01
3.810693E+00  8.013E-01
3.810720E+00  7.971E-01
3.810747E+00  6.588E-01
3.810774E+00  4.892E-01
3.810801E+00  3.701E-01
3.810828E+00  3.014E-01
3.810855E+00  2.642E-01
3.810882E+00  2.448E-01
3.810909E+00  2.359E-01
3.810935E+00  2.339E-01
3.810961E+00  2.368E-01
3.810988E+00  2.440E-01
3.811014E+00  2.555E-01
3.811040E+00  2.717E-01
3.811066E+00  2.935E-01
3.811092E+00  3.223E-01
3.811118E+00  3.602E-01
3.811144E+00  4.096E-01
3.811170E+00  4.736E-01
3.811196E+00  5.555E-01
3.811221E+00  6.574E-01
3.811247E+00  7.786E-01
3.811272E+00  9.115E-01
3.811298E+00  1.040E+00
3.811323E+00  1.142E+00
3.811348E+00  1.198E+00
3.811373E+00  1.203E+00
3.811398E+00  1.166E+00
3.811448E+00  1.037E+00
3.811522E+00  8.507E-01
3.811596E+00  6.949E-01
3.811668E+00  5.161E-01
3.811692E+00  4.601E-01
3.811716E+00  4.121E-01
3.811740E+00  3.735E-01
3.811764E+00  3.439E-01
3.811788E+00  3.225E-01
3.811812E+00  3.110E-01
3.811835E+00  3.473E-01
3.811859E+00  4.793E-01
3.811882E+00  2.762E-01
3.811906E+00  2.614E-01
3.811952E+00  2.490E-01
3.812022E+00  2.395E-01
3.812113E+00  2.344E-01
3.812203E+00  2.360E-01
3.812270E+00  2.430E-01
3.812315E+00  2.519E-01
3.812359E+00  2.663E-01
3.812402E+00  2.899E-01
3.812424E+00  3.073E-01
3.812446E+00  3.304E-01
3.812467E+00  3.616E-01
3.812489E+00  4.051E-01
3.812511E+00  4.676E-01
3.812532E+00  5.608E-01
3.812553E+00  7.059E-01
3.812575E+00  9.411E-01
3.812596E+00  1.323E+00
3.812617E+00  1.848E+00
3.812638E+00  2.200E+00
3.812659E+00  2.179E+00
3.812680E+00  2.021E+00
3.812701E+00  1.718E+00
3.812722E+00  1.443E+00
3.812743E+00  1.280E+00
3.812764E+00  1.162E+00
3.812805E+00  8.550E-01
3.812825E+00  7.236E-01
3.812846E+00  6.310E-01
3.812866E+00  5.705E-01
3.812887E+00  5.339E-01
3.812907E+00  5.163E-01
3.812927E+00  5.155E-01
3.812948E+00  5.323E-01
3.812968E+00  5.701E-01
3.812988E+00  6.344E-01
3.813008E+00  7.265E-01
3.813023E+00  8.020E-01
3.823003E+00  5.250E-01
3.873003E+00  3.094E-01
3.923003E+00  2.679E-01
3.973003E+00  2.582E-01
4.123003E+00  2.595E-01
4.223003E+00  2.547E-01
4.373003E+00  2.421E-01
4.473003E+00  2.300E-01
4.573003E+00  2.204E-01
4.673003E+00  2.093E-01
4.873003E+00  1.892E-01
5.073003E+00  1.706E-01
5.323003E+00  1.503E-01
5.573003E+00  1.324E-01
5.873003E+00  1.144E-01
6.223003E+00  9.699E-02
6.623003E+00  8.111E-02
7.023003E+00  6.867E-02
7.423003E+00  5.821E-02
7.973003E+00  4.741E-02
8.373003E+00  4.097E-02
8.823003E+00  3.521E-02
9.423002E+00  2.886E-02
9.773002E+00  2.601E-02
1.027408E+01  2.255E-02
1.080084E+01  1.956E-02
1.135461E+01  1.696E-02
1.193678E+01  1.471E-02
1.254879E+01  1.275E-02
1.319219E+01  1.106E-02
1.386857E+01  9.589E-03
1.457963E+01  8.315E-03
1.532714E+01  7.210E-03
1.611299E+01  6.252E-03
1.693912E+01  5.422E-03
1.780761E+01  4.701E-03
1.872063E+01  4.077E-03
1.968046E+01  3.535E-03
2.068950E+01  3.066E-03
2.175028E+01  2.658E-03
2.286545E+01  2.305E-03
2.403779E+01  1.999E-03
2.527024E+01  1.733E-03
2.656587E+01  1.503E-03
2.792794E+01  1.303E-03
2.935984E+01  1.130E-03
3.086516E+01  9.800E-04
3.244766E+01  8.498E-04
3.411129E+01  7.369E-04
3.586022E+01  6.390E-04
3.769882E+01  5.541E-04
3.963169E+01  4.805E-04
