# Ephoton(Ry), Ephotoelectron(Ry), cross section(Mb)
4.0000E+00  0.0000E+00  1.5760E+00
4.0400E+00  4.0000E-02  1.5347E+00
4.0800E+00  8.0000E-02  1.4949E+00
4.1200E+00  1.2000E-01  1.4564E+00
4.1600E+00  1.6000E-01  1.4192E+00
4.2000E+00  2.0000E-01  1.3833E+00
4.2400E+00  2.4000E-01  1.3486E+00
4.2800E+00  2.8000E-01  1.3151E+00
4.3200E+00  3.2000E-01  1.2826E+00
4.3600E+00  3.6000E-01  1.2512E+00
4.4000E+00  4.0000E-01  1.2208E+00
4.4400E+00  4.4000E-01  1.1914E+00
4.4800E+00  4.8000E-01  1.1630E+00
4.5200E+00  5.2000E-01  1.1354E+00
4.5600E+00  5.6000E-01  1.1087E+00
4.6000E+00  6.0000E-01  1.0828E+00
4.6400E+00  6.4000E-01  1.0578E+00
4.6800E+00  6.8000E-01  1.0335E+00
4.7200E+00  7.2000E-01  1.0099E+00
4.7600E+00  7.6000E-01  9.8705E-01
4.8000E+00  8.0000E-01  9.6488E-01
4.8400E+00  8.4000E-01  9.4337E-01
4.8800E+00  8.8000E-01  9.2249E-01
4.9200E+00  9.2000E-01  9.0223E-01
4.9600E+00  9.6000E-01  8.8255E-01
5.0000E+00  1.0000E+00  8.6343E-01
5.0400E+00  1.0400E+00  8.4487E-01
5.0800E+00  1.0800E+00  8.2683E-01
5.1200E+00  1.1200E+00  8.0930E-01
5.1600E+00  1.1600E+00  7.9226E-01
5.2000E+00  1.2000E+00  7.7569E-01
5.2400E+00  1.2400E+00  7.5958E-01
5.2800E+00  1.2800E+00  7.4392E-01
5.3200E+00  1.3200E+00  7.2867E-01
5.3600E+00  1.3600E+00  7.1385E-01
5.4000E+00  1.4000E+00  6.9942E-01
5.4400E+00  1.4400E+00  6.8537E-01
5.4800E+00  1.4800E+00  6.7170E-01
5.5200E+00  1.5200E+00  6.5838E-01
5.5600E+00  1.5600E+00  6.4542E-01
5.6000E+00  1.6000E+00  6.3279E-01
5.6400E+00  1.6400E+00  6.2049E-01
5.6800E+00  1.6800E+00  6.0850E-01
5.7200E+00  1.7200E+00  5.9682E-01
5.7600E+00  1.7600E+00  5.8544E-01
5.8000E+00  1.8000E+00  5.7434E-01
5.8400E+00  1.8400E+00  5.6351E-01
5.8800E+00  1.8800E+00  5.5296E-01
5.9200E+00  1.9200E+00  5.4267E-01
5.9600E+00  1.9600E+00  5.3263E-01
6.0000E+00  2.0000E+00  5.2284E-01
6.0400E+00  2.0400E+00  5.1328E-01
6.0800E+00  2.0800E+00  5.0395E-01
6.1200E+00  2.1200E+00  4.9485E-01
6.1600E+00  2.1600E+00  4.8596E-01
6.2000E+00  2.2000E+00  4.7729E-01
6.2400E+00  2.2400E+00  4.6881E-01
6.2800E+00  2.2800E+00  4.6054E-01
6.3200E+00  2.3200E+00  4.5246E-01
6.3600E+00  2.3600E+00  4.4456E-01
6.4000E+00  2.4000E+00  4.3685E-01
6.4400E+00  2.4400E+00  4.2931E-01
6.4800E+00  2.4800E+00  4.2195E-01
6.5200E+00  2.5200E+00  4.1475E-01
6.5600E+00  2.5600E+00  4.0771E-01
6.6000E+00  2.6000E+00  4.0083E-01
6.6400E+00  2.6400E+00  3.9411E-01
6.6800E+00  2.6800E+00  3.8753E-01
6.7200E+00  2.7200E+00  3.8110E-01
6.7600E+00  2.7600E+00  3.7481E-01
6.8000E+00  2.8000E+00  3.6865E-01
6.8400E+00  2.8400E+00  3.6263E-01
6.8800E+00  2.8800E+00  3.5673E-01
6.9200E+00  2.9200E+00  3.5097E-01
6.9600E+00  2.9600E+00  3.4532E-01
7.0000E+00  3.0000E+00  3.3980E-01
7.0400E+00  3.0400E+00  3.3439E-01
7.0800E+00  3.0800E+00  3.2910E-01
7.1200E+00  3.1200E+00  3.2391E-01
7.1600E+00  3.1600E+00  3.1884E-01
7.2000E+00  3.2000E+00  3.1387E-01
7.2400E+00  3.2400E+00  3.0900E-01
7.2800E+00  3.2800E+00  3.0423E-01
7.3200E+00  3.3200E+00  2.9955E-01
7.3600E+00  3.3600E+00  2.9498E-01
7.4000E+00  3.4000E+00  2.9049E-01
7.4400E+00  3.4400E+00  2.8609E-01
7.4800E+00  3.4800E+00  2.8179E-01
7.5200E+00  3.5200E+00  2.7756E-01
7.5600E+00  3.5600E+00  2.7342E-01
7.6000E+00  3.6000E+00  2.6936E-01
7.6400E+00  3.6400E+00  2.6538E-01
7.6800E+00  3.6800E+00  2.6148E-01
7.7200E+00  3.7200E+00  2.5766E-01
7.7600E+00  3.7600E+00  2.5390E-01
7.8000E+00  3.8000E+00  2.5022E-01
7.8400E+00  3.8400E+00  2.4661E-01
7.8800E+00  3.8800E+00  2.4307E-01
7.9200E+00  3.9200E+00  2.3960E-01
7.9600E+00  3.9600E+00  2.3619E-01
8.0000E+00  4.0000E+00  2.3284E-01
8.0400E+00  4.0400E+00  2.2956E-01
8.0800E+00  4.0800E+00  2.2634E-01
8.1200E+00  4.1200E+00  2.2317E-01
8.1600E+00  4.1600E+00  2.2007E-01
8.2000E+00  4.2000E+00  2.1702E-01
8.2400E+00  4.2400E+00  2.1403E-01
8.2800E+00  4.2800E+00  2.1109E-01
8.3200E+00  4.3200E+00  2.0821E-01
8.3600E+00  4.3600E+00  2.0537E-01
8.4000E+00  4.4000E+00  2.0259E-01
8.4400E+00  4.4400E+00  1.9986E-01
8.4800E+00  4.4800E+00  1.9718E-01
8.5200E+00  4.5200E+00  1.9454E-01
8.5600E+00  4.5600E+00  1.9195E-01
8.6000E+00  4.6000E+00  1.8940E-01
8.6400E+00  4.6400E+00  1.8690E-01
8.6800E+00  4.6800E+00  1.8445E-01
8.7200E+00  4.7200E+00  1.8203E-01
8.7600E+00  4.7600E+00  1.7966E-01
8.8000E+00  4.8000E+00  1.7733E-01
8.8400E+00  4.8400E+00  1.7504E-01
8.8800E+00  4.8800E+00  1.7278E-01
8.9200E+00  4.9200E+00  1.7057E-01
8.9600E+00  4.9600E+00  1.6839E-01
9.0000E+00  5.0000E+00  1.6625E-01
9.0400E+00  5.0400E+00  1.6414E-01
9.0800E+00  5.0800E+00  1.6207E-01
9.1200E+00  5.1200E+00  1.6004E-01
9.1600E+00  5.1600E+00  1.5803E-01
9.2000E+00  5.2000E+00  1.5607E-01
9.2400E+00  5.2400E+00  1.5413E-01
9.2800E+00  5.2800E+00  1.5222E-01
9.3200E+00  5.3200E+00  1.5035E-01
9.3600E+00  5.3600E+00  1.4850E-01
9.4000E+00  5.4000E+00  1.4669E-01
9.4400E+00  5.4400E+00  1.4490E-01
9.4800E+00  5.4800E+00  1.4315E-01
9.5200E+00  5.5200E+00  1.4142E-01
9.5600E+00  5.5600E+00  1.3972E-01
9.6000E+00  5.6000E+00  1.3804E-01
9.6400E+00  5.6400E+00  1.3640E-01
9.6800E+00  5.6800E+00  1.3477E-01
9.7200E+00  5.7200E+00  1.3318E-01
9.7600E+00  5.7600E+00  1.3161E-01
9.8000E+00  5.8000E+00  1.3006E-01
9.8400E+00  5.8400E+00  1.2854E-01
9.8800E+00  5.8800E+00  1.2704E-01
9.9200E+00  5.9200E+00  1.2556E-01
9.9600E+00  5.9600E+00  1.2411E-01
1.0000E+01  6.0000E+00  1.2267E-01
1.0040E+01  6.0400E+00  1.2126E-01
1.0080E+01  6.0800E+00  1.1987E-01
1.0120E+01  6.1200E+00  1.1851E-01
1.0160E+01  6.1600E+00  1.1716E-01
1.0200E+01  6.2000E+00  1.1583E-01
1.0240E+01  6.2400E+00  1.1452E-01
1.0280E+01  6.2800E+00  1.1323E-01
1.0320E+01  6.3200E+00  1.1197E-01
1.0360E+01  6.3600E+00  1.1071E-01
1.0400E+01  6.4000E+00  1.0948E-01
1.0440E+01  6.4400E+00  1.0827E-01
1.0480E+01  6.4800E+00  1.0707E-01
1.0520E+01  6.5200E+00  1.0589E-01
1.0560E+01  6.5600E+00  1.0473E-01
1.0600E+01  6.6000E+00  1.0359E-01
1.0640E+01  6.6400E+00  1.0246E-01
1.0680E+01  6.6800E+00  1.0134E-01
1.0720E+01  6.7200E+00  1.0025E-01
1.0760E+01  6.7600E+00  9.9167E-02
1.0800E+01  6.8000E+00  9.8101E-02
1.0840E+01  6.8400E+00  9.7050E-02
1.0880E+01  6.8800E+00  9.6014E-02
1.0920E+01  6.9200E+00  9.4993E-02
1.0960E+01  6.9600E+00  9.3986E-02
1.1000E+01  7.0000E+00  9.2993E-02
1.1040E+01  7.0400E+00  9.2013E-02
1.1080E+01  7.0800E+00  9.1048E-02
1.1120E+01  7.1200E+00  9.0095E-02
1.1160E+01  7.1600E+00  8.9156E-02
1.1200E+01  7.2000E+00  8.8230E-02
1.1240E+01  7.2400E+00  8.7316E-02
1.1280E+01  7.2800E+00  8.6414E-02
1.1320E+01  7.3200E+00  8.5525E-02
1.1360E+01  7.3600E+00  8.4648E-02
1.1400E+01  7.4000E+00  8.3783E-02
1.1440E+01  7.4400E+00  8.2929E-02
1.1480E+01  7.4800E+00  8.2087E-02
1.1520E+01  7.5200E+00  8.1256E-02
1.1560E+01  7.5600E+00  8.0436E-02
1.1600E+01  7.6000E+00  7.9627E-02
1.1640E+01  7.6400E+00  7.8829E-02
1.1680E+01  7.6800E+00  7.8041E-02
1.1720E+01  7.7200E+00  7.7263E-02
1.1760E+01  7.7600E+00  7.6496E-02
1.1800E+01  7.8000E+00  7.5739E-02
1.1840E+01  7.8400E+00  7.4991E-02
1.1880E+01  7.8800E+00  7.4253E-02
1.1920E+01  7.9200E+00  7.3525E-02
1.1960E+01  7.9600E+00  7.2806E-02
1.2000E+01  8.0000E+00  7.2097E-02
1.2040E+01  8.0400E+00  7.1396E-02
1.2080E+01  8.0800E+00  7.0705E-02
1.2120E+01  8.1200E+00  7.0022E-02
1.2160E+01  8.1600E+00  6.9348E-02
1.2200E+01  8.2000E+00  6.8682E-02
1.2240E+01  8.2400E+00  6.8025E-02
1.2280E+01  8.2800E+00  6.7376E-02
1.2320E+01  8.3200E+00  6.6735E-02
1.2360E+01  8.3600E+00  6.6102E-02
1.2400E+01  8.4000E+00  6.5477E-02
1.2440E+01  8.4400E+00  6.4860E-02
1.2480E+01  8.4800E+00  6.4250E-02
1.2520E+01  8.5200E+00  6.3648E-02
1.2560E+01  8.5600E+00  6.3054E-02
1.2600E+01  8.6000E+00  6.2467E-02
1.2640E+01  8.6400E+00  6.1886E-02
1.2680E+01  8.6800E+00  6.1313E-02
1.2720E+01  8.7200E+00  6.0747E-02
1.2760E+01  8.7600E+00  6.0188E-02
1.2800E+01  8.8000E+00  5.9636E-02
1.2840E+01  8.8400E+00  5.9090E-02
1.2880E+01  8.8800E+00  5.8551E-02
1.2920E+01  8.9200E+00  5.8018E-02
1.2960E+01  8.9600E+00  5.7491E-02
1.3000E+01  9.0000E+00  5.6971E-02
1.3040E+01  9.0400E+00  5.6457E-02
1.3080E+01  9.0800E+00  5.5949E-02
1.3120E+01  9.1200E+00  5.5447E-02
1.3160E+01  9.1600E+00  5.4952E-02
1.3200E+01  9.2000E+00  5.4461E-02
1.3240E+01  9.2400E+00  5.3977E-02
1.3280E+01  9.2800E+00  5.3498E-02
1.3320E+01  9.3200E+00  5.3025E-02
1.3360E+01  9.3600E+00  5.2557E-02
1.3400E+01  9.4000E+00  5.2095E-02
1.3440E+01  9.4400E+00  5.1638E-02
1.3480E+01  9.4800E+00  5.1187E-02
1.3520E+01  9.5200E+00  5.0740E-02
1.3560E+01  9.5600E+00  5.0299E-02
1.3600E+01  9.6000E+00  4.9862E-02
1.3640E+01  9.6400E+00  4.9431E-02
1.3680E+01  9.6800E+00  4.9005E-02
1.3720E+01  9.7200E+00  4.8583E-02
1.3760E+01  9.7600E+00  4.8166E-02
1.3800E+01  9.8000E+00  4.7754E-02
1.3840E+01  9.8400E+00  4.7346E-02
1.3880E+01  9.8800E+00  4.6943E-02
1.3920E+01  9.9200E+00  4.6545E-02
1.3960E+01  9.9600E+00  4.6151E-02
1.4000E+01  1.0000E+01  4.5761E-02
1.4040E+01  1.0040E+01  4.5376E-02
1.4080E+01  1.0080E+01  4.4995E-02
1.4120E+01  1.0120E+01  4.4618E-02
1.4160E+01  1.0160E+01  4.4245E-02
1.4200E+01  1.0200E+01  4.3876E-02
1.4240E+01  1.0240E+01  4.3512E-02
1.4280E+01  1.0280E+01  4.3151E-02
1.4320E+01  1.0320E+01  4.2794E-02
1.4360E+01  1.0360E+01  4.2442E-02
1.4400E+01  1.0400E+01  4.2093E-02
1.4440E+01  1.0440E+01  4.1747E-02
1.4480E+01  1.0480E+01  4.1406E-02
1.4520E+01  1.0520E+01  4.1068E-02
1.4560E+01  1.0560E+01  4.0734E-02
1.4600E+01  1.0600E+01  4.0403E-02
1.4640E+01  1.0640E+01  4.0076E-02
1.4680E+01  1.0680E+01  3.9752E-02
1.4720E+01  1.0720E+01  3.9432E-02
1.4760E+01  1.0760E+01  3.9115E-02
1.4800E+01  1.0800E+01  3.8801E-02
1.4840E+01  1.0840E+01  3.8491E-02
1.4880E+01  1.0880E+01  3.8184E-02
1.4920E+01  1.0920E+01  3.7880E-02
1.4960E+01  1.0960E+01  3.7580E-02
1.5000E+01  1.1000E+01  3.7282E-02
1.5040E+01  1.1040E+01  3.6988E-02
1.5080E+01  1.1080E+01  3.6697E-02
1.5120E+01  1.1120E+01  3.6408E-02
1.5160E+01  1.1160E+01  3.6123E-02
1.5200E+01  1.1200E+01  3.5840E-02
1.5240E+01  1.1240E+01  3.5561E-02
1.5280E+01  1.1280E+01  3.5284E-02
1.5320E+01  1.1320E+01  3.5010E-02
1.5360E+01  1.1360E+01  3.4739E-02
1.5400E+01  1.1400E+01  3.4471E-02
1.5440E+01  1.1440E+01  3.4205E-02
1.5480E+01  1.1480E+01  3.3942E-02
1.5520E+01  1.1520E+01  3.3682E-02
1.5560E+01  1.1560E+01  3.3425E-02
1.5600E+01  1.1600E+01  3.3170E-02
1.5640E+01  1.1640E+01  3.2917E-02
1.5680E+01  1.1680E+01  3.2667E-02
1.5720E+01  1.1720E+01  3.2420E-02
1.5760E+01  1.1760E+01  3.2175E-02
1.5800E+01  1.1800E+01  3.1932E-02
1.5840E+01  1.1840E+01  3.1692E-02
1.5880E+01  1.1880E+01  3.1454E-02
1.5920E+01  1.1920E+01  3.1218E-02
1.5960E+01  1.1960E+01  3.0985E-02
1.6000E+01  1.2000E+01  3.0754E-02
1.6040E+01  1.2040E+01  3.0526E-02
1.6080E+01  1.2080E+01  3.0299E-02
1.6120E+01  1.2120E+01  3.0075E-02
1.6160E+01  1.2160E+01  2.9853E-02
1.6200E+01  1.2200E+01  2.9633E-02
1.6240E+01  1.2240E+01  2.9415E-02
1.6280E+01  1.2280E+01  2.9200E-02
1.6320E+01  1.2320E+01  2.8986E-02
1.6360E+01  1.2360E+01  2.8775E-02
1.6400E+01  1.2400E+01  2.8565E-02
1.6440E+01  1.2440E+01  2.8358E-02
1.6480E+01  1.2480E+01  2.8152E-02
1.6520E+01  1.2520E+01  2.7948E-02
1.6560E+01  1.2560E+01  2.7747E-02
1.6600E+01  1.2600E+01  2.7547E-02
1.6640E+01  1.2640E+01  2.7349E-02
1.6680E+01  1.2680E+01  2.7153E-02
1.6720E+01  1.2720E+01  2.6959E-02
1.6760E+01  1.2760E+01  2.6767E-02
1.6800E+01  1.2800E+01  2.6576E-02
1.6840E+01  1.2840E+01  2.6387E-02
1.6880E+01  1.2880E+01  2.6200E-02
1.6920E+01  1.2920E+01  2.6015E-02
1.6960E+01  1.2960E+01  2.5831E-02
1.7000E+01  1.3000E+01  2.5650E-02
1.7040E+01  1.3040E+01  2.5469E-02
1.7080E+01  1.3080E+01  2.5291E-02
1.7120E+01  1.3120E+01  2.5114E-02
1.7160E+01  1.3160E+01  2.4939E-02
1.7200E+01  1.3200E+01  2.4765E-02
1.7240E+01  1.3240E+01  2.4593E-02
1.7280E+01  1.3280E+01  2.4423E-02
1.7320E+01  1.3320E+01  2.4254E-02
1.7360E+01  1.3360E+01  2.4086E-02
1.7400E+01  1.3400E+01  2.3920E-02
1.7440E+01  1.3440E+01  2.3756E-02
1.7480E+01  1.3480E+01  2.3593E-02
1.7520E+01  1.3520E+01  2.3431E-02
1.7560E+01  1.3560E+01  2.3271E-02
1.7600E+01  1.3600E+01  2.3113E-02
1.7640E+01  1.3640E+01  2.2956E-02
1.7680E+01  1.3680E+01  2.2800E-02
1.7720E+01  1.3720E+01  2.2646E-02
1.7760E+01  1.3760E+01  2.2493E-02
1.7800E+01  1.3800E+01  2.2341E-02
1.7840E+01  1.3840E+01  2.2191E-02
1.7880E+01  1.3880E+01  2.2042E-02
1.7920E+01  1.3920E+01  2.1894E-02
1.7960E+01  1.3960E+01  2.1748E-02
1.8000E+01  1.4000E+01  2.1602E-02
1.8040E+01  1.4040E+01  2.1459E-02
1.8080E+01  1.4080E+01  2.1316E-02
1.8120E+01  1.4120E+01  2.1175E-02
1.8160E+01  1.4160E+01  2.1035E-02
1.8200E+01  1.4200E+01  2.0896E-02
1.8240E+01  1.4240E+01  2.0758E-02
1.8280E+01  1.4280E+01  2.0621E-02
1.8320E+01  1.4320E+01  2.0486E-02
1.8360E+01  1.4360E+01  2.0352E-02
1.8400E+01  1.4400E+01  2.0219E-02
1.8440E+01  1.4440E+01  2.0087E-02
1.8480E+01  1.4480E+01  1.9956E-02
1.8520E+01  1.4520E+01  1.9827E-02
1.8560E+01  1.4560E+01  1.9698E-02
1.8600E+01  1.4600E+01  1.9571E-02
1.8640E+01  1.4640E+01  1.9444E-02
1.8680E+01  1.4680E+01  1.9319E-02
1.8720E+01  1.4720E+01  1.9195E-02
1.8760E+01  1.4760E+01  1.9072E-02
1.8800E+01  1.4800E+01  1.8950E-02
1.8840E+01  1.4840E+01  1.8828E-02
1.8880E+01  1.4880E+01  1.8708E-02
1.8920E+01  1.4920E+01  1.8589E-02
1.8960E+01  1.4960E+01  1.8471E-02
1.9000E+01  1.5000E+01  1.8354E-02
1.9040E+01  1.5040E+01  1.8238E-02
1.9080E+01  1.5080E+01  1.8123E-02
1.9120E+01  1.5120E+01  1.8008E-02
1.9160E+01  1.5160E+01  1.7895E-02
1.9200E+01  1.5200E+01  1.7783E-02
1.9240E+01  1.5240E+01  1.7671E-02
1.9280E+01  1.5280E+01  1.7561E-02
1.9320E+01  1.5320E+01  1.7451E-02
1.9360E+01  1.5360E+01  1.7342E-02
1.9400E+01  1.5400E+01  1.7235E-02
1.9440E+01  1.5440E+01  1.7128E-02
1.9480E+01  1.5480E+01  1.7022E-02
1.9520E+01  1.5520E+01  1.6916E-02
1.9560E+01  1.5560E+01  1.6812E-02
1.9600E+01  1.5600E+01  1.6708E-02
1.9640E+01  1.5640E+01  1.6606E-02
1.9680E+01  1.5680E+01  1.6504E-02
1.9720E+01  1.5720E+01  1.6403E-02
1.9760E+01  1.5760E+01  1.6302E-02
1.9800E+01  1.5800E+01  1.6203E-02
1.9840E+01  1.5840E+01  1.6104E-02
1.9880E+01  1.5880E+01  1.6007E-02
1.9920E+01  1.5920E+01  1.5909E-02
1.9960E+01  1.5960E+01  1.5813E-02
2.0000E+01  1.6000E+01  1.5718E-02
2.0040E+01  1.6040E+01  1.5623E-02
2.0080E+01  1.6080E+01  1.5529E-02
2.0120E+01  1.6120E+01  1.5435E-02
2.0160E+01  1.6160E+01  1.5343E-02
2.0200E+01  1.6200E+01  1.5251E-02
2.0240E+01  1.6240E+01  1.5160E-02
2.0280E+01  1.6280E+01  1.5070E-02
2.0320E+01  1.6320E+01  1.4980E-02
2.0360E+01  1.6360E+01  1.4891E-02
2.0400E+01  1.6400E+01  1.4803E-02
2.0440E+01  1.6440E+01  1.4715E-02
2.0480E+01  1.6480E+01  1.4628E-02
2.0520E+01  1.6520E+01  1.4542E-02
2.0560E+01  1.6560E+01  1.4456E-02
2.0600E+01  1.6600E+01  1.4371E-02
2.0640E+01  1.6640E+01  1.4287E-02
2.0680E+01  1.6680E+01  1.4203E-02
2.0720E+01  1.6720E+01  1.4120E-02
2.0760E+01  1.6760E+01  1.4038E-02
2.0800E+01  1.6800E+01  1.3956E-02
2.0840E+01  1.6840E+01  1.3875E-02
2.0880E+01  1.6880E+01  1.3794E-02
2.0920E+01  1.6920E+01  1.3715E-02
2.0960E+01  1.6960E+01  1.3635E-02
2.1000E+01  1.7000E+01  1.3557E-02
2.1040E+01  1.7040E+01  1.3478E-02
2.1080E+01  1.7080E+01  1.3401E-02
2.1120E+01  1.7120E+01  1.3324E-02
2.1160E+01  1.7160E+01  1.3248E-02
2.1200E+01  1.7200E+01  1.3172E-02
2.1240E+01  1.7240E+01  1.3097E-02
2.1280E+01  1.7280E+01  1.3022E-02
2.1320E+01  1.7320E+01  1.2948E-02
2.1360E+01  1.7360E+01  1.2875E-02
2.1400E+01  1.7400E+01  1.2802E-02
2.1440E+01  1.7440E+01  1.2729E-02
2.1480E+01  1.7480E+01  1.2657E-02
2.1520E+01  1.7520E+01  1.2586E-02
2.1560E+01  1.7560E+01  1.2515E-02
2.1600E+01  1.7600E+01  1.2445E-02
2.1640E+01  1.7640E+01  1.2375E-02
2.1680E+01  1.7680E+01  1.2306E-02
2.1720E+01  1.7720E+01  1.2237E-02
2.1760E+01  1.7760E+01  1.2168E-02
2.1800E+01  1.7800E+01  1.2101E-02
2.1840E+01  1.7840E+01  1.2033E-02
2.1880E+01  1.7880E+01  1.1967E-02
2.1920E+01  1.7920E+01  1.1900E-02
2.1960E+01  1.7960E+01  1.1834E-02
2.2000E+01  1.8000E+01  1.1769E-02
2.2040E+01  1.8040E+01  1.1704E-02
2.2080E+01  1.8080E+01  1.1640E-02
2.2120E+01  1.8120E+01  1.1576E-02
2.2160E+01  1.8160E+01  1.1512E-02
2.2200E+01  1.8200E+01  1.1449E-02
2.2240E+01  1.8240E+01  1.1387E-02
2.2280E+01  1.8280E+01  1.1325E-02
2.2320E+01  1.8320E+01  1.1263E-02
2.2360E+01  1.8360E+01  1.1202E-02
2.2400E+01  1.8400E+01  1.1141E-02
2.2440E+01  1.8440E+01  1.1080E-02
2.2480E+01  1.8480E+01  1.1020E-02
2.2520E+01  1.8520E+01  1.0961E-02
2.2560E+01  1.8560E+01  1.0902E-02
2.2600E+01  1.8600E+01  1.0843E-02
2.2640E+01  1.8640E+01  1.0785E-02
2.2680E+01  1.8680E+01  1.0727E-02
2.2720E+01  1.8720E+01  1.0669E-02
2.2760E+01  1.8760E+01  1.0612E-02
2.2800E+01  1.8800E+01  1.0556E-02
2.2840E+01  1.8840E+01  1.0499E-02
2.2880E+01  1.8880E+01  1.0444E-02
2.2920E+01  1.8920E+01  1.0388E-02
2.2960E+01  1.8960E+01  1.0333E-02
2.3000E+01  1.9000E+01  1.0278E-02
2.3040E+01  1.9040E+01  1.0224E-02
2.3080E+01  1.9080E+01  1.0170E-02
2.3120E+01  1.9120E+01  1.0116E-02
2.3160E+01  1.9160E+01  1.0063E-02
2.3200E+01  1.9200E+01  1.0010E-02
2.3240E+01  1.9240E+01  9.9578E-03
2.3280E+01  1.9280E+01  9.9057E-03
2.3320E+01  1.9320E+01  9.8539E-03
2.3360E+01  1.9360E+01  9.8025E-03
2.3400E+01  1.9400E+01  9.7514E-03
2.3440E+01  1.9440E+01  9.7007E-03
2.3480E+01  1.9480E+01  9.6503E-03
2.3520E+01  1.9520E+01  9.6003E-03
2.3560E+01  1.9560E+01  9.5506E-03
2.3600E+01  1.9600E+01  9.5012E-03
2.3640E+01  1.9640E+01  9.4522E-03
2.3680E+01  1.9680E+01  9.4035E-03
2.3720E+01  1.9720E+01  9.3551E-03
2.3760E+01  1.9760E+01  9.3071E-03
2.3800E+01  1.9800E+01  9.2593E-03
2.3840E+01  1.9840E+01  9.2120E-03
2.3880E+01  1.9880E+01  9.1649E-03
2.3920E+01  1.9920E+01  9.1181E-03
2.3960E+01  1.9960E+01  9.0716E-03
2.4000E+01  2.0000E+01  9.0255E-03
2.4040E+01  2.0040E+01  8.9797E-03
2.4080E+01  2.0080E+01  8.9341E-03
2.4120E+01  2.0120E+01  8.8889E-03
2.4160E+01  2.0160E+01  8.8440E-03
2.4200E+01  2.0200E+01  8.7993E-03
2.4240E+01  2.0240E+01  8.7550E-03
2.4280E+01  2.0280E+01  8.7109E-03
2.4320E+01  2.0320E+01  8.6672E-03
2.4360E+01  2.0360E+01  8.6237E-03
2.4400E+01  2.0400E+01  8.5805E-03
2.4440E+01  2.0440E+01  8.5376E-03
2.4480E+01  2.0480E+01  8.4950E-03
2.4520E+01  2.0520E+01  8.4526E-03
2.4560E+01  2.0560E+01  8.4106E-03
2.4600E+01  2.0600E+01  8.3688E-03
2.4640E+01  2.0640E+01  8.3273E-03
2.4680E+01  2.0680E+01  8.2860E-03
2.4720E+01  2.0720E+01  8.2450E-03
2.4760E+01  2.0760E+01  8.2043E-03
2.4800E+01  2.0800E+01  8.1638E-03
2.4840E+01  2.0840E+01  8.1236E-03
2.4880E+01  2.0880E+01  8.0837E-03
2.4920E+01  2.0920E+01  8.0440E-03
2.4960E+01  2.0960E+01  8.0046E-03
2.5000E+01  2.1000E+01  7.9654E-03
2.5040E+01  2.1040E+01  7.9265E-03
2.5080E+01  2.1080E+01  7.8878E-03
2.5120E+01  2.1120E+01  7.8494E-03
2.5160E+01  2.1160E+01  7.8112E-03
2.5200E+01  2.1200E+01  7.7733E-03
2.5240E+01  2.1240E+01  7.7356E-03
2.5280E+01  2.1280E+01  7.6981E-03
2.5320E+01  2.1320E+01  7.6609E-03
2.5360E+01  2.1360E+01  7.6239E-03
2.5400E+01  2.1400E+01  7.5871E-03
2.5440E+01  2.1440E+01  7.5506E-03
2.5480E+01  2.1480E+01  7.5143E-03
2.5520E+01  2.1520E+01  7.4783E-03
2.5560E+01  2.1560E+01  7.4424E-03
2.5600E+01  2.1600E+01  7.4068E-03
2.5640E+01  2.1640E+01  7.3714E-03
2.5680E+01  2.1680E+01  7.3362E-03
2.5720E+01  2.1720E+01  7.3013E-03
2.5760E+01  2.1760E+01  7.2666E-03
2.5800E+01  2.1800E+01  7.2320E-03
2.5840E+01  2.1840E+01  7.1977E-03
2.5880E+01  2.1880E+01  7.1636E-03
2.5920E+01  2.1920E+01  7.1298E-03
2.5960E+01  2.1960E+01  7.0961E-03
2.6000E+01  2.2000E+01  7.0626E-03
2.6040E+01  2.2040E+01  7.0294E-03
2.6080E+01  2.2080E+01  6.9963E-03
2.6120E+01  2.2120E+01  6.9635E-03
2.6160E+01  2.2160E+01  6.9308E-03
2.6200E+01  2.2200E+01  6.8984E-03
2.6240E+01  2.2240E+01  6.8661E-03
2.6280E+01  2.2280E+01  6.8341E-03
2.6320E+01  2.2320E+01  6.8022E-03
2.6360E+01  2.2360E+01  6.7706E-03
2.6400E+01  2.2400E+01  6.7391E-03
2.6440E+01  2.2440E+01  6.7078E-03
2.6480E+01  2.2480E+01  6.6767E-03
2.6520E+01  2.2520E+01  6.6458E-03
2.6560E+01  2.2560E+01  6.6151E-03
2.6600E+01  2.2600E+01  6.5846E-03
2.6640E+01  2.2640E+01  6.5543E-03
2.6680E+01  2.2680E+01  6.5241E-03
2.6720E+01  2.2720E+01  6.4941E-03
2.6760E+01  2.2760E+01  6.4643E-03
2.6800E+01  2.2800E+01  6.4347E-03
2.6840E+01  2.2840E+01  6.4053E-03
2.6880E+01  2.2880E+01  6.3760E-03
2.6920E+01  2.2920E+01  6.3469E-03
2.6960E+01  2.2960E+01  6.3180E-03
2.7000E+01  2.3000E+01  6.2892E-03
2.7040E+01  2.3040E+01  6.2607E-03
2.7080E+01  2.3080E+01  6.2323E-03
2.7120E+01  2.3120E+01  6.2040E-03
2.7160E+01  2.3160E+01  6.1759E-03
2.7200E+01  2.3200E+01  6.1480E-03
2.7240E+01  2.3240E+01  6.1203E-03
2.7280E+01  2.3280E+01  6.0927E-03
2.7320E+01  2.3320E+01  6.0653E-03
2.7360E+01  2.3360E+01  6.0381E-03
2.7400E+01  2.3400E+01  6.0110E-03
2.7440E+01  2.3440E+01  5.9840E-03
2.7480E+01  2.3480E+01  5.9573E-03
2.7520E+01  2.3520E+01  5.9306E-03
2.7560E+01  2.3560E+01  5.9042E-03
2.7600E+01  2.3600E+01  5.8779E-03
2.7640E+01  2.3640E+01  5.8517E-03
2.7680E+01  2.3680E+01  5.8257E-03
2.7720E+01  2.3720E+01  5.7999E-03
2.7760E+01  2.3760E+01  5.7742E-03
2.7800E+01  2.3800E+01  5.7486E-03
2.7840E+01  2.3840E+01  5.7232E-03
2.7880E+01  2.3880E+01  5.6979E-03
2.7920E+01  2.3920E+01  5.6728E-03
2.7960E+01  2.3960E+01  5.6479E-03
2.8000E+01  2.4000E+01  5.6230E-03
2.8040E+01  2.4040E+01  5.5983E-03
2.8080E+01  2.4080E+01  5.5738E-03
2.8120E+01  2.4120E+01  5.5494E-03
2.8160E+01  2.4160E+01  5.5251E-03
2.8200E+01  2.4200E+01  5.5010E-03
2.8240E+01  2.4240E+01  5.4770E-03
2.8280E+01  2.4280E+01  5.4532E-03
2.8320E+01  2.4320E+01  5.4295E-03
2.8360E+01  2.4360E+01  5.4059E-03
2.8400E+01  2.4400E+01  5.3824E-03
2.8440E+01  2.4440E+01  5.3591E-03
2.8480E+01  2.4480E+01  5.3360E-03
2.8520E+01  2.4520E+01  5.3129E-03
2.8560E+01  2.4560E+01  5.2900E-03
2.8600E+01  2.4600E+01  5.2672E-03
2.8640E+01  2.4640E+01  5.2445E-03
2.8680E+01  2.4680E+01  5.2220E-03
2.8720E+01  2.4720E+01  5.1996E-03
2.8760E+01  2.4760E+01  5.1773E-03
2.8800E+01  2.4800E+01  5.1552E-03
2.8840E+01  2.4840E+01  5.1331E-03
2.8880E+01  2.4880E+01  5.1112E-03
2.8920E+01  2.4920E+01  5.0894E-03
2.8960E+01  2.4960E+01  5.0678E-03
2.9000E+01  2.5000E+01  5.0462E-03
2.9040E+01  2.5040E+01  5.0248E-03
2.9080E+01  2.5080E+01  5.0035E-03
2.9120E+01  2.5120E+01  4.9823E-03
2.9160E+01  2.5160E+01  4.9612E-03
2.9200E+01  2.5200E+01  4.9403E-03
2.9240E+01  2.5240E+01  4.9194E-03
2.9280E+01  2.5280E+01  4.8987E-03
2.9320E+01  2.5320E+01  4.8781E-03
2.9360E+01  2.5360E+01  4.8576E-03
2.9400E+01  2.5400E+01  4.8372E-03
2.9440E+01  2.5440E+01  4.8169E-03
2.9480E+01  2.5480E+01  4.7968E-03
2.9520E+01  2.5520E+01  4.7767E-03
2.9560E+01  2.5560E+01  4.7568E-03
2.9600E+01  2.5600E+01  4.7369E-03
2.9640E+01  2.5640E+01  4.7172E-03
2.9680E+01  2.5680E+01  4.6976E-03
2.9720E+01  2.5720E+01  4.6781E-03
2.9760E+01  2.5760E+01  4.6587E-03
2.9800E+01  2.5800E+01  4.6394E-03
2.9840E+01  2.5840E+01  4.6202E-03
2.9880E+01  2.5880E+01  4.6011E-03
2.9920E+01  2.5920E+01  4.5821E-03
2.9960E+01  2.5960E+01  4.5632E-03
3.0000E+01  2.6000E+01  4.5444E-03
3.0040E+01  2.6040E+01  4.5257E-03
3.0080E+01  2.6080E+01  4.5071E-03
3.0120E+01  2.6120E+01  4.4887E-03
3.0160E+01  2.6160E+01  4.4703E-03
3.0200E+01  2.6200E+01  4.4520E-03
3.0240E+01  2.6240E+01  4.4338E-03
3.0280E+01  2.6280E+01  4.4157E-03
3.0320E+01  2.6320E+01  4.3977E-03
3.0360E+01  2.6360E+01  4.3798E-03
3.0400E+01  2.6400E+01  4.3620E-03
3.0440E+01  2.6440E+01  4.3443E-03
3.0480E+01  2.6480E+01  4.3267E-03
3.0520E+01  2.6520E+01  4.3091E-03
3.0560E+01  2.6560E+01  4.2917E-03
3.0600E+01  2.6600E+01  4.2744E-03
3.0640E+01  2.6640E+01  4.2571E-03
3.0680E+01  2.6680E+01  4.2400E-03
3.0720E+01  2.6720E+01  4.2229E-03
3.0760E+01  2.6760E+01  4.2059E-03
3.0800E+01  2.6800E+01  4.1890E-03
3.0840E+01  2.6840E+01  4.1722E-03
3.0880E+01  2.6880E+01  4.1555E-03
3.0920E+01  2.6920E+01  4.1389E-03
3.0960E+01  2.6960E+01  4.1224E-03
3.1000E+01  2.7000E+01  4.1059E-03
3.1040E+01  2.7040E+01  4.0896E-03
3.1080E+01  2.7080E+01  4.0733E-03
3.1120E+01  2.7120E+01  4.0571E-03
3.1160E+01  2.7160E+01  4.0410E-03
3.1200E+01  2.7200E+01  4.0249E-03
3.1240E+01  2.7240E+01  4.0090E-03
3.1280E+01  2.7280E+01  3.9931E-03
3.1320E+01  2.7320E+01  3.9773E-03
3.1360E+01  2.7360E+01  3.9617E-03
3.1400E+01  2.7400E+01  3.9460E-03
3.1440E+01  2.7440E+01  3.9305E-03
3.1480E+01  2.7480E+01  3.9150E-03
3.1520E+01  2.7520E+01  3.8997E-03
3.1560E+01  2.7560E+01  3.8844E-03
3.1600E+01  2.7600E+01  3.8691E-03
3.1640E+01  2.7640E+01  3.8540E-03
3.1680E+01  2.7680E+01  3.8389E-03
3.1720E+01  2.7720E+01  3.8239E-03
3.1760E+01  2.7760E+01  3.8090E-03
3.1800E+01  2.7800E+01  3.7942E-03
3.1840E+01  2.7840E+01  3.7794E-03
3.1880E+01  2.7880E+01  3.7647E-03
3.1920E+01  2.7920E+01  3.7501E-03
3.1960E+01  2.7960E+01  3.7356E-03
3.2000E+01  2.8000E+01  3.7211E-03
3.2040E+01  2.8040E+01  3.7067E-03
3.2080E+01  2.8080E+01  3.6924E-03
3.2120E+01  2.8120E+01  3.6782E-03
3.2160E+01  2.8160E+01  3.6640E-03
3.2200E+01  2.8200E+01  3.6499E-03
3.2240E+01  2.8240E+01  3.6359E-03
3.2280E+01  2.8280E+01  3.6219E-03
3.2320E+01  2.8320E+01  3.6080E-03
3.2360E+01  2.8360E+01  3.5942E-03
3.2400E+01  2.8400E+01  3.5804E-03
3.2440E+01  2.8440E+01  3.5668E-03
3.2480E+01  2.8480E+01  3.5531E-03
3.2520E+01  2.8520E+01  3.5396E-03
3.2560E+01  2.8560E+01  3.5261E-03
3.2600E+01  2.8600E+01  3.5127E-03
3.2640E+01  2.8640E+01  3.4994E-03
3.2680E+01  2.8680E+01  3.4861E-03
3.2720E+01  2.8720E+01  3.4729E-03
3.2760E+01  2.8760E+01  3.4597E-03
3.2800E+01  2.8800E+01  3.4466E-03
3.2840E+01  2.8840E+01  3.4336E-03
3.2880E+01  2.8880E+01  3.4206E-03
3.2920E+01  2.8920E+01  3.4078E-03
3.2960E+01  2.8960E+01  3.3949E-03
3.3000E+01  2.9000E+01  3.3822E-03
3.3040E+01  2.9040E+01  3.3695E-03
3.3080E+01  2.9080E+01  3.3568E-03
3.3120E+01  2.9120E+01  3.3442E-03
3.3160E+01  2.9160E+01  3.3317E-03
3.3200E+01  2.9200E+01  3.3193E-03
3.3240E+01  2.9240E+01  3.3069E-03
3.3280E+01  2.9280E+01  3.2945E-03
3.3320E+01  2.9320E+01  3.2823E-03
3.3360E+01  2.9360E+01  3.2700E-03
3.3400E+01  2.9400E+01  3.2579E-03
3.3440E+01  2.9440E+01  3.2458E-03
3.3480E+01  2.9480E+01  3.2337E-03
3.3520E+01  2.9520E+01  3.2218E-03
3.3560E+01  2.9560E+01  3.2098E-03
3.3600E+01  2.9600E+01  3.1980E-03
3.3640E+01  2.9640E+01  3.1862E-03
3.3680E+01  2.9680E+01  3.1744E-03
3.3720E+01  2.9720E+01  3.1627E-03
3.3760E+01  2.9760E+01  3.1511E-03
3.3800E+01  2.9800E+01  3.1395E-03
3.3840E+01  2.9840E+01  3.1280E-03
3.3880E+01  2.9880E+01  3.1165E-03
3.3920E+01  2.9920E+01  3.1051E-03
3.3960E+01  2.9960E+01  3.0937E-03
3.4000E+01  3.0000E+01  3.0824E-03
3.4040E+01  3.0040E+01  3.0712E-03
3.4080E+01  3.0080E+01  3.0600E-03
3.4120E+01  3.0120E+01  3.0488E-03
3.4160E+01  3.0160E+01  3.0377E-03
3.4200E+01  3.0200E+01  3.0267E-03
3.4240E+01  3.0240E+01  3.0157E-03
3.4280E+01  3.0280E+01  3.0048E-03
3.4320E+01  3.0320E+01  2.9939E-03
3.4360E+01  3.0360E+01  2.9831E-03
3.4400E+01  3.0400E+01  2.9723E-03
3.4440E+01  3.0440E+01  2.9615E-03
3.4480E+01  3.0480E+01  2.9509E-03
3.4520E+01  3.0520E+01  2.9402E-03
3.4560E+01  3.0560E+01  2.9297E-03
3.4600E+01  3.0600E+01  2.9191E-03
3.4640E+01  3.0640E+01  2.9086E-03
3.4680E+01  3.0680E+01  2.8982E-03
3.4720E+01  3.0720E+01  2.8878E-03
3.4760E+01  3.0760E+01  2.8775E-03
3.4800E+01  3.0800E+01  2.8672E-03
3.4840E+01  3.0840E+01  2.8570E-03
3.4880E+01  3.0880E+01  2.8468E-03
3.4920E+01  3.0920E+01  2.8366E-03
3.4960E+01  3.0960E+01  2.8265E-03
3.5000E+01  3.1000E+01  2.8165E-03
3.5040E+01  3.1040E+01  2.8065E-03
3.5080E+01  3.1080E+01  2.7965E-03
3.5120E+01  3.1120E+01  2.7866E-03
3.5160E+01  3.1160E+01  2.7767E-03
3.5200E+01  3.1200E+01  2.7669E-03
3.5240E+01  3.1240E+01  2.7572E-03
3.5280E+01  3.1280E+01  2.7474E-03
3.5320E+01  3.1320E+01  2.7377E-03
3.5360E+01  3.1360E+01  2.7281E-03
3.5400E+01  3.1400E+01  2.7185E-03
3.5440E+01  3.1440E+01  2.7090E-03
3.5480E+01  3.1480E+01  2.6995E-03
3.5520E+01  3.1520E+01  2.6900E-03
3.5560E+01  3.1560E+01  2.6806E-03
3.5600E+01  3.1600E+01  2.6712E-03
3.5640E+01  3.1640E+01  2.6619E-03
3.5680E+01  3.1680E+01  2.6526E-03
3.5720E+01  3.1720E+01  2.6433E-03
3.5760E+01  3.1760E+01  2.6341E-03
3.5800E+01  3.1800E+01  2.6249E-03
3.5840E+01  3.1840E+01  2.6158E-03
3.5880E+01  3.1880E+01  2.6067E-03
3.5920E+01  3.1920E+01  2.5977E-03
3.5960E+01  3.1960E+01  2.5887E-03
3.6000E+01  3.2000E+01  2.5797E-03
3.6040E+01  3.2040E+01  2.5708E-03
3.6080E+01  3.2080E+01  2.5619E-03
3.6120E+01  3.2120E+01  2.5531E-03
3.6160E+01  3.2160E+01  2.5443E-03
3.6200E+01  3.2200E+01  2.5355E-03
3.6240E+01  3.2240E+01  2.5268E-03
3.6280E+01  3.2280E+01  2.5181E-03
3.6320E+01  3.2320E+01  2.5095E-03
3.6360E+01  3.2360E+01  2.5009E-03
3.6400E+01  3.2400E+01  2.4923E-03
3.6440E+01  3.2440E+01  2.4838E-03
3.6480E+01  3.2480E+01  2.4753E-03
3.6520E+01  3.2520E+01  2.4669E-03
3.6560E+01  3.2560E+01  2.4584E-03
3.6600E+01  3.2600E+01  2.4501E-03
3.6640E+01  3.2640E+01  2.4417E-03
3.6680E+01  3.2680E+01  2.4334E-03
3.6720E+01  3.2720E+01  2.4252E-03
3.6760E+01  3.2760E+01  2.4169E-03
3.6800E+01  3.2800E+01  2.4087E-03
3.6840E+01  3.2840E+01  2.4006E-03
3.6880E+01  3.2880E+01  2.3925E-03
3.6920E+01  3.2920E+01  2.3844E-03
3.6960E+01  3.2960E+01  2.3763E-03
3.7000E+01  3.3000E+01  2.3683E-03
3.7040E+01  3.3040E+01  2.3603E-03
3.7080E+01  3.3080E+01  2.3524E-03
3.7120E+01  3.3120E+01  2.3445E-03
3.7160E+01  3.3160E+01  2.3366E-03
3.7200E+01  3.3200E+01  2.3288E-03
3.7240E+01  3.3240E+01  2.3210E-03
3.7280E+01  3.3280E+01  2.3132E-03
3.7320E+01  3.3320E+01  2.3055E-03
3.7360E+01  3.3360E+01  2.2978E-03
3.7400E+01  3.3400E+01  2.2901E-03
3.7440E+01  3.3440E+01  2.2825E-03
3.7480E+01  3.3480E+01  2.2749E-03
3.7520E+01  3.3520E+01  2.2673E-03
3.7560E+01  3.3560E+01  2.2598E-03
3.7600E+01  3.3600E+01  2.2523E-03
3.7640E+01  3.3640E+01  2.2448E-03
3.7680E+01  3.3680E+01  2.2373E-03
3.7720E+01  3.3720E+01  2.2299E-03
3.7760E+01  3.3760E+01  2.2226E-03
3.7800E+01  3.3800E+01  2.2152E-03
3.7840E+01  3.3840E+01  2.2079E-03
3.7880E+01  3.3880E+01  2.2006E-03
3.7920E+01  3.3920E+01  2.1934E-03
3.7960E+01  3.3960E+01  2.1862E-03
3.8000E+01  3.4000E+01  2.1790E-03
3.8040E+01  3.4040E+01  2.1718E-03
3.8080E+01  3.4080E+01  2.1647E-03
3.8120E+01  3.4120E+01  2.1576E-03
3.8160E+01  3.4160E+01  2.1505E-03
3.8200E+01  3.4200E+01  2.1435E-03
3.8240E+01  3.4240E+01  2.1365E-03
3.8280E+01  3.4280E+01  2.1295E-03
3.8320E+01  3.4320E+01  2.1226E-03
3.8361E+01  3.4361E+01  2.1157E-03
3.8401E+01  3.4401E+01  2.1088E-03
3.8441E+01  3.4441E+01  2.1019E-03
3.8481E+01  3.4481E+01  2.0951E-03
3.8521E+01  3.4521E+01  2.0883E-03
3.8561E+01  3.4561E+01  2.0815E-03
3.8601E+01  3.4601E+01  2.0748E-03
3.8641E+01  3.4641E+01  2.0681E-03
3.8681E+01  3.4681E+01  2.0614E-03
3.8721E+01  3.4721E+01  2.0547E-03
3.8761E+01  3.4761E+01  2.0481E-03
3.8801E+01  3.4801E+01  2.0415E-03
3.8841E+01  3.4841E+01  2.0349E-03
3.8881E+01  3.4881E+01  2.0284E-03
3.8921E+01  3.4921E+01  2.0219E-03
3.8961E+01  3.4961E+01  2.0154E-03
3.9001E+01  3.5001E+01  2.0089E-03
3.9041E+01  3.5041E+01  2.0025E-03
3.9081E+01  3.5081E+01  1.9961E-03
3.9121E+01  3.5121E+01  1.9897E-03
3.9161E+01  3.5161E+01  1.9833E-03
3.9201E+01  3.5201E+01  1.9770E-03
3.9241E+01  3.5241E+01  1.9707E-03
3.9281E+01  3.5281E+01  1.9644E-03
3.9321E+01  3.5321E+01  1.9582E-03
3.9361E+01  3.5361E+01  1.9519E-03
3.9401E+01  3.5401E+01  1.9458E-03
3.9441E+01  3.5441E+01  1.9396E-03
3.9481E+01  3.5481E+01  1.9334E-03
3.9521E+01  3.5521E+01  1.9273E-03
3.9561E+01  3.5561E+01  1.9212E-03
3.9601E+01  3.5601E+01  1.9151E-03
3.9641E+01  3.5641E+01  1.9091E-03
3.9681E+01  3.5681E+01  1.9031E-03
3.9721E+01  3.5721E+01  1.8971E-03
3.9761E+01  3.5761E+01  1.8911E-03
3.9801E+01  3.5801E+01  1.8852E-03
3.9841E+01  3.5841E+01  1.8792E-03
3.9881E+01  3.5881E+01  1.8733E-03
3.9921E+01  3.5921E+01  1.8675E-03
3.9961E+01  3.5961E+01  1.8616E-03
4.0001E+01  3.6001E+01  1.8558E-03
4.0041E+01  3.6041E+01  1.8500E-03
4.0081E+01  3.6081E+01  1.8442E-03
4.0121E+01  3.6121E+01  1.8384E-03
4.0161E+01  3.6161E+01  1.8327E-03
4.0201E+01  3.6201E+01  1.8270E-03
4.0241E+01  3.6241E+01  1.8213E-03
4.0281E+01  3.6281E+01  1.8156E-03
4.0321E+01  3.6321E+01  1.8100E-03
4.0361E+01  3.6361E+01  1.8044E-03
4.0401E+01  3.6401E+01  1.7988E-03
4.0441E+01  3.6441E+01  1.7932E-03
4.0481E+01  3.6481E+01  1.7877E-03
4.0521E+01  3.6521E+01  1.7821E-03
4.0561E+01  3.6561E+01  1.7766E-03
4.0601E+01  3.6601E+01  1.7712E-03
4.0641E+01  3.6641E+01  1.7657E-03
4.0681E+01  3.6681E+01  1.7603E-03
4.0721E+01  3.6721E+01  1.7548E-03
4.0761E+01  3.6761E+01  1.7494E-03
4.0801E+01  3.6801E+01  1.7441E-03
4.0841E+01  3.6841E+01  1.7387E-03
4.0881E+01  3.6881E+01  1.7334E-03
4.0921E+01  3.6921E+01  1.7281E-03
4.0961E+01  3.6961E+01  1.7228E-03
4.1001E+01  3.7001E+01  1.7175E-03
4.1041E+01  3.7041E+01  1.7123E-03
4.1081E+01  3.7081E+01  1.7071E-03
4.1121E+01  3.7121E+01  1.7018E-03
4.1161E+01  3.7161E+01  1.6967E-03
4.1201E+01  3.7201E+01  1.6915E-03
4.1241E+01  3.7241E+01  1.6864E-03
4.1281E+01  3.7281E+01  1.6812E-03
4.1321E+01  3.7321E+01  1.6761E-03
4.1361E+01  3.7361E+01  1.6711E-03
4.1401E+01  3.7401E+01  1.6660E-03
4.1441E+01  3.7441E+01  1.6610E-03
4.1481E+01  3.7481E+01  1.6559E-03
4.1521E+01  3.7521E+01  1.6509E-03
4.1561E+01  3.7561E+01  1.6459E-03
4.1601E+01  3.7601E+01  1.6410E-03
4.1641E+01  3.7641E+01  1.6360E-03
4.1681E+01  3.7681E+01  1.6311E-03
4.1721E+01  3.7721E+01  1.6262E-03
4.1761E+01  3.7761E+01  1.6213E-03
4.1801E+01  3.7801E+01  1.6165E-03
4.1841E+01  3.7841E+01  1.6116E-03
4.1881E+01  3.7881E+01  1.6068E-03
4.1921E+01  3.7921E+01  1.6020E-03
4.1961E+01  3.7961E+01  1.5972E-03
4.2001E+01  3.8001E+01  1.5924E-03
4.2041E+01  3.8041E+01  1.5877E-03
4.2081E+01  3.8081E+01  1.5829E-03
4.2121E+01  3.8121E+01  1.5782E-03
4.2161E+01  3.8161E+01  1.5735E-03
4.2201E+01  3.8201E+01  1.5688E-03
4.2241E+01  3.8241E+01  1.5642E-03
4.2281E+01  3.8281E+01  1.5595E-03
4.2321E+01  3.8321E+01  1.5549E-03
4.2361E+01  3.8361E+01  1.5503E-03
4.2401E+01  3.8401E+01  1.5457E-03
4.2441E+01  3.8441E+01  1.5411E-03
4.2481E+01  3.8481E+01  1.5366E-03
4.2521E+01  3.8521E+01  1.5320E-03
4.2561E+01  3.8561E+01  1.5275E-03
4.2601E+01  3.8601E+01  1.5230E-03
4.2641E+01  3.8641E+01  1.5185E-03
4.2681E+01  3.8681E+01  1.5141E-03
4.2721E+01  3.8721E+01  1.5096E-03
4.2761E+01  3.8761E+01  1.5052E-03
4.2801E+01  3.8801E+01  1.5008E-03
4.2841E+01  3.8841E+01  1.4964E-03
4.2881E+01  3.8881E+01  1.4920E-03
4.2921E+01  3.8921E+01  1.4876E-03
4.2961E+01  3.8961E+01  1.4833E-03
4.3001E+01  3.9001E+01  1.4789E-03
4.3041E+01  3.9041E+01  1.4746E-03
4.3081E+01  3.9081E+01  1.4703E-03
4.3121E+01  3.9121E+01  1.4660E-03
4.3161E+01  3.9161E+01  1.4618E-03
4.3201E+01  3.9201E+01  1.4575E-03
4.3241E+01  3.9241E+01  1.4533E-03
4.3281E+01  3.9281E+01  1.4491E-03
4.3321E+01  3.9321E+01  1.4449E-03
4.3361E+01  3.9361E+01  1.4407E-03
4.3401E+01  3.9401E+01  1.4365E-03
4.3441E+01  3.9441E+01  1.4323E-03
4.3481E+01  3.9481E+01  1.4282E-03
4.3521E+01  3.9521E+01  1.4241E-03
4.3561E+01  3.9561E+01  1.4200E-03
4.3601E+01  3.9601E+01  1.4159E-03
4.3641E+01  3.9641E+01  1.4118E-03
4.3681E+01  3.9681E+01  1.4077E-03
4.3721E+01  3.9721E+01  1.4037E-03
4.3761E+01  3.9761E+01  1.3996E-03
4.3801E+01  3.9801E+01  1.3956E-03
4.3841E+01  3.9841E+01  1.3916E-03
4.3881E+01  3.9881E+01  1.3876E-03
4.3921E+01  3.9921E+01  1.3837E-03
4.3961E+01  3.9961E+01  1.3797E-03
